game_id,date,home,away,play_id,half,time_remaining_half,secs_remaining,secs_remaining_absolute,description,action_team,home_score,away_score,score_diff,play_length,scoring_play,foul,win_prob,naive_win_prob,home_time_out_remaining,away_time_out_remaining,home_favored_by,total_line,referees,arena_location,arena,capacity,attendance,shot_x,shot_y,shot_team,shot_outcome,shooter,assist,three_pt,free_throw,possession_before,possession_after,wrong_time
401711755,2024-11-11,The Citadel,Stetson,1,1,19:44,2384,2384,Cameron Glover made Jumper.,home,2,0,2,0,TRUE,FALSE,0.6406887552611524,0.5443630098696349,6,6,2.5,145.5,Garrick Shannon/Michael Swoboda/Landen Cammack,"Charleston, SC",McAlister Field House,NA,1051,NA,NA,The Citadel,made,Cameron Glover,NA,FALSE,FALSE,The Citadel,Stetson,FALSE
401711755,2024-11-11,The Citadel,Stetson,2,1,19:32,2372,2372,Jamie Phillips Jr. made Layup. Assisted by Jordan Wood.,away,2,2,0,12,TRUE,FALSE,0.5986743897937132,0.5,6,6,2.5,145.5,Garrick Shannon/Michael Swoboda/Landen Cammack,"Charleston, SC",McAlister Field House,NA,1051,NA,NA,Stetson,made,Jamie Phillips Jr.,Jordan Wood,FALSE,FALSE,Stetson,The Citadel,FALSE
401711755,2024-11-11,The Citadel,Stetson,3,1,19:17,2357,2357,Brody Fox made Jumper.,home,4,2,2,15,TRUE,FALSE,0.6409677984823017,0.5449396457150346,6,6,2.5,145.5,Garrick Shannon/Michael Swoboda/Landen Cammack,"Charleston, SC",McAlister Field House,NA,1051,NA,NA,The Citadel,made,Brody Fox,NA,FALSE,FALSE,The Citadel,Stetson,FALSE
401711755,2024-11-11,The Citadel,Stetson,4,1,18:57,2337,2337,Stefano Alesso Turnover.,away,4,2,2,20,FALSE,FALSE,0.64117492313788,0.545373062929666,6,6,2.5,145.5,Garrick Shannon/Michael Swoboda/Landen Cammack,"Charleston, SC",McAlister Field House,NA,1051,NA,NA,NA,NA,NA,NA,NA,NA,Stetson,The Citadel,FALSE
401711755,2024-11-11,The Citadel,Stetson,5,1,18:33,2313,2313,Foul on Jamie Phillips Jr..,away,4,2,2,24,FALSE,TRUE,0.6414231497880035,0.5458995598090786,6,6,2.5,145.5,Garrick Shannon/Michael Swoboda/Landen Cammack,"Charleston, SC",McAlister Field House,NA,1051,NA,NA,NA,NA,NA,NA,NA,NA,The Citadel,The Citadel,FALSE
401711755,2024-11-11,The Citadel,Stetson,6,1,18:27,2307,2307,Brody Fox made Jumper.,home,6,2,4,6,TRUE,FALSE,0.6827561832336488,0.5912906248001008,6,6,2.5,145.5,Garrick Shannon/Michael Swoboda/Landen Cammack,"Charleston, SC",McAlister Field House,NA,1051,NA,NA,The Citadel,made,Brody Fox,NA,FALSE,FALSE,The Citadel,Stetson,FALSE
401711755,2024-11-11,The Citadel,Stetson,7,1,18:07,2287,2287,Jordan Wood made Layup.,away,6,4,2,20,TRUE,FALSE,0.6416906928656652,0.5464770070814524,6,6,2.5,145.5,Garrick Shannon/Michael Swoboda/Landen Cammack,"Charleston, SC",McAlister Field House,NA,1051,NA,NA,Stetson,made,Jordan Wood,NA,FALSE,FALSE,Stetson,The Citadel,FALSE
401711755,2024-11-11,The Citadel,Stetson,8,1,17:47,2267,2267,Keynan Davis missed Three Point Jumper.,home,6,4,2,20,FALSE,FALSE,0.6418948395222601,0.546925639914279,6,6,2.5,145.5,Garrick Shannon/Michael Swoboda/Landen Cammack,"Charleston, SC",McAlister Field House,NA,1051,NA,NA,The Citadel,missed,Keynan Davis,NA,TRUE,FALSE,The Citadel,The Citadel,FALSE
401711755,2024-11-11,The Citadel,Stetson,9,1,17:44,2264,2264,Sola Adebisi Offensive Rebound.,home,6,4,2,3,FALSE,FALSE,0.6419253013190248,0.5469932384002621,6,6,2.5,145.5,Garrick Shannon/Michael Swoboda/Landen Cammack,"Charleston, SC",McAlister Field House,NA,1051,NA,NA,NA,NA,NA,NA,NA,NA,The Citadel,The Citadel,FALSE
401711755,2024-11-11,The Citadel,Stetson,10,1,17:40,2260,2260,Cameron Glover made Three Point Jumper. Assisted by Brody Fox.,home,9,4,5,4,TRUE,FALSE,0.7041725575612634,0.6159123803640595,6,6,2.5,145.5,Garrick Shannon/Michael Swoboda/Landen Cammack,"Charleston, SC",McAlister Field House,NA,1051,NA,NA,The Citadel,made,Cameron Glover,Brody Fox,TRUE,FALSE,The Citadel,Stetson,FALSE
401711755,2024-11-11,The Citadel,Stetson,11,1,17:17,2237,2237,Stefano Alesso missed Layup.,away,9,4,5,23,FALSE,FALSE,0.7050390005741654,0.6171560986146801,6,6,2.5,145.5,Garrick Shannon/Michael Swoboda/Landen Cammack,"Charleston, SC",McAlister Field House,NA,1051,NA,NA,Stetson,missed,Stefano Alesso,NA,FALSE,FALSE,Stetson,Stetson,FALSE
401711755,2024-11-11,The Citadel,Stetson,12,1,17:15,2235,2235,Abramo Canka Offensive Rebound.,away,9,4,5,2,FALSE,FALSE,0.70511436574552,0.6172646222032637,6,6,2.5,145.5,Garrick Shannon/Michael Swoboda/Landen Cammack,"Charleston, SC",McAlister Field House,NA,1051,NA,NA,NA,NA,NA,NA,NA,NA,Stetson,Stetson,FALSE
401711755,2024-11-11,The Citadel,Stetson,13,1,17:15,2235,2235,Abramo Canka made Layup.,away,9,6,3,0,TRUE,FALSE,0.6638705485041272,0.5712057780453408,6,6,2.5,145.5,Garrick Shannon/Michael Swoboda/Landen Cammack,"Charleston, SC",McAlister Field House,NA,1051,NA,NA,Stetson,made,Abramo Canka,NA,FALSE,FALSE,Stetson,The Citadel,FALSE
401711755,2024-11-11,The Citadel,Stetson,14,1,17:15,2235,2235,Foul on Brody Fox.,home,9,6,3,0,FALSE,TRUE,0.6638705485041272,0.5712057780453408,6,6,2.5,145.5,Garrick Shannon/Michael Swoboda/Landen Cammack,"Charleston, SC",McAlister Field House,NA,1051,NA,NA,NA,NA,NA,NA,NA,NA,Stetson,Stetson,FALSE
401711755,2024-11-11,The Citadel,Stetson,15,1,17:15,2235,2235,Abramo Canka missed Free Throw.,away,9,6,3,0,FALSE,FALSE,0.6638705485041272,0.5712057780453408,6,6,2.5,145.5,Garrick Shannon/Michael Swoboda/Landen Cammack,"Charleston, SC",McAlister Field House,NA,1051,NA,NA,Stetson,missed,Abramo Canka,NA,FALSE,TRUE,Stetson,The Citadel,FALSE
401711755,2024-11-11,The Citadel,Stetson,16,1,17:14,2234,2234,Sola Adebisi Defensive Rebound.,home,9,6,3,1,FALSE,FALSE,0.663890480641082,0.5712395449021762,6,6,2.5,145.5,Garrick Shannon/Michael Swoboda/Landen Cammack,"Charleston, SC",McAlister Field House,NA,1051,NA,NA,NA,NA,NA,NA,NA,NA,Stetson,The Citadel,FALSE
401711755,2024-11-11,The Citadel,Stetson,17,1,17:02,2222,2222,Keynan Davis made Three Point Jumper. Assisted by Sola Adebisi.,home,12,6,6,12,TRUE,FALSE,0.7251829733101451,0.6404080576134128,6,6,2.5,145.5,Garrick Shannon/Michael Swoboda/Landen Cammack,"Charleston, SC",McAlister Field House,NA,1051,NA,NA,The Citadel,made,Keynan Davis,Sola Adebisi,TRUE,FALSE,The Citadel,Stetson,FALSE
401711755,2024-11-11,The Citadel,Stetson,18,1,16:43,2203,2203,Jamie Phillips Jr. Turnover.,away,12,6,6,19,FALSE,FALSE,0.7260438983185985,0.6416210315319734,6,6,2.5,145.5,Garrick Shannon/Michael Swoboda/Landen Cammack,"Charleston, SC",McAlister Field House,NA,1051,NA,NA,NA,NA,NA,NA,NA,NA,Stetson,The Citadel,FALSE
401711755,2024-11-11,The Citadel,Stetson,19,1,16:43,2203,2203,Sola Adebisi Steal.,home,12,6,6,0,FALSE,FALSE,0.7260438983185985,0.6416210315319734,6,6,2.5,145.5,Garrick Shannon/Michael Swoboda/Landen Cammack,"Charleston, SC",McAlister Field House,NA,1051,NA,NA,NA,NA,NA,NA,NA,NA,Stetson,The Citadel,FALSE
401711755,2024-11-11,The Citadel,Stetson,20,1,16:39,2199,2199,Sola Adebisi Turnover.,home,12,6,6,4,FALSE,FALSE,0.7262250011984382,0.6418768824585637,6,6,2.5,145.5,Garrick Shannon/Michael Swoboda/Landen Cammack,"Charleston, SC",McAlister Field House,NA,1051,NA,NA,NA,NA,NA,NA,NA,NA,The Citadel,Stetson,FALSE
401711755,2024-11-11,The Citadel,Stetson,21,1,16:39,2199,2199,Abramo Canka Steal.,away,12,6,6,0,FALSE,FALSE,0.7262250011984382,0.6418768824585637,6,6,2.5,145.5,Garrick Shannon/Michael Swoboda/Landen Cammack,"Charleston, SC",McAlister Field House,NA,1051,NA,NA,NA,NA,NA,NA,NA,NA,The Citadel,Stetson,FALSE
401711755,2024-11-11,The Citadel,Stetson,22,1,16:34,2194,2194,Foul on Keynan Davis.,home,12,6,6,5,FALSE,TRUE,0.7264512797005029,0.6421969031147965,6,6,2.5,145.5,Garrick Shannon/Michael Swoboda/Landen Cammack,"Charleston, SC",McAlister Field House,NA,1051,NA,NA,NA,NA,NA,NA,NA,NA,Stetson,Stetson,FALSE
401711755,2024-11-11,The Citadel,Stetson,23,1,16:34,2194,2194,Abramo Canka missed Free Throw.,away,12,6,6,0,FALSE,FALSE,0.7264512797005029,0.6421969031147965,6,6,2.5,145.5,Garrick Shannon/Michael Swoboda/Landen Cammack,"Charleston, SC",McAlister Field House,NA,1051,NA,NA,Stetson,missed,Abramo Canka,NA,FALSE,TRUE,Stetson,Stetson,FALSE
401711755,2024-11-11,The Citadel,Stetson,24,1,16:34,2194,2194,Stetson Offensive Rebound.,away,12,6,6,0,FALSE,FALSE,0.7264512797005029,0.6421969031147965,6,6,2.5,145.5,Garrick Shannon/Michael Swoboda/Landen Cammack,"Charleston, SC",McAlister Field House,NA,1051,NA,NA,NA,NA,NA,NA,NA,NA,Stetson,Stetson,FALSE
401711755,2024-11-11,The Citadel,Stetson,25,1,16:34,2194,2194,Abramo Canka made Free Throw.,away,12,7,5,0,TRUE,FALSE,0.7066577243589615,0.6195000597994478,6,6,2.5,145.5,Garrick Shannon/Michael Swoboda/Landen Cammack,"Charleston, SC",McAlister Field House,NA,1051,NA,NA,Stetson,made,Abramo Canka,NA,FALSE,TRUE,Stetson,The Citadel,FALSE
401711755,2024-11-11,The Citadel,Stetson,26,1,16:16,2176,2176,Keynan Davis made Three Point Jumper. Assisted by Sola Adebisi.,home,15,7,8,18,TRUE,FALSE,0.7644861756212606,0.6870969812813038,6,6,2.5,145.5,Garrick Shannon/Michael Swoboda/Landen Cammack,"Charleston, SC",McAlister Field House,NA,1051,NA,NA,The Citadel,made,Keynan Davis,Sola Adebisi,TRUE,FALSE,The Citadel,Stetson,FALSE
401711755,2024-11-11,The Citadel,Stetson,27,1,16:03,2163,2163,Jordan Wood made Layup.,away,15,9,6,13,TRUE,FALSE,0.7278509434338064,0.6441853189471448,6,6,2.5,145.5,Garrick Shannon/Michael Swoboda/Landen Cammack,"Charleston, SC",McAlister Field House,NA,1051,NA,NA,Stetson,made,Jordan Wood,NA,FALSE,FALSE,Stetson,The Citadel,FALSE
401711755,2024-11-11,The Citadel,Stetson,28,1,15:45,2145,2145,Keynan Davis made Three Point Jumper. Assisted by John Adams.,home,18,9,9,18,TRUE,FALSE,0.7836678966298218,0.7105304482227061,6,6,2.5,145.5,Garrick Shannon/Michael Swoboda/Landen Cammack,"Charleston, SC",McAlister Field House,NA,1051,NA,NA,The Citadel,made,Keynan Davis,John Adams,TRUE,FALSE,The Citadel,Stetson,FALSE
401711755,2024-11-11,The Citadel,Stetson,29,1,15:30,2130,2130,Abramo Canka missed Layup.,away,18,9,9,15,FALSE,FALSE,0.7846077912276265,0.711838430222384,6,6,2.5,145.5,Garrick Shannon/Michael Swoboda/Landen Cammack,"Charleston, SC",McAlister Field House,NA,1051,NA,NA,Stetson,missed,Abramo Canka,NA,FALSE,FALSE,Stetson,Stetson,FALSE
401711755,2024-11-11,The Citadel,Stetson,30,1,15:30,2130,2130,Sola Adebisi Block.,home,18,9,9,0,FALSE,FALSE,0.7846077912276265,0.711838430222384,6,6,2.5,145.5,Garrick Shannon/Michael Swoboda/Landen Cammack,"Charleston, SC",McAlister Field House,NA,1051,NA,NA,NA,NA,NA,NA,NA,NA,Stetson,Stetson,FALSE
401711755,2024-11-11,The Citadel,Stetson,31,1,15:30,2130,2130,Stetson Offensive Rebound.,away,18,9,9,0,FALSE,FALSE,0.7846077912276265,0.711838430222384,6,6,2.5,145.5,Garrick Shannon/Michael Swoboda/Landen Cammack,"Charleston, SC",McAlister Field House,NA,1051,NA,NA,NA,NA,NA,NA,NA,NA,Stetson,Stetson,FALSE
401711755,2024-11-11,The Citadel,Stetson,32,1,15:30,2130,2130, Official TV Timeout,NA,18,9,9,0,FALSE,FALSE,0.7846077912276265,0.711838430222384,6,5,2.5,145.5,Garrick Shannon/Michael Swoboda/Landen Cammack,"Charleston, SC",McAlister Field House,NA,1051,NA,NA,NA,NA,NA,NA,NA,NA,Stetson,Stetson,FALSE
401711755,2024-11-11,The Citadel,Stetson,33,1,15:10,2110,2110,Stetson  Turnover.,away,18,9,9,20,FALSE,FALSE,0.7858624852874296,0.713588412429916,6,5,2.5,145.5,Garrick Shannon/Michael Swoboda/Landen Cammack,"Charleston, SC",McAlister Field House,NA,1051,NA,NA,NA,NA,NA,NA,NA,NA,Stetson,The Citadel,FALSE
401711755,2024-11-11,The Citadel,Stetson,34,1,14:50,2090,2090,Keynan Davis missed Three Point Jumper.,home,18,9,9,20,FALSE,FALSE,0.7871196358947573,0.7153460219370126,6,5,2.5,145.5,Garrick Shannon/Michael Swoboda/Landen Cammack,"Charleston, SC",McAlister Field House,NA,1051,NA,NA,The Citadel,missed,Keynan Davis,NA,TRUE,FALSE,The Citadel,Stetson,FALSE
401711755,2024-11-11,The Citadel,Stetson,35,1,14:48,2088,2088,Josh Massey Defensive Rebound.,away,18,9,9,2,FALSE,FALSE,0.7872455167490284,0.7155222339798432,6,5,2.5,145.5,Garrick Shannon/Michael Swoboda/Landen Cammack,"Charleston, SC",McAlister Field House,NA,1051,NA,NA,NA,NA,NA,NA,NA,NA,The Citadel,Stetson,FALSE
401711755,2024-11-11,The Citadel,Stetson,36,1,14:42,2082,2082,Mehki Ellison Turnover.,away,18,9,9,6,FALSE,FALSE,0.7876233622263523,0.7160513848987053,6,5,2.5,145.5,Garrick Shannon/Michael Swoboda/Landen Cammack,"Charleston, SC",McAlister Field House,NA,1051,NA,NA,NA,NA,NA,NA,NA,NA,Stetson,The Citadel,FALSE
401711755,2024-11-11,The Citadel,Stetson,37,1,14:26,2066,2066,Kam Roberts Turnover.,home,18,9,9,16,FALSE,FALSE,0.7886325752481339,0.7174663700960258,6,5,2.5,145.5,Garrick Shannon/Michael Swoboda/Landen Cammack,"Charleston, SC",McAlister Field House,NA,1051,NA,NA,NA,NA,NA,NA,NA,NA,The Citadel,Stetson,FALSE
401711755,2024-11-11,The Citadel,Stetson,38,1,14:08,2048,2048,Abramo Canka missed Three Point Jumper.,away,18,9,9,18,FALSE,FALSE,0.7897711581052773,0.7190654408202113,6,5,2.5,145.5,Garrick Shannon/Michael Swoboda/Landen Cammack,"Charleston, SC",McAlister Field House,NA,1051,NA,NA,Stetson,missed,Abramo Canka,NA,TRUE,FALSE,Stetson,The Citadel,FALSE
401711755,2024-11-11,The Citadel,Stetson,39,1,14:06,2046,2046,Colby McAllister Defensive Rebound.,home,18,9,9,2,FALSE,FALSE,0.7898979005000516,0.7192436102117997,6,5,2.5,145.5,Garrick Shannon/Michael Swoboda/Landen Cammack,"Charleston, SC",McAlister Field House,NA,1051,NA,NA,NA,NA,NA,NA,NA,NA,Stetson,The Citadel,FALSE
401711755,2024-11-11,The Citadel,Stetson,40,1,13:55,2035,2035,Brody Fox missed Layup.,home,18,9,9,11,FALSE,FALSE,0.7905958867645972,0.7202253822861528,6,5,2.5,145.5,Garrick Shannon/Michael Swoboda/Landen Cammack,"Charleston, SC",McAlister Field House,NA,1051,NA,NA,The Citadel,missed,Brody Fox,NA,FALSE,FALSE,The Citadel,The Citadel,FALSE
401711755,2024-11-11,The Citadel,Stetson,41,1,13:55,2035,2035,Abramo Canka Block.,away,18,9,9,0,FALSE,FALSE,0.7905958867645972,0.7202253822861528,6,5,2.5,145.5,Garrick Shannon/Michael Swoboda/Landen Cammack,"Charleston, SC",McAlister Field House,NA,1051,NA,NA,NA,NA,NA,NA,NA,NA,The Citadel,The Citadel,FALSE
401711755,2024-11-11,The Citadel,Stetson,42,1,13:50,2030,2030,John Adams Offensive Rebound.,home,18,9,9,5,FALSE,FALSE,0.7909136808095297,0.7206726948309058,6,5,2.5,145.5,Garrick Shannon/Michael Swoboda/Landen Cammack,"Charleston, SC",McAlister Field House,NA,1051,NA,NA,NA,NA,NA,NA,NA,NA,The Citadel,The Citadel,FALSE
401711755,2024-11-11,The Citadel,Stetson,43,1,13:49,2029,2029,Kam Roberts missed Three Point Jumper.,home,18,9,9,1,FALSE,FALSE,0.7909772807591534,0.7207622378912956,6,5,2.5,145.5,Garrick Shannon/Michael Swoboda/Landen Cammack,"Charleston, SC",McAlister Field House,NA,1051,NA,NA,The Citadel,missed,Kam Roberts,NA,TRUE,FALSE,The Citadel,The Citadel,FALSE
401711755,2024-11-11,The Citadel,Stetson,44,1,13:47,2027,2027,Colby McAllister Offensive Rebound.,home,18,9,9,2,FALSE,FALSE,0.7911045225355501,0.7209414053182164,6,5,2.5,145.5,Garrick Shannon/Michael Swoboda/Landen Cammack,"Charleston, SC",McAlister Field House,NA,1051,NA,NA,NA,NA,NA,NA,NA,NA,The Citadel,The Citadel,FALSE
401711755,2024-11-11,The Citadel,Stetson,45,1,13:44,2024,2024,Paxton Davidson missed Three Point Jumper.,home,18,9,9,3,FALSE,FALSE,0.7912954912696368,0.7212103611341983,6,5,2.5,145.5,Garrick Shannon/Michael Swoboda/Landen Cammack,"Charleston, SC",McAlister Field House,NA,1051,NA,NA,The Citadel,missed,Paxton Davidson,NA,TRUE,FALSE,The Citadel,The Citadel,FALSE
401711755,2024-11-11,The Citadel,Stetson,46,1,13:40,2020,2020,Colby McAllister Offensive Rebound.,home,18,9,9,4,FALSE,FALSE,0.7915503180882417,0.7215693548863386,6,5,2.5,145.5,Garrick Shannon/Michael Swoboda/Landen Cammack,"Charleston, SC",McAlister Field House,NA,1051,NA,NA,NA,NA,NA,NA,NA,NA,The Citadel,The Citadel,FALSE
401711755,2024-11-11,The Citadel,Stetson,47,1,13:39,2019,2019,Colby McAllister missed Layup.,home,18,9,9,1,FALSE,FALSE,0.7916140614440238,0.7216591728753586,6,5,2.5,145.5,Garrick Shannon/Michael Swoboda/Landen Cammack,"Charleston, SC",McAlister Field House,NA,1051,NA,NA,The Citadel,missed,Colby McAllister,NA,FALSE,FALSE,The Citadel,Stetson,FALSE
401711755,2024-11-11,The Citadel,Stetson,48,1,13:39,2019,2019,Jordan Wood Block.,away,18,9,9,0,FALSE,FALSE,0.7916140614440238,0.7216591728753586,6,5,2.5,145.5,Garrick Shannon/Michael Swoboda/Landen Cammack,"Charleston, SC",McAlister Field House,NA,1051,NA,NA,NA,NA,NA,NA,NA,NA,The Citadel,Stetson,FALSE
401711755,2024-11-11,The Citadel,Stetson,49,1,13:39,2019,2019,Jordan Wood Defensive Rebound.,away,18,9,9,0,FALSE,FALSE,0.7916140614440238,0.7216591728753586,6,5,2.5,145.5,Garrick Shannon/Michael Swoboda/Landen Cammack,"Charleston, SC",McAlister Field House,NA,1051,NA,NA,NA,NA,NA,NA,NA,NA,The Citadel,Stetson,FALSE
401711755,2024-11-11,The Citadel,Stetson,50,1,13:39,2019,2019,Foul on Kam Roberts.,home,18,9,9,0,FALSE,TRUE,0.7916140614440238,0.7216591728753586,6,5,2.5,145.5,Garrick Shannon/Michael Swoboda/Landen Cammack,"Charleston, SC",McAlister Field House,NA,1051,NA,NA,NA,NA,NA,NA,NA,NA,The Citadel,Stetson,FALSE
401711755,2024-11-11,The Citadel,Stetson,51,1,13:20,2000,2000,Josh Massey missed Layup.,away,18,9,9,19,FALSE,FALSE,0.7928281082914767,0.723371141336695,6,5,2.5,145.5,Garrick Shannon/Michael Swoboda/Landen Cammack,"Charleston, SC",McAlister Field House,NA,1051,NA,NA,Stetson,missed,Josh Massey,NA,FALSE,FALSE,Stetson,The Citadel,FALSE
401711755,2024-11-11,The Citadel,Stetson,52,1,13:16,1996,1996,Brody Fox Defensive Rebound.,home,18,9,9,4,FALSE,FALSE,0.7930844378345747,0.7237329033539476,6,5,2.5,145.5,Garrick Shannon/Michael Swoboda/Landen Cammack,"Charleston, SC",McAlister Field House,NA,1051,NA,NA,NA,NA,NA,NA,NA,NA,Stetson,The Citadel,FALSE
401711755,2024-11-11,The Citadel,Stetson,53,1,13:04,1984,1984,John Adams missed Layup.,home,18,9,9,12,FALSE,FALSE,0.7938550718046298,0.7248211033831199,6,5,2.5,145.5,Garrick Shannon/Michael Swoboda/Landen Cammack,"Charleston, SC",McAlister Field House,NA,1051,NA,NA,The Citadel,missed,John Adams,NA,FALSE,FALSE,The Citadel,The Citadel,FALSE
401711755,2024-11-11,The Citadel,Stetson,54,1,13:00,1980,1980,John Adams Offensive Rebound.,home,18,9,9,4,FALSE,FALSE,0.7941125169605324,0.7251848271470787,6,5,2.5,145.5,Garrick Shannon/Michael Swoboda/Landen Cammack,"Charleston, SC",McAlister Field House,NA,1051,NA,NA,NA,NA,NA,NA,NA,NA,The Citadel,The Citadel,FALSE
401711755,2024-11-11,The Citadel,Stetson,55,1,13:00,1980,1980,John Adams missed Jumper.,home,18,9,9,0,FALSE,FALSE,0.7941125169605324,0.7251848271470787,6,5,2.5,145.5,Garrick Shannon/Michael Swoboda/Landen Cammack,"Charleston, SC",McAlister Field House,NA,1051,NA,NA,The Citadel,missed,John Adams,NA,FALSE,FALSE,The Citadel,The Citadel,FALSE
401711755,2024-11-11,The Citadel,Stetson,56,1,12:59,1979,1979,Christian Moore Offensive Rebound.,home,18,9,9,1,FALSE,FALSE,0.7941769237942381,0.7252758367235289,6,5,2.5,145.5,Garrick Shannon/Michael Swoboda/Landen Cammack,"Charleston, SC",McAlister Field House,NA,1051,NA,NA,NA,NA,NA,NA,NA,NA,The Citadel,The Citadel,FALSE
401711755,2024-11-11,The Citadel,Stetson,57,1,12:53,1973,1973,Paxton Davidson missed Jumper.,home,18,9,9,6,FALSE,FALSE,0.7945637540353667,0.7258225615069739,6,5,2.5,145.5,Garrick Shannon/Michael Swoboda/Landen Cammack,"Charleston, SC",McAlister Field House,NA,1051,NA,NA,The Citadel,missed,Paxton Davidson,NA,FALSE,FALSE,The Citadel,Stetson,FALSE
401711755,2024-11-11,The Citadel,Stetson,58,1,12:50,1970,1970,Josh Massey Defensive Rebound.,away,18,9,9,3,FALSE,FALSE,0.794757423257516,0.726096356839739,6,5,2.5,145.5,Garrick Shannon/Michael Swoboda/Landen Cammack,"Charleston, SC",McAlister Field House,NA,1051,NA,NA,NA,NA,NA,NA,NA,NA,The Citadel,Stetson,FALSE
401711755,2024-11-11,The Citadel,Stetson,59,1,12:43,1963,1963,Jordan Wood missed Three Point Jumper.,away,18,9,9,7,FALSE,FALSE,0.795209992883302,0.7267363513265841,6,5,2.5,145.5,Garrick Shannon/Michael Swoboda/Landen Cammack,"Charleston, SC",McAlister Field House,NA,1051,NA,NA,Stetson,missed,Jordan Wood,NA,TRUE,FALSE,Stetson,The Citadel,FALSE
401711755,2024-11-11,The Citadel,Stetson,60,1,12:41,1961,1961,Paxton Davidson Defensive Rebound.,home,18,9,9,2,FALSE,FALSE,0.7953394750700956,0.7269195028228207,6,5,2.5,145.5,Garrick Shannon/Michael Swoboda/Landen Cammack,"Charleston, SC",McAlister Field House,NA,1051,NA,NA,NA,NA,NA,NA,NA,NA,Stetson,The Citadel,FALSE
401711755,2024-11-11,The Citadel,Stetson,61,1,12:29,1949,1949,John Adams missed Layup.,home,18,9,9,12,FALSE,FALSE,0.7961180659475336,0.7280212242642321,6,5,2.5,145.5,Garrick Shannon/Michael Swoboda/Landen Cammack,"Charleston, SC",McAlister Field House,NA,1051,NA,NA,The Citadel,missed,John Adams,NA,FALSE,FALSE,The Citadel,The Citadel,FALSE
401711755,2024-11-11,The Citadel,Stetson,62,1,12:28,1948,1948,The Citadel Offensive Rebound.,home,18,9,9,1,FALSE,FALSE,0.7961830826204704,0.7281132547816688,6,5,2.5,145.5,Garrick Shannon/Michael Swoboda/Landen Cammack,"Charleston, SC",McAlister Field House,NA,1051,NA,NA,NA,NA,NA,NA,NA,NA,The Citadel,The Citadel,FALSE
401711755,2024-11-11,The Citadel,Stetson,63,1,12:17,1937,1937,Eze Wali missed Three Point Jumper.,home,18,9,9,11,FALSE,FALSE,0.7968996715437825,0.7291278728463951,6,5,2.5,145.5,Garrick Shannon/Michael Swoboda/Landen Cammack,"Charleston, SC",McAlister Field House,NA,1051,NA,NA,The Citadel,missed,Eze Wali,NA,TRUE,FALSE,The Citadel,Stetson,FALSE
401711755,2024-11-11,The Citadel,Stetson,64,1,12:17,1937,1937,Josh Massey Defensive Rebound.,away,18,9,9,0,FALSE,FALSE,0.7968996715437825,0.7291278728463951,6,5,2.5,145.5,Garrick Shannon/Michael Swoboda/Landen Cammack,"Charleston, SC",McAlister Field House,NA,1051,NA,NA,NA,NA,NA,NA,NA,NA,The Citadel,Stetson,FALSE
401711755,2024-11-11,The Citadel,Stetson,65,1,12:17,1937,1937,Foul on Sola Adebisi.,home,18,9,9,0,FALSE,TRUE,0.7968996715437825,0.7291278728463951,6,5,2.5,145.5,Garrick Shannon/Michael Swoboda/Landen Cammack,"Charleston, SC",McAlister Field House,NA,1051,NA,NA,NA,NA,NA,NA,NA,NA,The Citadel,Stetson,FALSE
401711755,2024-11-11,The Citadel,Stetson,66,1,12:01,1921,1921,Mehki Ellison Turnover.,away,18,9,9,16,FALSE,FALSE,0.7979441676188277,0.7306083623170417,6,5,2.5,145.5,Garrick Shannon/Michael Swoboda/Landen Cammack,"Charleston, SC",McAlister Field House,NA,1051,NA,NA,NA,NA,NA,NA,NA,NA,Stetson,The Citadel,FALSE
401711755,2024-11-11,The Citadel,Stetson,67,1,12:01,1921,1921,Sola Adebisi Steal.,home,18,9,9,0,FALSE,FALSE,0.7979441676188277,0.7306083623170417,6,5,2.5,145.5,Garrick Shannon/Michael Swoboda/Landen Cammack,"Charleston, SC",McAlister Field House,NA,1051,NA,NA,NA,NA,NA,NA,NA,NA,Stetson,The Citadel,FALSE
401711755,2024-11-11,The Citadel,Stetson,68,1,11:57,1917,1917,Sola Adebisi made Layup.,home,20,9,11,4,TRUE,FALSE,0.831632020908468,0.7723658043688483,6,5,2.5,145.5,Garrick Shannon/Michael Swoboda/Landen Cammack,"Charleston, SC",McAlister Field House,NA,1051,NA,NA,The Citadel,made,Sola Adebisi,NA,FALSE,FALSE,The Citadel,Stetson,FALSE
401711755,2024-11-11,The Citadel,Stetson,69,1,11:49,1909,1909,Foul on Eze Wali.,home,20,9,11,8,FALSE,TRUE,0.8321988130642732,0.7731706679689045,6,5,2.5,145.5,Garrick Shannon/Michael Swoboda/Landen Cammack,"Charleston, SC",McAlister Field House,NA,1051,NA,NA,NA,NA,NA,NA,NA,NA,Stetson,Stetson,FALSE
401711755,2024-11-11,The Citadel,Stetson,70,1,11:49,1909,1909, Official TV Timeout,NA,20,9,11,0,FALSE,FALSE,0.8321988130642732,0.7731706679689045,6,4,2.5,145.5,Garrick Shannon/Michael Swoboda/Landen Cammack,"Charleston, SC",McAlister Field House,NA,1051,NA,NA,NA,NA,NA,NA,NA,NA,Stetson,Stetson,FALSE
401711755,2024-11-11,The Citadel,Stetson,71,1,11:38,1898,1898,Jamie Phillips Jr. made Layup.,away,20,11,9,11,TRUE,FALSE,0.7994314312247189,0.7327247409634605,6,4,2.5,145.5,Garrick Shannon/Michael Swoboda/Landen Cammack,"Charleston, SC",McAlister Field House,NA,1051,NA,NA,Stetson,made,Jamie Phillips Jr.,NA,FALSE,FALSE,Stetson,The Citadel,FALSE
401711755,2024-11-11,The Citadel,Stetson,72,1,11:38,1898,1898,Foul on Sola Adebisi.,home,20,11,9,0,FALSE,TRUE,0.7994314312247189,0.7327247409634605,6,4,2.5,145.5,Garrick Shannon/Michael Swoboda/Landen Cammack,"Charleston, SC",McAlister Field House,NA,1051,NA,NA,NA,NA,NA,NA,NA,NA,Stetson,Stetson,FALSE
401711755,2024-11-11,The Citadel,Stetson,73,1,11:38,1898,1898,Jamie Phillips Jr. made Free Throw.,away,20,12,8,0,TRUE,FALSE,0.7808608461052897,0.7102166493883431,6,4,2.5,145.5,Garrick Shannon/Michael Swoboda/Landen Cammack,"Charleston, SC",McAlister Field House,NA,1051,NA,NA,Stetson,made,Jamie Phillips Jr.,NA,FALSE,TRUE,Stetson,The Citadel,FALSE
401711755,2024-11-11,The Citadel,Stetson,74,1,11:16,1876,1876,Cameron Glover missed Three Point Jumper.,home,20,12,8,22,FALSE,FALSE,0.782170028957466,0.7120988266004086,6,4,2.5,145.5,Garrick Shannon/Michael Swoboda/Landen Cammack,"Charleston, SC",McAlister Field House,NA,1051,NA,NA,The Citadel,missed,Cameron Glover,NA,TRUE,FALSE,The Citadel,Stetson,FALSE
401711755,2024-11-11,The Citadel,Stetson,75,1,11:14,1874,1874,Daniel Macgregor Defensive Rebound.,away,20,12,8,2,FALSE,FALSE,0.7822886482538645,0.7122697402445443,6,4,2.5,145.5,Garrick Shannon/Michael Swoboda/Landen Cammack,"Charleston, SC",McAlister Field House,NA,1051,NA,NA,NA,NA,NA,NA,NA,NA,The Citadel,Stetson,FALSE
401711755,2024-11-11,The Citadel,Stetson,76,1,11:07,1867,1867,Josh Massey missed Three Point Jumper.,away,20,12,8,7,FALSE,FALSE,0.7827034428393631,0.7128678479895341,6,4,2.5,145.5,Garrick Shannon/Michael Swoboda/Landen Cammack,"Charleston, SC",McAlister Field House,NA,1051,NA,NA,Stetson,missed,Josh Massey,NA,TRUE,FALSE,Stetson,The Citadel,FALSE
401711755,2024-11-11,The Citadel,Stetson,77,1,11:02,1862,1862,Brody Fox Defensive Rebound.,home,20,12,8,5,FALSE,FALSE,0.7829994329334082,0.7132950520786505,6,4,2.5,145.5,Garrick Shannon/Michael Swoboda/Landen Cammack,"Charleston, SC",McAlister Field House,NA,1051,NA,NA,NA,NA,NA,NA,NA,NA,Stetson,The Citadel,FALSE
401711755,2024-11-11,The Citadel,Stetson,78,1,10:52,1852,1852,Cameron Glover missed Three Point Jumper.,home,20,12,8,10,FALSE,FALSE,0.7835909317919049,0.7141496947118547,6,4,2.5,145.5,Garrick Shannon/Michael Swoboda/Landen Cammack,"Charleston, SC",McAlister Field House,NA,1051,NA,NA,The Citadel,missed,Cameron Glover,NA,TRUE,FALSE,The Citadel,Stetson,FALSE
401711755,2024-11-11,The Citadel,Stetson,79,1,10:49,1849,1849,Josh Massey Defensive Rebound.,away,20,12,8,3,FALSE,FALSE,0.7837683088107045,0.7144062064320807,6,4,2.5,145.5,Garrick Shannon/Michael Swoboda/Landen Cammack,"Charleston, SC",McAlister Field House,NA,1051,NA,NA,NA,NA,NA,NA,NA,NA,The Citadel,Stetson,FALSE
401711755,2024-11-11,The Citadel,Stetson,80,1,10:34,1834,1834,Daniel Macgregor missed Layup.,away,20,12,8,15,FALSE,FALSE,0.7846552527672396,0.7156902088686242,6,4,2.5,145.5,Garrick Shannon/Michael Swoboda/Landen Cammack,"Charleston, SC",McAlister Field House,NA,1051,NA,NA,Stetson,missed,Daniel Macgregor,NA,FALSE,FALSE,Stetson,The Citadel,FALSE
401711755,2024-11-11,The Citadel,Stetson,81,1,10:27,1827,1827,John Adams Defensive Rebound.,home,20,12,8,7,FALSE,FALSE,0.7850694775817295,0.7162905474124687,6,4,2.5,145.5,Garrick Shannon/Michael Swoboda/Landen Cammack,"Charleston, SC",McAlister Field House,NA,1051,NA,NA,NA,NA,NA,NA,NA,NA,Stetson,The Citadel,FALSE
401711755,2024-11-11,The Citadel,Stetson,82,1,10:24,1824,1824,Cameron Glover made Layup.,home,22,12,10,3,TRUE,FALSE,0.821766419087945,0.7611970955263518,6,4,2.5,145.5,Garrick Shannon/Michael Swoboda/Landen Cammack,"Charleston, SC",McAlister Field House,NA,1051,NA,NA,The Citadel,made,Cameron Glover,NA,FALSE,FALSE,The Citadel,Stetson,FALSE
401711755,2024-11-11,The Citadel,Stetson,83,1,10:14,1814,1814,Tristan Gross missed Jumper.,away,22,12,10,10,FALSE,FALSE,0.8224360387612899,0.7621587485934893,6,4,2.5,145.5,Garrick Shannon/Michael Swoboda/Landen Cammack,"Charleston, SC",McAlister Field House,NA,1051,NA,NA,Stetson,missed,Tristan Gross,NA,FALSE,FALSE,Stetson,The Citadel,FALSE
401711755,2024-11-11,The Citadel,Stetson,84,1,10:11,1811,1811,Cameron Glover Defensive Rebound.,home,22,12,10,3,FALSE,FALSE,0.8226371034615607,0.7624476055662908,6,4,2.5,145.5,Garrick Shannon/Michael Swoboda/Landen Cammack,"Charleston, SC",McAlister Field House,NA,1051,NA,NA,NA,NA,NA,NA,NA,NA,Stetson,The Citadel,FALSE
401711755,2024-11-11,The Citadel,Stetson,85,1,10:01,1801,1801,Brody Fox made Layup. Assisted by Eze Wali.,home,24,12,12,10,TRUE,FALSE,0.854857489516196,0.8030983252195597,6,4,2.5,145.5,Garrick Shannon/Michael Swoboda/Landen Cammack,"Charleston, SC",McAlister Field House,NA,1051,NA,NA,The Citadel,made,Brody Fox,Eze Wali,FALSE,FALSE,The Citadel,Stetson,FALSE
401711755,2024-11-11,The Citadel,Stetson,86,1,9:58,1798,1798,Stetson  Timeout,away,24,12,12,3,FALSE,FALSE,0.8550692238337962,0.8034027359851442,5,4,2.5,145.5,Garrick Shannon/Michael Swoboda/Landen Cammack,"Charleston, SC",McAlister Field House,NA,1051,NA,NA,NA,NA,NA,NA,NA,NA,Stetson,Stetson,FALSE
401711755,2024-11-11,The Citadel,Stetson,87,1,9:30,1770,1770,Tristan Gross made Layup.,away,24,14,10,28,TRUE,FALSE,0.825400568400519,0.7664204232515628,5,4,2.5,145.5,Garrick Shannon/Michael Swoboda/Landen Cammack,"Charleston, SC",McAlister Field House,NA,1051,NA,NA,Stetson,made,Tristan Gross,NA,FALSE,FALSE,Stetson,The Citadel,FALSE
401711755,2024-11-11,The Citadel,Stetson,88,1,9:07,1747,1747,John Adams missed Layup.,home,24,14,10,23,FALSE,FALSE,0.8269707335365916,0.7686778604958501,5,4,2.5,145.5,Garrick Shannon/Michael Swoboda/Landen Cammack,"Charleston, SC",McAlister Field House,NA,1051,NA,NA,The Citadel,missed,John Adams,NA,FALSE,FALSE,The Citadel,The Citadel,FALSE
401711755,2024-11-11,The Citadel,Stetson,89,1,9:07,1747,1747,Treyton Thompson Block.,away,24,14,10,0,FALSE,FALSE,0.8269707335365916,0.7686778604958501,5,4,2.5,145.5,Garrick Shannon/Michael Swoboda/Landen Cammack,"Charleston, SC",McAlister Field House,NA,1051,NA,NA,NA,NA,NA,NA,NA,NA,The Citadel,The Citadel,FALSE
401711755,2024-11-11,The Citadel,Stetson,90,1,9:05,1745,1745,The Citadel Offensive Rebound.,home,24,14,10,2,FALSE,FALSE,0.8271081823194328,0.7688754082492479,5,4,2.5,145.5,Garrick Shannon/Michael Swoboda/Landen Cammack,"Charleston, SC",McAlister Field House,NA,1051,NA,NA,NA,NA,NA,NA,NA,NA,The Citadel,The Citadel,FALSE
401711755,2024-11-11,The Citadel,Stetson,91,1,9:02,1742,1742,Keynan Davis missed Three Point Jumper.,home,24,14,10,3,FALSE,FALSE,0.8273146585670732,0.7691721382024537,5,4,2.5,145.5,Garrick Shannon/Michael Swoboda/Landen Cammack,"Charleston, SC",McAlister Field House,NA,1051,NA,NA,The Citadel,missed,Keynan Davis,NA,TRUE,FALSE,The Citadel,Stetson,FALSE
401711755,2024-11-11,The Citadel,Stetson,92,1,8:58,1738,1738,Abramo Canka Defensive Rebound.,away,24,14,10,4,FALSE,FALSE,0.8275905433183758,0.7695685602993796,5,4,2.5,145.5,Garrick Shannon/Michael Swoboda/Landen Cammack,"Charleston, SC",McAlister Field House,NA,1051,NA,NA,NA,NA,NA,NA,NA,NA,The Citadel,Stetson,FALSE
401711755,2024-11-11,The Citadel,Stetson,93,1,8:44,1724,1724,Foul on Paxton Davidson.,home,24,14,10,14,FALSE,TRUE,0.8285617488813475,0.7709634924250168,5,4,2.5,145.5,Garrick Shannon/Michael Swoboda/Landen Cammack,"Charleston, SC",McAlister Field House,NA,1051,NA,NA,NA,NA,NA,NA,NA,NA,Stetson,Stetson,FALSE
401711755,2024-11-11,The Citadel,Stetson,94,1,8:44,1724,1724,Jamie Phillips Jr. missed Free Throw.,away,24,14,10,0,FALSE,FALSE,0.8285617488813475,0.7709634924250168,5,4,2.5,145.5,Garrick Shannon/Michael Swoboda/Landen Cammack,"Charleston, SC",McAlister Field House,NA,1051,NA,NA,Stetson,missed,Jamie Phillips Jr.,NA,FALSE,TRUE,Stetson,The Citadel,FALSE
401711755,2024-11-11,The Citadel,Stetson,95,1,8:42,1722,1722,Brody Fox Defensive Rebound.,home,24,14,10,2,FALSE,FALSE,0.8287012480608812,0.771163764858645,5,4,2.5,145.5,Garrick Shannon/Michael Swoboda/Landen Cammack,"Charleston, SC",McAlister Field House,NA,1051,NA,NA,NA,NA,NA,NA,NA,NA,Stetson,The Citadel,FALSE
401711755,2024-11-11,The Citadel,Stetson,96,1,8:24,1704,1704,Colby McAllister missed Three Point Jumper.,home,24,14,10,18,FALSE,FALSE,0.8299660555002595,0.7729783637619339,5,4,2.5,145.5,Garrick Shannon/Michael Swoboda/Landen Cammack,"Charleston, SC",McAlister Field House,NA,1051,NA,NA,The Citadel,missed,Colby McAllister,NA,TRUE,FALSE,The Citadel,Stetson,FALSE
401711755,2024-11-11,The Citadel,Stetson,97,1,8:22,1702,1702,Treyton Thompson Defensive Rebound.,away,24,14,10,2,FALSE,FALSE,0.8301076823707665,0.7731814019034775,5,4,2.5,145.5,Garrick Shannon/Michael Swoboda/Landen Cammack,"Charleston, SC",McAlister Field House,NA,1051,NA,NA,NA,NA,NA,NA,NA,NA,The Citadel,Stetson,FALSE
401711755,2024-11-11,The Citadel,Stetson,98,1,8:11,1691,1691,Tristan Gross Turnover.,away,24,14,10,11,FALSE,FALSE,0.8308908232971222,0.7743035036053664,5,4,2.5,145.5,Garrick Shannon/Michael Swoboda/Landen Cammack,"Charleston, SC",McAlister Field House,NA,1051,NA,NA,NA,NA,NA,NA,NA,NA,Stetson,The Citadel,FALSE
401711755,2024-11-11,The Citadel,Stetson,99,1,8:11,1691,1691,Keynan Davis Steal.,home,24,14,10,0,FALSE,FALSE,0.8308908232971222,0.7743035036053664,5,4,2.5,145.5,Garrick Shannon/Michael Swoboda/Landen Cammack,"Charleston, SC",McAlister Field House,NA,1051,NA,NA,NA,NA,NA,NA,NA,NA,Stetson,The Citadel,FALSE
401711755,2024-11-11,The Citadel,Stetson,100,1,7:57,1677,1677,Brody Fox missed Layup.,home,24,14,10,14,FALSE,FALSE,0.8318787349127549,0.7757224802548477,5,4,2.5,145.5,Garrick Shannon/Michael Swoboda/Landen Cammack,"Charleston, SC",McAlister Field House,NA,1051,NA,NA,The Citadel,missed,Brody Fox,NA,FALSE,FALSE,The Citadel,Stetson,FALSE
401711755,2024-11-11,The Citadel,Stetson,101,1,7:55,1675,1675,Treyton Thompson Defensive Rebound.,away,24,14,10,2,FALSE,FALSE,0.8320173094217997,0.7759223029871439,5,4,2.5,145.5,Garrick Shannon/Michael Swoboda/Landen Cammack,"Charleston, SC",McAlister Field House,NA,1051,NA,NA,NA,NA,NA,NA,NA,NA,The Citadel,Stetson,FALSE
401711755,2024-11-11,The Citadel,Stetson,102,1,7:50,1670,1670,Foul on Colby McAllister.,home,24,14,10,5,FALSE,TRUE,0.8323611490272693,0.7764189307222354,5,4,2.5,145.5,Garrick Shannon/Michael Swoboda/Landen Cammack,"Charleston, SC",McAlister Field House,NA,1051,NA,NA,NA,NA,NA,NA,NA,NA,Stetson,Stetson,FALSE
401711755,2024-11-11,The Citadel,Stetson,103,1,7:50,1670,1670, Official TV Timeout,NA,24,14,10,0,FALSE,FALSE,0.8323611490272693,0.7764189307222354,5,3,2.5,145.5,Garrick Shannon/Michael Swoboda/Landen Cammack,"Charleston, SC",McAlister Field House,NA,1051,NA,NA,NA,NA,NA,NA,NA,NA,Stetson,Stetson,FALSE
401711755,2024-11-11,The Citadel,Stetson,104,1,7:50,1670,1670,Jordan Wood missed Free Throw.,away,24,14,10,0,FALSE,FALSE,0.8323611490272693,0.7764189307222354,5,3,2.5,145.5,Garrick Shannon/Michael Swoboda/Landen Cammack,"Charleston, SC",McAlister Field House,NA,1051,NA,NA,Stetson,missed,Jordan Wood,NA,FALSE,TRUE,Stetson,Stetson,FALSE
401711755,2024-11-11,The Citadel,Stetson,105,1,7:50,1670,1670,Stetson Offensive Rebound.,away,24,14,10,0,FALSE,FALSE,0.8323611490272693,0.7764189307222354,5,3,2.5,145.5,Garrick Shannon/Michael Swoboda/Landen Cammack,"Charleston, SC",McAlister Field House,NA,1051,NA,NA,NA,NA,NA,NA,NA,NA,Stetson,Stetson,FALSE
401711755,2024-11-11,The Citadel,Stetson,106,1,7:50,1670,1670,Jordan Wood made Free Throw.,away,24,15,9,0,TRUE,FALSE,0.8142646515404166,0.7540677902076147,5,3,2.5,145.5,Garrick Shannon/Michael Swoboda/Landen Cammack,"Charleston, SC",McAlister Field House,NA,1051,NA,NA,Stetson,made,Jordan Wood,NA,FALSE,TRUE,Stetson,The Citadel,FALSE
401711755,2024-11-11,The Citadel,Stetson,107,1,7:22,1642,1642,Keynan Davis made Layup.,home,26,15,11,28,TRUE,FALSE,0.8509348734852258,0.8000628422940845,5,3,2.5,145.5,Garrick Shannon/Michael Swoboda/Landen Cammack,"Charleston, SC",McAlister Field House,NA,1051,NA,NA,The Citadel,made,Keynan Davis,NA,FALSE,FALSE,The Citadel,Stetson,FALSE
401711755,2024-11-11,The Citadel,Stetson,108,1,7:03,1623,1623,Jordan Wood made Layup.,away,26,17,9,19,TRUE,FALSE,0.8172235604400759,0.7584075699358422,5,3,2.5,145.5,Garrick Shannon/Michael Swoboda/Landen Cammack,"Charleston, SC",McAlister Field House,NA,1051,NA,NA,Stetson,made,Jordan Wood,NA,FALSE,FALSE,Stetson,The Citadel,FALSE
401711755,2024-11-11,The Citadel,Stetson,109,1,6:55,1615,1615,Brody Fox Turnover.,home,26,17,9,8,FALSE,FALSE,0.8177098230968248,0.7591279039201287,5,3,2.5,145.5,Garrick Shannon/Michael Swoboda/Landen Cammack,"Charleston, SC",McAlister Field House,NA,1051,NA,NA,NA,NA,NA,NA,NA,NA,The Citadel,Stetson,FALSE
401711755,2024-11-11,The Citadel,Stetson,110,1,6:41,1601,1601,Mehki Ellison Turnover.,away,26,17,9,14,FALSE,FALSE,0.8185543783961883,0.7603822020615986,5,3,2.5,145.5,Garrick Shannon/Michael Swoboda/Landen Cammack,"Charleston, SC",McAlister Field House,NA,1051,NA,NA,NA,NA,NA,NA,NA,NA,Stetson,The Citadel,FALSE
401711755,2024-11-11,The Citadel,Stetson,111,1,6:20,1580,1580,Keynan Davis Turnover.,home,26,17,9,21,FALSE,FALSE,0.819814301246048,0.7622581840818782,5,3,2.5,145.5,Garrick Shannon/Michael Swoboda/Landen Cammack,"Charleston, SC",McAlister Field House,NA,1051,NA,NA,NA,NA,NA,NA,NA,NA,The Citadel,Stetson,FALSE
401711755,2024-11-11,The Citadel,Stetson,112,1,6:00,1560,1560,Daniel Macgregor missed Layup.,away,26,17,9,20,FALSE,FALSE,0.8210182739707741,0.764052125448297,5,3,2.5,145.5,Garrick Shannon/Michael Swoboda/Landen Cammack,"Charleston, SC",McAlister Field House,NA,1051,NA,NA,Stetson,missed,Daniel Macgregor,NA,FALSE,FALSE,Stetson,The Citadel,FALSE
401711755,2024-11-11,The Citadel,Stetson,113,1,5:58,1558,1558,Keynan Davis Defensive Rebound.,home,26,17,9,2,FALSE,FALSE,0.821139374167278,0.7642324641264613,5,3,2.5,145.5,Garrick Shannon/Michael Swoboda/Landen Cammack,"Charleston, SC",McAlister Field House,NA,1051,NA,NA,NA,NA,NA,NA,NA,NA,Stetson,The Citadel,FALSE
401711755,2024-11-11,The Citadel,Stetson,114,1,5:47,1547,1547,Foul on Abramo Canka.,away,26,17,9,11,FALSE,TRUE,0.8218089038424021,0.7652287562940832,5,3,2.5,145.5,Garrick Shannon/Michael Swoboda/Landen Cammack,"Charleston, SC",McAlister Field House,NA,1051,NA,NA,NA,NA,NA,NA,NA,NA,The Citadel,The Citadel,FALSE
401711755,2024-11-11,The Citadel,Stetson,115,1,5:47,1547,1547,Brody Fox missed Free Throw.,home,26,17,9,0,FALSE,FALSE,0.8218089038424021,0.7652287562940832,5,3,2.5,145.5,Garrick Shannon/Michael Swoboda/Landen Cammack,"Charleston, SC",McAlister Field House,NA,1051,NA,NA,The Citadel,missed,Brody Fox,NA,FALSE,TRUE,The Citadel,The Citadel,FALSE
401711755,2024-11-11,The Citadel,Stetson,116,1,5:47,1547,1547,The Citadel Offensive Rebound.,home,26,17,9,0,FALSE,FALSE,0.8218089038424021,0.7652287562940832,5,3,2.5,145.5,Garrick Shannon/Michael Swoboda/Landen Cammack,"Charleston, SC",McAlister Field House,NA,1051,NA,NA,NA,NA,NA,NA,NA,NA,The Citadel,The Citadel,FALSE
401711755,2024-11-11,The Citadel,Stetson,117,1,5:47,1547,1547,Brody Fox made Free Throw.,home,27,17,10,0,TRUE,FALSE,0.8402294308937227,0.7879893405697607,5,3,2.5,145.5,Garrick Shannon/Michael Swoboda/Landen Cammack,"Charleston, SC",McAlister Field House,NA,1051,NA,NA,The Citadel,made,Brody Fox,NA,FALSE,TRUE,The Citadel,Stetson,FALSE
401711755,2024-11-11,The Citadel,Stetson,118,1,5:30,1530,1530,Daniel Macgregor missed Jumper.,away,27,17,10,17,FALSE,FALSE,0.8413207643763413,0.7895988963078039,5,3,2.5,145.5,Garrick Shannon/Michael Swoboda/Landen Cammack,"Charleston, SC",McAlister Field House,NA,1051,NA,NA,Stetson,missed,Daniel Macgregor,NA,FALSE,FALSE,Stetson,The Citadel,FALSE
401711755,2024-11-11,The Citadel,Stetson,119,1,5:28,1528,1528,Paxton Davidson Defensive Rebound.,home,27,17,10,2,FALSE,FALSE,0.8414506062533076,0.7897900347482929,5,3,2.5,145.5,Garrick Shannon/Michael Swoboda/Landen Cammack,"Charleston, SC",McAlister Field House,NA,1051,NA,NA,NA,NA,NA,NA,NA,NA,Stetson,The Citadel,FALSE
401711755,2024-11-11,The Citadel,Stetson,120,1,5:13,1513,1513,Christian Moore made Jumper.,home,29,17,12,15,TRUE,FALSE,0.8746757299047426,0.8318624185612782,5,3,2.5,145.5,Garrick Shannon/Michael Swoboda/Landen Cammack,"Charleston, SC",McAlister Field House,NA,1051,NA,NA,The Citadel,made,Christian Moore,NA,FALSE,FALSE,The Citadel,Stetson,FALSE
401711755,2024-11-11,The Citadel,Stetson,121,1,5:00,1500,1500,Foul on Colby McAllister.,home,29,17,12,13,FALSE,TRUE,0.8755662696580131,0.8331603746655177,5,3,2.5,145.5,Garrick Shannon/Michael Swoboda/Landen Cammack,"Charleston, SC",McAlister Field House,NA,1051,NA,NA,NA,NA,NA,NA,NA,NA,Stetson,Stetson,FALSE
401711755,2024-11-11,The Citadel,Stetson,122,1,5:00,1500,1500,Jamie Phillips Jr. missed Free Throw.,away,29,17,12,0,FALSE,FALSE,0.8755662696580131,0.8331603746655177,5,3,2.5,145.5,Garrick Shannon/Michael Swoboda/Landen Cammack,"Charleston, SC",McAlister Field House,NA,1051,NA,NA,Stetson,missed,Jamie Phillips Jr.,NA,FALSE,TRUE,Stetson,Stetson,FALSE
401711755,2024-11-11,The Citadel,Stetson,123,1,5:00,1500,1500,Stetson Offensive Rebound.,away,29,17,12,0,FALSE,FALSE,0.8755662696580131,0.8331603746655177,5,3,2.5,145.5,Garrick Shannon/Michael Swoboda/Landen Cammack,"Charleston, SC",McAlister Field House,NA,1051,NA,NA,NA,NA,NA,NA,NA,NA,Stetson,Stetson,FALSE
401711755,2024-11-11,The Citadel,Stetson,124,1,5:00,1500,1500,Jamie Phillips Jr. made Free Throw.,away,29,18,11,0,TRUE,FALSE,0.8602155568064187,0.8136914443727212,5,3,2.5,145.5,Garrick Shannon/Michael Swoboda/Landen Cammack,"Charleston, SC",McAlister Field House,NA,1051,NA,NA,Stetson,made,Jamie Phillips Jr.,NA,FALSE,TRUE,Stetson,The Citadel,FALSE
401711755,2024-11-11,The Citadel,Stetson,125,1,4:40,1480,1480,Christian Moore missed Three Point Jumper.,home,29,18,11,20,FALSE,FALSE,0.8616244508348758,0.815736821783383,5,3,2.5,145.5,Garrick Shannon/Michael Swoboda/Landen Cammack,"Charleston, SC",McAlister Field House,NA,1051,NA,NA,The Citadel,missed,Christian Moore,NA,TRUE,FALSE,The Citadel,Stetson,FALSE
401711755,2024-11-11,The Citadel,Stetson,126,1,4:37,1477,1477,Stetson Defensive Rebound.,away,29,18,11,3,FALSE,FALSE,0.8618406564192473,0.8160495031467955,5,3,2.5,145.5,Garrick Shannon/Michael Swoboda/Landen Cammack,"Charleston, SC",McAlister Field House,NA,1051,NA,NA,NA,NA,NA,NA,NA,NA,The Citadel,Stetson,FALSE
401711755,2024-11-11,The Citadel,Stetson,127,1,4:17,1457,1457,Abramo Canka missed Jumper.,away,29,18,11,20,FALSE,FALSE,0.863318775886574,0.8181782485526627,5,3,2.5,145.5,Garrick Shannon/Michael Swoboda/Landen Cammack,"Charleston, SC",McAlister Field House,NA,1051,NA,NA,Stetson,missed,Abramo Canka,NA,FALSE,FALSE,Stetson,Stetson,FALSE
401711755,2024-11-11,The Citadel,Stetson,128,1,4:15,1455,1455,Josh Massey Offensive Rebound.,away,29,18,11,2,FALSE,FALSE,0.8634703338747812,0.8183956234512594,5,3,2.5,145.5,Garrick Shannon/Michael Swoboda/Landen Cammack,"Charleston, SC",McAlister Field House,NA,1051,NA,NA,NA,NA,NA,NA,NA,NA,Stetson,Stetson,FALSE
401711755,2024-11-11,The Citadel,Stetson,129,1,4:10,1450,1450,Stefano Alesso missed Three Point Jumper.,away,29,18,11,5,FALSE,FALSE,0.8638524030404708,0.8189428696756733,5,3,2.5,145.5,Garrick Shannon/Michael Swoboda/Landen Cammack,"Charleston, SC",McAlister Field House,NA,1051,NA,NA,Stetson,missed,Stefano Alesso,NA,TRUE,FALSE,Stetson,The Citadel,FALSE
401711755,2024-11-11,The Citadel,Stetson,130,1,4:07,1447,1447,Cameron Glover Defensive Rebound.,home,29,18,11,3,FALSE,FALSE,0.8640819097860604,0.8192714987333691,5,3,2.5,145.5,Garrick Shannon/Michael Swoboda/Landen Cammack,"Charleston, SC",McAlister Field House,NA,1051,NA,NA,NA,NA,NA,NA,NA,NA,Stetson,The Citadel,FALSE
401711755,2024-11-11,The Citadel,Stetson,131,1,4:05,1445,1445,Christian Moore made Layup. Assisted by Cameron Glover.,home,31,18,13,2,TRUE,FALSE,0.8934026817798238,0.8566770721923255,5,3,2.5,145.5,Garrick Shannon/Michael Swoboda/Landen Cammack,"Charleston, SC",McAlister Field House,NA,1051,NA,NA,The Citadel,made,Christian Moore,Cameron Glover,FALSE,FALSE,The Citadel,Stetson,FALSE
401711755,2024-11-11,The Citadel,Stetson,132,1,4:05,1445,1445,Foul on Jamie Phillips Jr..,away,31,18,13,0,FALSE,TRUE,0.8934026817798238,0.8566770721923255,5,3,2.5,145.5,Garrick Shannon/Michael Swoboda/Landen Cammack,"Charleston, SC",McAlister Field House,NA,1051,NA,NA,NA,NA,NA,NA,NA,NA,The Citadel,Stetson,FALSE
401711755,2024-11-11,The Citadel,Stetson,133,1,4:05,1445,1445,Christian Moore made Free Throw.,home,32,18,14,0,TRUE,FALSE,0.905809909912312,0.8727500737467044,5,3,2.5,145.5,Garrick Shannon/Michael Swoboda/Landen Cammack,"Charleston, SC",McAlister Field House,NA,1051,NA,NA,The Citadel,made,Christian Moore,NA,FALSE,TRUE,The Citadel,Stetson,FALSE
401711755,2024-11-11,The Citadel,Stetson,134,1,3:54,1434,1434,Abramo Canka missed Three Point Jumper.,away,32,18,14,11,FALSE,FALSE,0.9065892776992596,0.8738729784147611,5,3,2.5,145.5,Garrick Shannon/Michael Swoboda/Landen Cammack,"Charleston, SC",McAlister Field House,NA,1051,NA,NA,Stetson,missed,Abramo Canka,NA,TRUE,FALSE,Stetson,The Citadel,FALSE
401711755,2024-11-11,The Citadel,Stetson,135,1,3:51,1431,1431,Paxton Davidson Defensive Rebound.,home,32,18,14,3,FALSE,FALSE,0.9067974143671051,0.874173496896938,5,3,2.5,145.5,Garrick Shannon/Michael Swoboda/Landen Cammack,"Charleston, SC",McAlister Field House,NA,1051,NA,NA,NA,NA,NA,NA,NA,NA,Stetson,The Citadel,FALSE
401711755,2024-11-11,The Citadel,Stetson,136,1,3:47,1427,1427,Kam Roberts missed Layup.,home,32,18,14,4,FALSE,FALSE,0.9070722124467782,0.8745706605355812,5,3,2.5,145.5,Garrick Shannon/Michael Swoboda/Landen Cammack,"Charleston, SC",McAlister Field House,NA,1051,NA,NA,The Citadel,missed,Kam Roberts,NA,FALSE,FALSE,The Citadel,The Citadel,FALSE
401711755,2024-11-11,The Citadel,Stetson,137,1,3:47,1427,1427,Abramo Canka Block.,away,32,18,14,0,FALSE,FALSE,0.9070722124467782,0.8745706605355812,5,3,2.5,145.5,Garrick Shannon/Michael Swoboda/Landen Cammack,"Charleston, SC",McAlister Field House,NA,1051,NA,NA,NA,NA,NA,NA,NA,NA,The Citadel,The Citadel,FALSE
401711755,2024-11-11,The Citadel,Stetson,138,1,3:41,1421,1421,Christian Moore Offensive Rebound.,home,32,18,14,6,FALSE,FALSE,0.9074789335531404,0.8751592900825634,5,3,2.5,145.5,Garrick Shannon/Michael Swoboda/Landen Cammack,"Charleston, SC",McAlister Field House,NA,1051,NA,NA,NA,NA,NA,NA,NA,NA,The Citadel,The Citadel,FALSE
401711755,2024-11-11,The Citadel,Stetson,139,1,3:36,1416,1416,Christian Moore Turnover.,home,32,18,14,5,FALSE,FALSE,0.9078132109636631,0.875643755189328,5,3,2.5,145.5,Garrick Shannon/Michael Swoboda/Landen Cammack,"Charleston, SC",McAlister Field House,NA,1051,NA,NA,NA,NA,NA,NA,NA,NA,The Citadel,Stetson,FALSE
401711755,2024-11-11,The Citadel,Stetson,140,1,3:36,1416,1416, Official TV Timeout,NA,32,18,14,0,FALSE,FALSE,0.9078132109636631,0.875643755189328,5,2,2.5,145.5,Garrick Shannon/Michael Swoboda/Landen Cammack,"Charleston, SC",McAlister Field House,NA,1051,NA,NA,NA,NA,NA,NA,NA,NA,The Citadel,Stetson,FALSE
401711755,2024-11-11,The Citadel,Stetson,141,1,3:15,1395,1395,Jordan Wood Turnover.,away,32,18,14,21,FALSE,FALSE,0.909178453896081,0.8776279409470885,5,2,2.5,145.5,Garrick Shannon/Michael Swoboda/Landen Cammack,"Charleston, SC",McAlister Field House,NA,1051,NA,NA,NA,NA,NA,NA,NA,NA,Stetson,The Citadel,FALSE
401711755,2024-11-11,The Citadel,Stetson,142,1,2:55,1375,1375,Keynan Davis missed Layup.,home,32,18,14,20,FALSE,FALSE,0.9104362166164919,0.8794617166202686,5,2,2.5,145.5,Garrick Shannon/Michael Swoboda/Landen Cammack,"Charleston, SC",McAlister Field House,NA,1051,NA,NA,The Citadel,missed,Keynan Davis,NA,FALSE,FALSE,The Citadel,Stetson,FALSE
401711755,2024-11-11,The Citadel,Stetson,143,1,2:52,1372,1372,Stefano Alesso Defensive Rebound.,away,32,18,14,3,FALSE,FALSE,0.9106225320257553,0.8797336388513198,5,2,2.5,145.5,Garrick Shannon/Michael Swoboda/Landen Cammack,"Charleston, SC",McAlister Field House,NA,1051,NA,NA,NA,NA,NA,NA,NA,NA,The Citadel,Stetson,FALSE
401711755,2024-11-11,The Citadel,Stetson,144,1,2:49,1369,1369,Foul on Jordan Wood.,away,32,18,14,3,FALSE,TRUE,0.9108084180020838,0.8800049745029175,5,2,2.5,145.5,Garrick Shannon/Michael Swoboda/Landen Cammack,"Charleston, SC",McAlister Field House,NA,1051,NA,NA,NA,NA,NA,NA,NA,NA,The Citadel,The Citadel,FALSE
401711755,2024-11-11,The Citadel,Stetson,145,1,2:49,1369,1369,Jordan Wood Turnover.,away,32,18,14,0,FALSE,FALSE,0.9108084180020838,0.8800049745029175,5,2,2.5,145.5,Garrick Shannon/Michael Swoboda/Landen Cammack,"Charleston, SC",McAlister Field House,NA,1051,NA,NA,NA,NA,NA,NA,NA,NA,Stetson,The Citadel,FALSE
401711755,2024-11-11,The Citadel,Stetson,146,1,2:20,1340,1340,John Adams missed Jumper.,home,32,18,14,29,FALSE,FALSE,0.912595474277862,0.8826132944244407,5,2,2.5,145.5,Garrick Shannon/Michael Swoboda/Landen Cammack,"Charleston, SC",McAlister Field House,NA,1051,NA,NA,The Citadel,missed,John Adams,NA,FALSE,FALSE,The Citadel,Stetson,FALSE
401711755,2024-11-11,The Citadel,Stetson,147,1,2:14,1334,1334,Josh Massey Defensive Rebound.,away,32,18,14,6,FALSE,FALSE,0.9129659271870201,0.8831533873956624,5,2,2.5,145.5,Garrick Shannon/Michael Swoboda/Landen Cammack,"Charleston, SC",McAlister Field House,NA,1051,NA,NA,NA,NA,NA,NA,NA,NA,The Citadel,Stetson,FALSE
401711755,2024-11-11,The Citadel,Stetson,148,1,2:02,1322,1322,Alex Doyle made Jumper. Assisted by Jamie Phillips Jr..,away,32,20,12,12,TRUE,FALSE,0.8878890822353045,0.8510346931525657,5,2,2.5,145.5,Garrick Shannon/Michael Swoboda/Landen Cammack,"Charleston, SC",McAlister Field House,NA,1051,NA,NA,Stetson,made,Alex Doyle,Jamie Phillips Jr,FALSE,FALSE,Stetson,The Citadel,FALSE
401711755,2024-11-11,The Citadel,Stetson,149,1,1:27,1287,1287,John Adams missed Jumper.,home,32,20,12,35,FALSE,FALSE,0.8902680283429825,0.854484445906586,5,2,2.5,145.5,Garrick Shannon/Michael Swoboda/Landen Cammack,"Charleston, SC",McAlister Field House,NA,1051,NA,NA,The Citadel,missed,John Adams,NA,FALSE,FALSE,The Citadel,Stetson,FALSE
401711755,2024-11-11,The Citadel,Stetson,150,1,1:23,1283,1283,Jordan Wood Defensive Rebound.,away,32,20,12,4,FALSE,FALSE,0.8905499914497657,0.8548910188500909,5,2,2.5,145.5,Garrick Shannon/Michael Swoboda/Landen Cammack,"Charleston, SC",McAlister Field House,NA,1051,NA,NA,NA,NA,NA,NA,NA,NA,The Citadel,Stetson,FALSE
401711755,2024-11-11,The Citadel,Stetson,151,1,1:16,1276,1276,Josh Massey made Layup.,away,32,22,10,7,TRUE,FALSE,0.8587514068554448,0.8149872954979495,5,2,2.5,145.5,Garrick Shannon/Michael Swoboda/Landen Cammack,"Charleston, SC",McAlister Field House,NA,1051,NA,NA,Stetson,made,Josh Massey,NA,FALSE,FALSE,Stetson,The Citadel,FALSE
401711755,2024-11-11,The Citadel,Stetson,152,1,1:15,1275,1275,The Citadel  Timeout,home,32,22,10,1,FALSE,FALSE,0.8588244941348803,0.8150926302685778,5,1,2.5,145.5,Garrick Shannon/Michael Swoboda/Landen Cammack,"Charleston, SC",McAlister Field House,NA,1051,NA,NA,NA,NA,NA,NA,NA,NA,The Citadel,The Citadel,FALSE
401711755,2024-11-11,The Citadel,Stetson,153,1,0:52,1252,1252,John Adams made Layup. Assisted by Brody Fox.,home,34,22,12,23,TRUE,FALSE,0.8928311860262257,0.8581595428705402,5,1,2.5,145.5,Garrick Shannon/Michael Swoboda/Landen Cammack,"Charleston, SC",McAlister Field House,NA,1051,NA,NA,The Citadel,made,John Adams,Brody Fox,FALSE,FALSE,The Citadel,Stetson,FALSE
401711755,2024-11-11,The Citadel,Stetson,154,1,0:32,1232,1232,Mehki Ellison missed Three Point Jumper.,away,34,22,12,20,FALSE,FALSE,0.8944109228663677,0.8604007108709694,5,1,2.5,145.5,Garrick Shannon/Michael Swoboda/Landen Cammack,"Charleston, SC",McAlister Field House,NA,1051,NA,NA,Stetson,missed,Mehki Ellison,NA,TRUE,FALSE,Stetson,The Citadel,FALSE
401711755,2024-11-11,The Citadel,Stetson,155,1,0:29,1229,1229,The Citadel Defensive Rebound.,home,34,22,12,3,FALSE,FALSE,0.8946563066194009,0.8607472213731768,5,1,2.5,145.5,Garrick Shannon/Michael Swoboda/Landen Cammack,"Charleston, SC",McAlister Field House,NA,1051,NA,NA,NA,NA,NA,NA,NA,NA,Stetson,The Citadel,FALSE
401711755,2024-11-11,The Citadel,Stetson,156,1,0:00,1200,1200,End of 1st half,NA,34,22,12,29,FALSE,FALSE,0.8971268450992256,0.8642163350891476,5,1,2.5,145.5,Garrick Shannon/Michael Swoboda/Landen Cammack,"Charleston, SC",McAlister Field House,NA,1051,NA,NA,NA,NA,NA,NA,NA,NA,The Citadel,NA,FALSE
401711755,2024-11-11,The Citadel,Stetson,157,2,19:49,1189,1189,Jordan Wood made Layup.,away,34,24,10,11,TRUE,FALSE,0.8659245765864916,0.8251292201934091,5,1,2.5,145.5,Garrick Shannon/Michael Swoboda/Landen Cammack,"Charleston, SC",McAlister Field House,NA,1051,NA,NA,Stetson,made,Jordan Wood,NA,FALSE,FALSE,Stetson,The Citadel,FALSE
401711755,2024-11-11,The Citadel,Stetson,158,2,19:30,1170,1170,Sola Adebisi missed Three Point Jumper.,home,34,24,10,19,FALSE,FALSE,0.8675100384582415,0.8273552947546603,5,1,2.5,145.5,Garrick Shannon/Michael Swoboda/Landen Cammack,"Charleston, SC",McAlister Field House,NA,1051,NA,NA,The Citadel,missed,Sola Adebisi,NA,TRUE,FALSE,The Citadel,Stetson,FALSE
401711755,2024-11-11,The Citadel,Stetson,159,2,19:27,1167,1167,Tristan Gross Defensive Rebound.,away,34,24,10,3,FALSE,FALSE,0.867755235108156,0.8276999900899146,5,1,2.5,145.5,Garrick Shannon/Michael Swoboda/Landen Cammack,"Charleston, SC",McAlister Field House,NA,1051,NA,NA,NA,NA,NA,NA,NA,NA,The Citadel,Stetson,FALSE
401711755,2024-11-11,The Citadel,Stetson,160,2,19:17,1157,1157,Jamie Phillips Jr. Turnover.,away,34,24,10,10,FALSE,FALSE,0.8685646744091793,0.8288384522701675,5,1,2.5,145.5,Garrick Shannon/Michael Swoboda/Landen Cammack,"Charleston, SC",McAlister Field House,NA,1051,NA,NA,NA,NA,NA,NA,NA,NA,Stetson,The Citadel,FALSE
401711755,2024-11-11,The Citadel,Stetson,161,2,19:17,1157,1157,Sola Adebisi Steal.,home,34,24,10,0,FALSE,FALSE,0.8685646744091793,0.8288384522701675,5,1,2.5,145.5,Garrick Shannon/Michael Swoboda/Landen Cammack,"Charleston, SC",McAlister Field House,NA,1051,NA,NA,NA,NA,NA,NA,NA,NA,Stetson,The Citadel,FALSE
401711755,2024-11-11,The Citadel,Stetson,162,2,19:05,1145,1145,Sola Adebisi Turnover.,home,34,24,10,12,FALSE,FALSE,0.8695234678263188,0.8301876621623023,5,1,2.5,145.5,Garrick Shannon/Michael Swoboda/Landen Cammack,"Charleston, SC",McAlister Field House,NA,1051,NA,NA,NA,NA,NA,NA,NA,NA,The Citadel,Stetson,FALSE
401711755,2024-11-11,The Citadel,Stetson,163,2,19:05,1145,1145,Jordan Wood Steal.,away,34,24,10,0,FALSE,FALSE,0.8695234678263188,0.8301876621623023,5,1,2.5,145.5,Garrick Shannon/Michael Swoboda/Landen Cammack,"Charleston, SC",McAlister Field House,NA,1051,NA,NA,NA,NA,NA,NA,NA,NA,The Citadel,Stetson,FALSE
401711755,2024-11-11,The Citadel,Stetson,164,2,18:58,1138,1138,Jordan Wood missed Three Point Jumper.,away,34,24,10,7,FALSE,FALSE,0.8700784471994804,0.830968707671927,5,1,2.5,145.5,Garrick Shannon/Michael Swoboda/Landen Cammack,"Charleston, SC",McAlister Field House,NA,1051,NA,NA,Stetson,missed,Jordan Wood,NA,TRUE,FALSE,Stetson,The Citadel,FALSE
401711755,2024-11-11,The Citadel,Stetson,165,2,18:56,1136,1136,Keynan Davis Defensive Rebound.,home,34,24,10,2,FALSE,FALSE,0.8702366211913019,0.831191297627931,5,1,2.5,145.5,Garrick Shannon/Michael Swoboda/Landen Cammack,"Charleston, SC",McAlister Field House,NA,1051,NA,NA,NA,NA,NA,NA,NA,NA,Stetson,The Citadel,FALSE
401711755,2024-11-11,The Citadel,Stetson,166,2,18:40,1120,1120,Foul on Jordan Wood.,away,34,24,10,16,FALSE,TRUE,0.8714993492642793,0.8329675451742139,5,1,2.5,145.5,Garrick Shannon/Michael Swoboda/Landen Cammack,"Charleston, SC",McAlister Field House,NA,1051,NA,NA,NA,NA,NA,NA,NA,NA,The Citadel,The Citadel,FALSE
401711755,2024-11-11,The Citadel,Stetson,167,2,18:40,1120,1120,John Adams made Free Throw.,home,35,24,11,0,TRUE,FALSE,0.8884456743172519,0.8541449015514105,5,1,2.5,145.5,Garrick Shannon/Michael Swoboda/Landen Cammack,"Charleston, SC",McAlister Field House,NA,1051,NA,NA,The Citadel,made,John Adams,NA,FALSE,TRUE,The Citadel,The Citadel,FALSE
401711755,2024-11-11,The Citadel,Stetson,168,2,18:40,1120,1120,John Adams made Free Throw.,home,36,24,12,0,TRUE,FALSE,0.9034048674713324,0.8730464904815767,5,1,2.5,145.5,Garrick Shannon/Michael Swoboda/Landen Cammack,"Charleston, SC",McAlister Field House,NA,1051,NA,NA,The Citadel,made,John Adams,NA,FALSE,TRUE,The Citadel,Stetson,FALSE
401711755,2024-11-11,The Citadel,Stetson,169,2,18:26,1106,1106,Tristan Gross made Three Point Jumper. Assisted by Abramo Canka.,away,36,27,9,14,TRUE,FALSE,0.85351057153295,0.8109552802690811,5,1,2.5,145.5,Garrick Shannon/Michael Swoboda/Landen Cammack,"Charleston, SC",McAlister Field House,NA,1051,NA,NA,Stetson,made,Tristan Gross,Abramo Canka,TRUE,FALSE,Stetson,The Citadel,FALSE
401711755,2024-11-11,The Citadel,Stetson,170,2,18:05,1085,1085,Keynan Davis missed Layup.,home,36,27,9,21,FALSE,FALSE,0.8551923902791209,0.813315535988845,5,1,2.5,145.5,Garrick Shannon/Michael Swoboda/Landen Cammack,"Charleston, SC",McAlister Field House,NA,1051,NA,NA,The Citadel,missed,Keynan Davis,NA,FALSE,FALSE,The Citadel,Stetson,FALSE
401711755,2024-11-11,The Citadel,Stetson,171,2,18:05,1085,1085,Josh Massey Block.,away,36,27,9,0,FALSE,FALSE,0.8551923902791209,0.813315535988845,5,1,2.5,145.5,Garrick Shannon/Michael Swoboda/Landen Cammack,"Charleston, SC",McAlister Field House,NA,1051,NA,NA,NA,NA,NA,NA,NA,NA,The Citadel,Stetson,FALSE
401711755,2024-11-11,The Citadel,Stetson,172,2,18:02,1082,1082,Jamie Phillips Jr. Defensive Rebound.,away,36,27,9,3,FALSE,FALSE,0.8554364346698426,0.8136572319288724,5,1,2.5,145.5,Garrick Shannon/Michael Swoboda/Landen Cammack,"Charleston, SC",McAlister Field House,NA,1051,NA,NA,NA,NA,NA,NA,NA,NA,The Citadel,Stetson,FALSE
401711755,2024-11-11,The Citadel,Stetson,173,2,17:58,1078,1078,Josh Massey missed Three Point Jumper.,away,36,27,9,4,FALSE,FALSE,0.85576366007953375,0.8141150373127697,5,1,2.5,145.5,Garrick Shannon/Michael Swoboda/Landen Cammack,"Charleston, SC",McAlister Field House,NA,1051,NA,NA,Stetson,missed,Josh Massey,NA,TRUE,FALSE,Stetson,Stetson,FALSE
401711755,2024-11-11,The Citadel,Stetson,174,2,17:51,1071,1071,Tristan Gross Offensive Rebound.,away,36,27,9,7,FALSE,FALSE,0.8563418323068799,0.814922889479771,5,1,2.5,145.5,Garrick Shannon/Michael Swoboda/Landen Cammack,"Charleston, SC",McAlister Field House,NA,1051,NA,NA,NA,NA,NA,NA,NA,NA,Stetson,Stetson,FALSE
401711755,2024-11-11,The Citadel,Stetson,175,2,17:51,1071,1071,Tristan Gross missed Jumper.,away,36,27,9,0,FALSE,FALSE,0.8563418323068799,0.814922889479771,5,1,2.5,145.5,Garrick Shannon/Michael Swoboda/Landen Cammack,"Charleston, SC",McAlister Field House,NA,1051,NA,NA,Stetson,missed,Tristan Gross,NA,FALSE,FALSE,Stetson,Stetson,FALSE
401711755,2024-11-11,The Citadel,Stetson,176,2,17:49,1069,1069,Jamie Phillips Jr. Offensive Rebound.,away,36,27,9,2,FALSE,FALSE,0.8565084214141352,0.8151554008021794,5,1,2.5,145.5,Garrick Shannon/Michael Swoboda/Landen Cammack,"Charleston, SC",McAlister Field House,NA,1051,NA,NA,NA,NA,NA,NA,NA,NA,Stetson,The Citadel,FALSE
401711755,2024-11-11,The Citadel,Stetson,177,2,17:49,1069,1069,Jamie Phillips Jr. missed Jumper.,away,36,27,9,0,FALSE,FALSE,0.8565084214141352,0.8151554008021794,5,1,2.5,145.5,Garrick Shannon/Michael Swoboda/Landen Cammack,"Charleston, SC",McAlister Field House,NA,1051,NA,NA,Stetson,missed,Jamie Phillips Jr.,NA,FALSE,FALSE,Stetson,The Citadel,FALSE
401711755,2024-11-11,The Citadel,Stetson,178,2,17:49,1069,1069,John Adams Defensive Rebound.,home,36,27,9,0,FALSE,FALSE,0.8565084214141352,0.8151554008021794,5,1,2.5,145.5,Garrick Shannon/Michael Swoboda/Landen Cammack,"Charleston, SC",McAlister Field House,NA,1051,NA,NA,NA,NA,NA,NA,NA,NA,Stetson,The Citadel,FALSE
401711755,2024-11-11,The Citadel,Stetson,179,2,17:49,1069,1069,Foul on Tristan Gross.,away,36,27,9,0,FALSE,TRUE,0.8565084214141352,0.8151554008021794,5,1,2.5,145.5,Garrick Shannon/Michael Swoboda/Landen Cammack,"Charleston, SC",McAlister Field House,NA,1051,NA,NA,NA,NA,NA,NA,NA,NA,The Citadel,The Citadel,FALSE
401711755,2024-11-11,The Citadel,Stetson,180,2,17:27,1047,1047,Sola Adebisi made Layup.,home,38,27,11,22,TRUE,FALSE,0.8943156102982049,0.8623505025883018,5,1,2.5,145.5,Garrick Shannon/Michael Swoboda/Landen Cammack,"Charleston, SC",McAlister Field House,NA,1051,NA,NA,The Citadel,made,Sola Adebisi,NA,FALSE,FALSE,The Citadel,Stetson,FALSE
401711755,2024-11-11,The Citadel,Stetson,181,2,17:13,1033,1033,Abramo Canka made Layup.,away,38,29,9,14,TRUE,FALSE,0.8596399825413287,0.8195032166800712,5,1,2.5,145.5,Garrick Shannon/Michael Swoboda/Landen Cammack,"Charleston, SC",McAlister Field House,NA,1051,NA,NA,Stetson,made,Abramo Canka,NA,FALSE,FALSE,Stetson,The Citadel,FALSE
401711755,2024-11-11,The Citadel,Stetson,182,2,16:50,1010,1010,John Adams missed Layup.,home,38,29,9,23,FALSE,FALSE,0.8618069930423673,0.8224855568136147,5,1,2.5,145.5,Garrick Shannon/Michael Swoboda/Landen Cammack,"Charleston, SC",McAlister Field House,NA,1051,NA,NA,The Citadel,missed,John Adams,NA,FALSE,FALSE,The Citadel,The Citadel,FALSE
401711755,2024-11-11,The Citadel,Stetson,183,2,16:46,1006,1006,John Adams Offensive Rebound.,home,38,29,9,4,FALSE,FALSE,0.8621997896324715,0.8230238894542159,5,1,2.5,145.5,Garrick Shannon/Michael Swoboda/Landen Cammack,"Charleston, SC",McAlister Field House,NA,1051,NA,NA,NA,NA,NA,NA,NA,NA,The Citadel,The Citadel,FALSE
401711755,2024-11-11,The Citadel,Stetson,184,2,16:46,1006,1006,John Adams made Jumper.,home,40,29,11,0,TRUE,FALSE,0.8980031025029523,0.8674409767772444,5,1,2.5,145.5,Garrick Shannon/Michael Swoboda/Landen Cammack,"Charleston, SC",McAlister Field House,NA,1051,NA,NA,The Citadel,made,John Adams,NA,FALSE,FALSE,The Citadel,Stetson,FALSE
401711755,2024-11-11,The Citadel,Stetson,185,2,16:25,985,985,Abramo Canka made Layup.,away,40,31,9,21,TRUE,FALSE,0.8643486233082538,0.8259573494104652,5,1,2.5,145.5,Garrick Shannon/Michael Swoboda/Landen Cammack,"Charleston, SC",McAlister Field House,NA,1051,NA,NA,Stetson,made,Abramo Canka,NA,FALSE,FALSE,Stetson,The Citadel,FALSE
401711755,2024-11-11,The Citadel,Stetson,186,2,15:58,958,958,Brody Fox Turnover.,home,40,31,9,27,FALSE,FALSE,0.8672664640845739,0.829917590533332,5,1,2.5,145.5,Garrick Shannon/Michael Swoboda/Landen Cammack,"Charleston, SC",McAlister Field House,NA,1051,NA,NA,NA,NA,NA,NA,NA,NA,The Citadel,Stetson,FALSE
401711755,2024-11-11,The Citadel,Stetson,187,2,15:58,958,958,Abramo Canka Steal.,away,40,31,9,0,FALSE,FALSE,0.8672664640845739,0.829917590533332,5,1,2.5,145.5,Garrick Shannon/Michael Swoboda/Landen Cammack,"Charleston, SC",McAlister Field House,NA,1051,NA,NA,NA,NA,NA,NA,NA,NA,The Citadel,Stetson,FALSE
401711755,2024-11-11,The Citadel,Stetson,188,2,15:51,951,951,Tristan Gross made Three Point Jumper. Assisted by Abramo Canka.,away,40,34,6,7,TRUE,FALSE,0.7945422936332017,0.7429267631135754,5,1,2.5,145.5,Garrick Shannon/Michael Swoboda/Landen Cammack,"Charleston, SC",McAlister Field House,NA,1051,NA,NA,Stetson,made,Tristan Gross,Abramo Canka,TRUE,FALSE,Stetson,The Citadel,FALSE
401711755,2024-11-11,The Citadel,Stetson,189,2,15:48,948,948,The Citadel  Timeout,home,40,34,6,3,FALSE,FALSE,0.7948054578917697,0.7432885999774741,5,0,2.5,145.5,Garrick Shannon/Michael Swoboda/Landen Cammack,"Charleston, SC",McAlister Field House,NA,1051,NA,NA,NA,NA,NA,NA,NA,NA,The Citadel,The Citadel,FALSE
401711755,2024-11-11,The Citadel,Stetson,190,2,15:18,918,918,Cameron Glover missed Jumper.,home,40,34,6,30,FALSE,FALSE,0.79722450461091,0.7466325900792492,5,0,2.5,145.5,Garrick Shannon/Michael Swoboda/Landen Cammack,"Charleston, SC",McAlister Field House,NA,1051,NA,NA,The Citadel,missed,Cameron Glover,NA,FALSE,FALSE,The Citadel,Stetson,FALSE
401711755,2024-11-11,The Citadel,Stetson,191,2,15:16,916,916,Abramo Canka Defensive Rebound.,away,40,34,6,2,FALSE,FALSE,0.7973748565117099,0.7468413532776647,5,0,2.5,145.5,Garrick Shannon/Michael Swoboda/Landen Cammack,"Charleston, SC",McAlister Field House,NA,1051,NA,NA,NA,NA,NA,NA,NA,NA,The Citadel,Stetson,FALSE
401711755,2024-11-11,The Citadel,Stetson,192,2,15:10,910,910,Josh Massey made Dunk. Assisted by Abramo Canka.,away,40,36,4,6,TRUE,FALSE,0.7332199280142837,0.6733568245467946,5,0,2.5,145.5,Garrick Shannon/Michael Swoboda/Landen Cammack,"Charleston, SC",McAlister Field House,NA,1051,NA,NA,Stetson,made,Josh Massey,Abramo Canka,FALSE,FALSE,Stetson,The Citadel,FALSE
401711755,2024-11-11,The Citadel,Stetson,193,2,14:53,893,893,Paxton Davidson made Three Point Jumper. Assisted by Brody Fox.,home,43,36,7,17,TRUE,FALSE,0.826739913148162,0.7818568922109695,5,0,2.5,145.5,Garrick Shannon/Michael Swoboda/Landen Cammack,"Charleston, SC",McAlister Field House,NA,1051,NA,NA,The Citadel,made,Paxton Davidson,Brody Fox,TRUE,FALSE,The Citadel,Stetson,FALSE
401711755,2024-11-11,The Citadel,Stetson,194,2,14:38,878,878,Foul on Cameron Glover.,home,43,36,7,15,FALSE,TRUE,0.8278706063038797,0.7834155221294039,5,0,2.5,145.5,Garrick Shannon/Michael Swoboda/Landen Cammack,"Charleston, SC",McAlister Field House,NA,1051,NA,NA,NA,NA,NA,NA,NA,NA,Stetson,Stetson,FALSE
401711755,2024-11-11,The Citadel,Stetson,195,2,14:38,878,878, Official TV Timeout,NA,43,36,7,0,FALSE,FALSE,0.8278706063038797,0.7834155221294039,5,-1,2.5,145.5,Garrick Shannon/Michael Swoboda/Landen Cammack,"Charleston, SC",McAlister Field House,NA,1051,NA,NA,NA,NA,NA,NA,NA,NA,Stetson,Stetson,FALSE
401711755,2024-11-11,The Citadel,Stetson,196,2,14:32,872,872,Josh Massey made Layup.,away,43,38,5,6,TRUE,FALSE,0.769483470377483,0.7152388241150086,5,-1,2.5,145.5,Garrick Shannon/Michael Swoboda/Landen Cammack,"Charleston, SC",McAlister Field House,NA,1051,NA,NA,Stetson,made,Josh Massey,NA,FALSE,FALSE,Stetson,The Citadel,FALSE
401711755,2024-11-11,The Citadel,Stetson,197,2,14:17,857,857,Cameron Glover missed Three Point Jumper.,home,43,38,5,15,FALSE,FALSE,0.7704389991966677,0.7165885355264889,5,-1,2.5,145.5,Garrick Shannon/Michael Swoboda/Landen Cammack,"Charleston, SC",McAlister Field House,NA,1051,NA,NA,The Citadel,missed,Cameron Glover,NA,TRUE,FALSE,The Citadel,The Citadel,FALSE
401711755,2024-11-11,The Citadel,Stetson,198,2,14:13,853,853,Cameron Glover Offensive Rebound.,home,43,38,5,4,FALSE,FALSE,0.7706989587912035,0.7169544966219067,5,-1,2.5,145.5,Garrick Shannon/Michael Swoboda/Landen Cammack,"Charleston, SC",McAlister Field House,NA,1051,NA,NA,NA,NA,NA,NA,NA,NA,The Citadel,The Citadel,FALSE
401711755,2024-11-11,The Citadel,Stetson,199,2,14:12,852,852,Cameron Glover missed Layup.,home,43,38,5,1,FALSE,FALSE,0.7707643939470953,0.7170465182029006,5,-1,2.5,145.5,Garrick Shannon/Michael Swoboda/Landen Cammack,"Charleston, SC",McAlister Field House,NA,1051,NA,NA,The Citadel,missed,Cameron Glover,NA,FALSE,FALSE,The Citadel,Stetson,FALSE
401711755,2024-11-11,The Citadel,Stetson,200,2,14:09,849,849,Jamie Phillips Jr. Defensive Rebound.,away,43,38,5,3,FALSE,FALSE,0.7709618695969267,0.7173239861721088,5,-1,2.5,145.5,Garrick Shannon/Michael Swoboda/Landen Cammack,"Charleston, SC",McAlister Field House,NA,1051,NA,NA,NA,NA,NA,NA,NA,NA,The Citadel,Stetson,FALSE
401711755,2024-11-11,The Citadel,Stetson,201,2,14:01,841,841,Abramo Canka missed Layup.,away,43,38,5,8,FALSE,FALSE,0.7714981658956663,0.7180755951633008,5,-1,2.5,145.5,Garrick Shannon/Michael Swoboda/Landen Cammack,"Charleston, SC",McAlister Field House,NA,1051,NA,NA,Stetson,missed,Abramo Canka,NA,FALSE,FALSE,Stetson,The Citadel,FALSE
401711755,2024-11-11,The Citadel,Stetson,202,2,13:56,836,836,Colby McAllister Defensive Rebound.,home,43,38,5,5,FALSE,FALSE,0.7718416038945937,0.7185553662138344,5,-1,2.5,145.5,Garrick Shannon/Michael Swoboda/Landen Cammack,"Charleston, SC",McAlister Field House,NA,1051,NA,NA,NA,NA,NA,NA,NA,NA,Stetson,The Citadel,FALSE
401711755,2024-11-11,The Citadel,Stetson,203,2,13:48,828,828,Colby McAllister Turnover.,home,43,38,5,8,FALSE,FALSE,0.7724065891560211,0.7193419010310421,5,-1,2.5,145.5,Garrick Shannon/Michael Swoboda/Landen Cammack,"Charleston, SC",McAlister Field House,NA,1051,NA,NA,NA,NA,NA,NA,NA,NA,The Citadel,Stetson,FALSE
401711755,2024-11-11,The Citadel,Stetson,204,2,13:28,808,808,Foul on Kam Roberts.,home,43,38,5,20,FALSE,TRUE,0.7739215119976545,0.7214340965867416,5,-1,2.5,145.5,Garrick Shannon/Michael Swoboda/Landen Cammack,"Charleston, SC",McAlister Field House,NA,1051,NA,NA,NA,NA,NA,NA,NA,NA,Stetson,Stetson,FALSE
401711755,2024-11-11,The Citadel,Stetson,205,2,13:21,801,801,Jamie Phillips Jr. missed Layup.,away,43,38,5,7,FALSE,FALSE,0.774493064424306,0.7222173646366522,5,-1,2.5,145.5,Garrick Shannon/Michael Swoboda/Landen Cammack,"Charleston, SC",McAlister Field House,NA,1051,NA,NA,Stetson,missed,Jamie Phillips Jr.,NA,FALSE,FALSE,Stetson,The Citadel,FALSE
401711755,2024-11-11,The Citadel,Stetson,206,2,13:20,800,800,The Citadel Defensive Rebound.,home,43,38,5,1,FALSE,FALSE,0.7745766900092512,0.7223317041103079,5,-1,2.5,145.5,Garrick Shannon/Michael Swoboda/Landen Cammack,"Charleston, SC",McAlister Field House,NA,1051,NA,NA,NA,NA,NA,NA,NA,NA,Stetson,The Citadel,FALSE
401711755,2024-11-11,The Citadel,Stetson,207,2,13:04,784,784,Kam Roberts made Jumper.,home,45,38,7,16,TRUE,FALSE,0.835991607366287,0.7944426485731849,5,-1,2.5,145.5,Garrick Shannon/Michael Swoboda/Landen Cammack,"Charleston, SC",McAlister Field House,NA,1051,NA,NA,The Citadel,made,Kam Roberts,NA,FALSE,FALSE,The Citadel,Stetson,FALSE
401711755,2024-11-11,The Citadel,Stetson,208,2,13:04,784,784,Foul on Jamie Phillips Jr..,away,45,38,7,0,FALSE,TRUE,0.835991607366287,0.7944426485731849,5,-1,2.5,145.5,Garrick Shannon/Michael Swoboda/Landen Cammack,"Charleston, SC",McAlister Field House,NA,1051,NA,NA,NA,NA,NA,NA,NA,NA,The Citadel,Stetson,FALSE
401711755,2024-11-11,The Citadel,Stetson,209,2,13:04,784,784,Kam Roberts missed Free Throw.,home,45,38,7,0,FALSE,FALSE,0.835991607366287,0.7944426485731849,5,-1,2.5,145.5,Garrick Shannon/Michael Swoboda/Landen Cammack,"Charleston, SC",McAlister Field House,NA,1051,NA,NA,The Citadel,missed,Kam Roberts,NA,FALSE,TRUE,The Citadel,Stetson,FALSE
401711755,2024-11-11,The Citadel,Stetson,210,2,13:04,784,784,Tristan Gross Defensive Rebound.,away,45,38,7,0,FALSE,FALSE,0.835991607366287,0.7944426485731849,5,-1,2.5,145.5,Garrick Shannon/Michael Swoboda/Landen Cammack,"Charleston, SC",McAlister Field House,NA,1051,NA,NA,NA,NA,NA,NA,NA,NA,The Citadel,Stetson,FALSE
401711755,2024-11-11,The Citadel,Stetson,211,2,12:41,761,761,Tristan Gross missed Layup.,away,45,38,7,23,FALSE,FALSE,0.8386563027501693,0.7979880790559355,5,-1,2.5,145.5,Garrick Shannon/Michael Swoboda/Landen Cammack,"Charleston, SC",McAlister Field House,NA,1051,NA,NA,Stetson,missed,Tristan Gross,NA,FALSE,FALSE,Stetson,The Citadel,FALSE
401711755,2024-11-11,The Citadel,Stetson,212,2,12:38,758,758,Sola Adebisi Defensive Rebound.,home,45,38,7,3,FALSE,FALSE,0.8390333229853925,0.7984875925516001,5,-1,2.5,145.5,Garrick Shannon/Michael Swoboda/Landen Cammack,"Charleston, SC",McAlister Field House,NA,1051,NA,NA,NA,NA,NA,NA,NA,NA,Stetson,The Citadel,FALSE
401711755,2024-11-11,The Citadel,Stetson,213,2,12:31,751,751,Keynan Davis made Layup. Assisted by Kam Roberts.,home,47,38,9,7,TRUE,FALSE,0.8862829655012223,0.8556822847625971,5,-1,2.5,145.5,Garrick Shannon/Michael Swoboda/Landen Cammack,"Charleston, SC",McAlister Field House,NA,1051,NA,NA,The Citadel,made,Keynan Davis,Kam Roberts,FALSE,FALSE,The Citadel,Stetson,FALSE
401711755,2024-11-11,The Citadel,Stetson,214,2,12:17,737,737,Alex Doyle Turnover.,away,47,38,9,14,FALSE,FALSE,0.8881952890177921,0.8582155007380985,5,-1,2.5,145.5,Garrick Shannon/Michael Swoboda/Landen Cammack,"Charleston, SC",McAlister Field House,NA,1051,NA,NA,NA,NA,NA,NA,NA,NA,Stetson,The Citadel,FALSE
401711755,2024-11-11,The Citadel,Stetson,215,2,12:17,737,737,Colby McAllister Steal.,home,47,38,9,0,FALSE,FALSE,0.8881952890177921,0.8582155007380985,5,-1,2.5,145.5,Garrick Shannon/Michael Swoboda/Landen Cammack,"Charleston, SC",McAlister Field House,NA,1051,NA,NA,NA,NA,NA,NA,NA,NA,Stetson,The Citadel,FALSE
401711755,2024-11-11,The Citadel,Stetson,216,2,12:06,726,726,Foul on Tristan Gross.,away,47,38,9,11,FALSE,TRUE,0.889794420921281,0.8603293000265577,5,-1,2.5,145.5,Garrick Shannon/Michael Swoboda/Landen Cammack,"Charleston, SC",McAlister Field House,NA,1051,NA,NA,NA,NA,NA,NA,NA,NA,The Citadel,The Citadel,FALSE
401711755,2024-11-11,The Citadel,Stetson,217,2,12:02,722,722,Keynan Davis made Three Point Jumper. Assisted by Paxton Davidson.,home,50,38,12,4,TRUE,FALSE,0.9371710012970338,0.9192570790446349,5,-1,2.5,145.5,Garrick Shannon/Michael Swoboda/Landen Cammack,"Charleston, SC",McAlister Field House,NA,1051,NA,NA,The Citadel,made,Keynan Davis,Paxton Davidson,TRUE,FALSE,The Citadel,Stetson,FALSE
401711755,2024-11-11,The Citadel,Stetson,218,2,11:43,703,703,Josh Massey missed Three Point Jumper.,away,50,38,12,19,FALSE,FALSE,0.9391472684963684,0.9219037818307071,5,-1,2.5,145.5,Garrick Shannon/Michael Swoboda/Landen Cammack,"Charleston, SC",McAlister Field House,NA,1051,NA,NA,Stetson,missed,Josh Massey,NA,TRUE,FALSE,Stetson,The Citadel,FALSE
401711755,2024-11-11,The Citadel,Stetson,219,2,11:40,700,700,Paxton Davidson Defensive Rebound.,home,50,38,12,3,FALSE,FALSE,0.9394326507741199,0.9222870386079294,5,-1,2.5,145.5,Garrick Shannon/Michael Swoboda/Landen Cammack,"Charleston, SC",McAlister Field House,NA,1051,NA,NA,NA,NA,NA,NA,NA,NA,Stetson,The Citadel,FALSE
401711755,2024-11-11,The Citadel,Stetson,220,2,11:34,694,694,Keynan Davis Turnover.,home,50,38,12,6,FALSE,FALSE,0.9399860635419736,0.9230309697277329,5,-1,2.5,145.5,Garrick Shannon/Michael Swoboda/Landen Cammack,"Charleston, SC",McAlister Field House,NA,1051,NA,NA,NA,NA,NA,NA,NA,NA,The Citadel,Stetson,FALSE
401711755,2024-11-11,The Citadel,Stetson,221,2,11:34,694,694,Mehki Ellison Steal.,away,50,38,12,0,FALSE,FALSE,0.9399860635419736,0.9230309697277329,5,-1,2.5,145.5,Garrick Shannon/Michael Swoboda/Landen Cammack,"Charleston, SC",McAlister Field House,NA,1051,NA,NA,NA,NA,NA,NA,NA,NA,The Citadel,Stetson,FALSE
401711755,2024-11-11,The Citadel,Stetson,222,2,11:30,690,690,Mehki Ellison made Layup.,away,50,40,10,4,TRUE,FALSE,0.9123337542814237,0.8885362372882966,5,-1,2.5,145.5,Garrick Shannon/Michael Swoboda/Landen Cammack,"Charleston, SC",McAlister Field House,NA,1051,NA,NA,Stetson,made,Mehki Ellison,NA,FALSE,FALSE,Stetson,The Citadel,FALSE
401711755,2024-11-11,The Citadel,Stetson,223,2,11:03,663,663,Keynan Davis missed Three Point Jumper.,home,50,40,10,27,FALSE,FALSE,0.9149884567070667,0.8921071294849813,5,-1,2.5,145.5,Garrick Shannon/Michael Swoboda/Landen Cammack,"Charleston, SC",McAlister Field House,NA,1051,NA,NA,The Citadel,missed,Keynan Davis,NA,TRUE,FALSE,The Citadel,Stetson,FALSE
401711755,2024-11-11,The Citadel,Stetson,224,2,11:01,661,661,Mehki Ellison Defensive Rebound.,away,50,40,10,2,FALSE,FALSE,0.9151788470481041,0.8923635018858007,5,-1,2.5,145.5,Garrick Shannon/Michael Swoboda/Landen Cammack,"Charleston, SC",McAlister Field House,NA,1051,NA,NA,NA,NA,NA,NA,NA,NA,The Citadel,Stetson,FALSE
401711755,2024-11-11,The Citadel,Stetson,225,2,10:58,658,658,Foul on Colby McAllister.,home,50,40,10,3,FALSE,TRUE,0.9154641785239913,0.8927476876668755,5,-1,2.5,145.5,Garrick Shannon/Michael Swoboda/Landen Cammack,"Charleston, SC",McAlister Field House,NA,1051,NA,NA,NA,NA,NA,NA,NA,NA,Stetson,Stetson,FALSE
401711755,2024-11-11,The Citadel,Stetson,226,2,10:58,658,658, Official TV Timeout,NA,50,40,10,0,FALSE,FALSE,0.9154641785239913,0.8927476876668755,5,-2,2.5,145.5,Garrick Shannon/Michael Swoboda/Landen Cammack,"Charleston, SC",McAlister Field House,NA,1051,NA,NA,NA,NA,NA,NA,NA,NA,Stetson,Stetson,FALSE
401711755,2024-11-11,The Citadel,Stetson,227,2,10:58,658,658,Mehki Ellison missed Free Throw.,away,50,40,10,0,FALSE,FALSE,0.9154641785239913,0.8927476876668755,5,-2,2.5,145.5,Garrick Shannon/Michael Swoboda/Landen Cammack,"Charleston, SC",McAlister Field House,NA,1051,NA,NA,Stetson,missed,Mehki Ellison,NA,FALSE,TRUE,Stetson,Stetson,FALSE
401711755,2024-11-11,The Citadel,Stetson,228,2,10:58,658,658,Stetson Offensive Rebound.,away,50,40,10,0,FALSE,FALSE,0.9154641785239913,0.8927476876668755,5,-2,2.5,145.5,Garrick Shannon/Michael Swoboda/Landen Cammack,"Charleston, SC",McAlister Field House,NA,1051,NA,NA,NA,NA,NA,NA,NA,NA,Stetson,Stetson,FALSE
401711755,2024-11-11,The Citadel,Stetson,229,2,10:58,658,658,Mehki Ellison missed Free Throw.,away,50,40,10,0,FALSE,FALSE,0.9154641785239913,0.8927476876668755,5,-2,2.5,145.5,Garrick Shannon/Michael Swoboda/Landen Cammack,"Charleston, SC",McAlister Field House,NA,1051,NA,NA,Stetson,missed,Mehki Ellison,NA,FALSE,TRUE,Stetson,Stetson,FALSE
401711755,2024-11-11,The Citadel,Stetson,230,2,10:57,657,657,Paxton Davidson Defensive Rebound.,home,50,40,10,1,FALSE,FALSE,0.9155592871838606,0.8928757338186424,5,-2,2.5,145.5,Garrick Shannon/Michael Swoboda/Landen Cammack,"Charleston, SC",McAlister Field House,NA,1051,NA,NA,NA,NA,NA,NA,NA,NA,The Citadel,The Citadel,FALSE
401711755,2024-11-11,The Citadel,Stetson,231,2,10:57,657,657,Foul on Finley Sheridan.,away,50,40,10,0,FALSE,TRUE,0.9155592871838606,0.8928757338186424,5,-2,2.5,145.5,Garrick Shannon/Michael Swoboda/Landen Cammack,"Charleston, SC",McAlister Field House,NA,1051,NA,NA,NA,NA,NA,NA,NA,NA,The Citadel,The Citadel,FALSE
401711755,2024-11-11,The Citadel,Stetson,232,2,10:39,639,639,Brody Fox made Three Point Jumper. Assisted by Cameron Glover.,home,53,40,13,18,TRUE,FALSE,0.9547658039115453,0.9420543506226464,5,-2,2.5,145.5,Garrick Shannon/Michael Swoboda/Landen Cammack,"Charleston, SC",McAlister Field House,NA,1051,NA,NA,The Citadel,made,Brody Fox,Cameron Glover,TRUE,FALSE,The Citadel,Stetson,FALSE
401711755,2024-11-11,The Citadel,Stetson,233,2,10:21,621,621,Jordan Wood missed Jumper.,away,53,40,13,18,FALSE,FALSE,0.9561408592137283,0.9439008997683717,5,-2,2.5,145.5,Garrick Shannon/Michael Swoboda/Landen Cammack,"Charleston, SC",McAlister Field House,NA,1051,NA,NA,Stetson,missed,Jordan Wood,NA,FALSE,FALSE,Stetson,Stetson,FALSE
401711755,2024-11-11,The Citadel,Stetson,234,2,10:20,620,620,Stetson Offensive Rebound.,away,53,40,13,1,FALSE,FALSE,0.9562202947028605,0.9440073122474498,5,-2,2.5,145.5,Garrick Shannon/Michael Swoboda/Landen Cammack,"Charleston, SC",McAlister Field House,NA,1051,NA,NA,NA,NA,NA,NA,NA,NA,Stetson,Stetson,FALSE
401711755,2024-11-11,The Citadel,Stetson,235,2,9:54,594,594,Mehki Ellison made Jumper.,away,53,42,11,26,TRUE,FALSE,0.9367220345435171,0.9197585225621154,5,-2,2.5,145.5,Garrick Shannon/Michael Swoboda/Landen Cammack,"Charleston, SC",McAlister Field House,NA,1051,NA,NA,Stetson,made,Mehki Ellison,NA,FALSE,FALSE,Stetson,The Citadel,FALSE
401711755,2024-11-11,The Citadel,Stetson,236,2,9:29,569,569,Eze Wali missed Three Point Jumper.,home,53,42,11,25,FALSE,FALSE,0.9398743568872676,0.9239188135527718,5,-2,2.5,145.5,Garrick Shannon/Michael Swoboda/Landen Cammack,"Charleston, SC",McAlister Field House,NA,1051,NA,NA,The Citadel,missed,Eze Wali,NA,TRUE,FALSE,The Citadel,Stetson,FALSE
401711755,2024-11-11,The Citadel,Stetson,237,2,9:26,566,566,Abramo Canka Defensive Rebound.,away,53,42,11,3,FALSE,FALSE,0.9402918130215614,0.9244673550757224,5,-2,2.5,145.5,Garrick Shannon/Michael Swoboda/Landen Cammack,"Charleston, SC",McAlister Field House,NA,1051,NA,NA,NA,NA,NA,NA,NA,NA,The Citadel,Stetson,FALSE
401711755,2024-11-11,The Citadel,Stetson,238,2,9:20,560,560,Jamie Phillips Jr. missed Jumper.,away,53,42,11,6,FALSE,FALSE,0.9411538067407027,0.9255984892063034,5,-2,2.5,145.5,Garrick Shannon/Michael Swoboda/Landen Cammack,"Charleston, SC",McAlister Field House,NA,1051,NA,NA,Stetson,missed,Jamie Phillips Jr.,NA,FALSE,FALSE,Stetson,The Citadel,FALSE
401711755,2024-11-11,The Citadel,Stetson,239,2,9:17,557,557,Eze Wali Defensive Rebound.,home,53,42,11,3,FALSE,FALSE,0.9415985985000046,0.9261813936143104,5,-2,2.5,145.5,Garrick Shannon/Michael Swoboda/Landen Cammack,"Charleston, SC",McAlister Field House,NA,1051,NA,NA,NA,NA,NA,NA,NA,NA,Stetson,The Citadel,FALSE
401711755,2024-11-11,The Citadel,Stetson,240,2,9:03,543,543,Brody Fox missed Layup.,home,53,42,11,14,FALSE,FALSE,0.943716200698801,0.9289532121321136,5,-2,2.5,145.5,Garrick Shannon/Michael Swoboda/Landen Cammack,"Charleston, SC",McAlister Field House,NA,1051,NA,NA,The Citadel,missed,Brody Fox,NA,FALSE,FALSE,The Citadel,Stetson,FALSE
401711755,2024-11-11,The Citadel,Stetson,241,2,9:01,541,541,Abramo Canka Defensive Rebound.,away,53,42,11,2,FALSE,FALSE,0.9439949968346049,0.9293188978094394,5,-2,2.5,145.5,Garrick Shannon/Michael Swoboda/Landen Cammack,"Charleston, SC",McAlister Field House,NA,1051,NA,NA,NA,NA,NA,NA,NA,NA,The Citadel,Stetson,FALSE
401711755,2024-11-11,The Citadel,Stetson,242,2,8:54,534,534,Jamie Phillips Jr. missed Three Point Jumper.,away,53,42,11,7,FALSE,FALSE,0.9449129073490224,0.9305250151213249,5,-2,2.5,145.5,Garrick Shannon/Michael Swoboda/Landen Cammack,"Charleston, SC",McAlister Field House,NA,1051,NA,NA,Stetson,missed,Jamie Phillips Jr.,NA,TRUE,FALSE,Stetson,The Citadel,FALSE
401711755,2024-11-11,The Citadel,Stetson,243,2,8:51,531,531,John Adams Defensive Rebound.,home,53,42,11,3,FALSE,FALSE,0.9452820040825859,0.9310109357817465,5,-2,2.5,145.5,Garrick Shannon/Michael Swoboda/Landen Cammack,"Charleston, SC",McAlister Field House,NA,1051,NA,NA,NA,NA,NA,NA,NA,NA,Stetson,The Citadel,FALSE
401711755,2024-11-11,The Citadel,Stetson,244,2,8:46,526,526,Foul on Jordan Wood.,away,53,42,11,5,FALSE,TRUE,0.9458700030196583,0.9317861249595946,5,-2,2.5,145.5,Garrick Shannon/Michael Swoboda/Landen Cammack,"Charleston, SC",McAlister Field House,NA,1051,NA,NA,NA,NA,NA,NA,NA,NA,The Citadel,The Citadel,FALSE
401711755,2024-11-11,The Citadel,Stetson,245,2,8:46,526,526,Sola Adebisi made Free Throw.,home,54,42,12,0,TRUE,FALSE,0.9568264667482346,0.9454288394309117,5,-2,2.5,145.5,Garrick Shannon/Michael Swoboda/Landen Cammack,"Charleston, SC",McAlister Field House,NA,1051,NA,NA,The Citadel,made,Sola Adebisi,NA,FALSE,TRUE,The Citadel,The Citadel,FALSE
401711755,2024-11-11,The Citadel,Stetson,246,2,8:45,525,525,Sola Adebisi made Free Throw.,home,55,42,13,1,TRUE,FALSE,0.9657338808535021,0.956586899270725,5,-2,2.5,145.5,Garrick Shannon/Michael Swoboda/Landen Cammack,"Charleston, SC",McAlister Field House,NA,1051,NA,NA,The Citadel,made,Sola Adebisi,NA,FALSE,TRUE,The Citadel,Stetson,FALSE
401711755,2024-11-11,The Citadel,Stetson,247,2,8:26,506,506,Treyton Thompson Turnover.,away,55,42,13,19,FALSE,FALSE,0.9672824387480189,0.9586360320452635,5,-2,2.5,145.5,Garrick Shannon/Michael Swoboda/Landen Cammack,"Charleston, SC",McAlister Field House,NA,1051,NA,NA,NA,NA,NA,NA,NA,NA,Stetson,The Citadel,FALSE
401711755,2024-11-11,The Citadel,Stetson,248,2,8:26,506,506,Cameron Glover Steal.,home,55,42,13,0,FALSE,FALSE,0.9672824387480189,0.9586360320452635,5,-2,2.5,145.5,Garrick Shannon/Michael Swoboda/Landen Cammack,"Charleston, SC",McAlister Field House,NA,1051,NA,NA,NA,NA,NA,NA,NA,NA,Stetson,The Citadel,FALSE
401711755,2024-11-11,The Citadel,Stetson,249,2,8:02,482,482,Keynan Davis missed Three Point Jumper.,home,55,42,13,24,FALSE,FALSE,0.9691516503778846,0.9611061165537672,5,-2,2.5,145.5,Garrick Shannon/Michael Swoboda/Landen Cammack,"Charleston, SC",McAlister Field House,NA,1051,NA,NA,The Citadel,missed,Keynan Davis,NA,TRUE,FALSE,The Citadel,Stetson,FALSE
401711755,2024-11-11,The Citadel,Stetson,250,2,7:59,479,479,Treyton Thompson Defensive Rebound.,away,55,42,13,3,FALSE,FALSE,0.96939712392782,0.9614292625636285,5,-2,2.5,145.5,Garrick Shannon/Michael Swoboda/Landen Cammack,"Charleston, SC",McAlister Field House,NA,1051,NA,NA,NA,NA,NA,NA,NA,NA,The Citadel,Stetson,FALSE
401711755,2024-11-11,The Citadel,Stetson,251,2,7:48,468,468,Mehki Ellison missed Three Point Jumper.,away,55,42,13,11,FALSE,FALSE,0.970344735748397,0.9626731278729858,5,-2,2.5,145.5,Garrick Shannon/Michael Swoboda/Landen Cammack,"Charleston, SC",McAlister Field House,NA,1051,NA,NA,Stetson,missed,Mehki Ellison,NA,TRUE,FALSE,Stetson,The Citadel,FALSE
401711755,2024-11-11,The Citadel,Stetson,252,2,7:45,465,465,Sola Adebisi Defensive Rebound.,home,55,42,13,3,FALSE,FALSE,0.9706187876861598,0.9630317773056543,5,-2,2.5,145.5,Garrick Shannon/Michael Swoboda/Landen Cammack,"Charleston, SC",McAlister Field House,NA,1051,NA,NA,NA,NA,NA,NA,NA,NA,Stetson,The Citadel,FALSE
401711755,2024-11-11,The Citadel,Stetson,253,2,7:24,444,444,John Adams made Layup.,home,57,42,15,21,TRUE,FALSE,0.9835413661984544,0.979289440779713,5,-2,2.5,145.5,Garrick Shannon/Michael Swoboda/Landen Cammack,"Charleston, SC",McAlister Field House,NA,1051,NA,NA,The Citadel,made,John Adams,NA,FALSE,FALSE,The Citadel,Stetson,FALSE
401711755,2024-11-11,The Citadel,Stetson,254,2,6:59,419,419,Josh Massey missed Jumper.,away,57,42,15,25,FALSE,FALSE,0.9856861249520256,0.9820600803213968,5,-2,2.5,145.5,Garrick Shannon/Michael Swoboda/Landen Cammack,"Charleston, SC",McAlister Field House,NA,1051,NA,NA,Stetson,missed,Josh Massey,NA,FALSE,FALSE,Stetson,The Citadel,FALSE
401711755,2024-11-11,The Citadel,Stetson,255,2,6:55,415,415,Keynan Davis Defensive Rebound.,home,57,42,15,4,FALSE,FALSE,0.9859968544373535,0.9824617391312316,5,-2,2.5,145.5,Garrick Shannon/Michael Swoboda/Landen Cammack,"Charleston, SC",McAlister Field House,NA,1051,NA,NA,NA,NA,NA,NA,NA,NA,Stetson,The Citadel,FALSE
401711755,2024-11-11,The Citadel,Stetson,256,2,6:41,401,401,Cameron Glover missed Three Point Jumper.,home,57,42,15,14,FALSE,FALSE,0.9869951189376063,0.9837534648979898,5,-2,2.5,145.5,Garrick Shannon/Michael Swoboda/Landen Cammack,"Charleston, SC",McAlister Field House,NA,1051,NA,NA,The Citadel,missed,Cameron Glover,NA,TRUE,FALSE,The Citadel,Stetson,FALSE
401711755,2024-11-11,The Citadel,Stetson,257,2,6:39,399,399,Abramo Canka Defensive Rebound.,away,57,42,15,2,FALSE,FALSE,0.9871291649002125,0.9839269894954646,5,-2,2.5,145.5,Garrick Shannon/Michael Swoboda/Landen Cammack,"Charleston, SC",McAlister Field House,NA,1051,NA,NA,NA,NA,NA,NA,NA,NA,The Citadel,Stetson,FALSE
401711755,2024-11-11,The Citadel,Stetson,258,2,6:37,397,397,Abramo Canka made Layup.,away,57,44,13,2,TRUE,FALSE,0.9781246192634501,0.9727551797292582,5,-2,2.5,145.5,Garrick Shannon/Michael Swoboda/Landen Cammack,"Charleston, SC",McAlister Field House,NA,1051,NA,NA,Stetson,made,Abramo Canka,NA,FALSE,FALSE,Stetson,Stetson,FALSE
401711755,2024-11-11,The Citadel,Stetson,259,2,6:37,397,397,Foul on Keynan Davis.,home,57,44,13,0,FALSE,TRUE,0.9781246192634501,0.9727551797292582,5,-2,2.5,145.5,Garrick Shannon/Michael Swoboda/Landen Cammack,"Charleston, SC",McAlister Field House,NA,1051,NA,NA,NA,NA,NA,NA,NA,NA,Stetson,Stetson,FALSE
401711755,2024-11-11,The Citadel,Stetson,260,2,6:37,397,397, Official TV Timeout,NA,57,44,13,0,FALSE,FALSE,0.9781246192634501,0.9727551797292582,5,-3,2.5,145.5,Garrick Shannon/Michael Swoboda/Landen Cammack,"Charleston, SC",McAlister Field House,NA,1051,NA,NA,NA,NA,NA,NA,NA,NA,Stetson,Stetson,FALSE
401711755,2024-11-11,The Citadel,Stetson,261,2,6:37,397,397,Abramo Canka missed Free Throw.,away,57,44,13,0,FALSE,FALSE,0.9781246192634501,0.9727551797292582,5,-3,2.5,145.5,Garrick Shannon/Michael Swoboda/Landen Cammack,"Charleston, SC",McAlister Field House,NA,1051,NA,NA,Stetson,missed,Abramo Canka,NA,FALSE,TRUE,Stetson,The Citadel,FALSE
401711755,2024-11-11,The Citadel,Stetson,262,2,6:36,396,396,Keynan Davis Defensive Rebound.,home,57,44,13,1,FALSE,FALSE,0.9782209274144468,0.9728800468032135,5,-3,2.5,145.5,Garrick Shannon/Michael Swoboda/Landen Cammack,"Charleston, SC",McAlister Field House,NA,1051,NA,NA,NA,NA,NA,NA,NA,NA,Stetson,The Citadel,FALSE
401711755,2024-11-11,The Citadel,Stetson,263,2,6:16,376,376,Paxton Davidson missed Three Point Jumper.,home,57,44,13,20,FALSE,FALSE,0.9800969458414961,0.9753097823792605,5,-3,2.5,145.5,Garrick Shannon/Michael Swoboda/Landen Cammack,"Charleston, SC",McAlister Field House,NA,1051,NA,NA,The Citadel,missed,Paxton Davidson,NA,TRUE,FALSE,The Citadel,Stetson,FALSE
401711755,2024-11-11,The Citadel,Stetson,264,2,6:13,373,373,Jamie Phillips Jr. Defensive Rebound.,away,57,44,13,3,FALSE,FALSE,0.9803769247299106,0.9756715138160476,5,-3,2.5,145.5,Garrick Shannon/Michael Swoboda/Landen Cammack,"Charleston, SC",McAlister Field House,NA,1051,NA,NA,NA,NA,NA,NA,NA,NA,The Citadel,Stetson,FALSE
401711755,2024-11-11,The Citadel,Stetson,265,2,6:11,371,371,Foul on Paxton Davidson.,home,57,44,13,2,FALSE,TRUE,0.9805642763350705,0.9759133800501703,5,-3,2.5,145.5,Garrick Shannon/Michael Swoboda/Landen Cammack,"Charleston, SC",McAlister Field House,NA,1051,NA,NA,NA,NA,NA,NA,NA,NA,Stetson,Stetson,FALSE
401711755,2024-11-11,The Citadel,Stetson,266,2,6:08,368,368,Jordan Wood missed Jumper.,away,57,44,13,3,FALSE,FALSE,0.9808467231910053,0.9762776979093158,5,-3,2.5,145.5,Garrick Shannon/Michael Swoboda/Landen Cammack,"Charleston, SC",McAlister Field House,NA,1051,NA,NA,Stetson,missed,Jordan Wood,NA,FALSE,FALSE,Stetson,The Citadel,FALSE
401711755,2024-11-11,The Citadel,Stetson,267,2,6:05,365,365,Kam Roberts Defensive Rebound.,home,57,44,13,3,FALSE,FALSE,0.9811312880788936,0.9766443401349227,5,-3,2.5,145.5,Garrick Shannon/Michael Swoboda/Landen Cammack,"Charleston, SC",McAlister Field House,NA,1051,NA,NA,NA,NA,NA,NA,NA,NA,Stetson,The Citadel,FALSE
401711755,2024-11-11,The Citadel,Stetson,268,2,5:55,355,355,Paxton Davidson made Layup.,home,59,44,15,10,TRUE,FALSE,0.989928184360791,0.9875354672804826,5,-3,2.5,145.5,Garrick Shannon/Michael Swoboda/Landen Cammack,"Charleston, SC",McAlister Field House,NA,1051,NA,NA,The Citadel,made,Paxton Davidson,NA,FALSE,FALSE,The Citadel,Stetson,FALSE
401711755,2024-11-11,The Citadel,Stetson,269,2,5:40,340,340,Alex Doyle missed Layup.,away,59,44,15,15,FALSE,FALSE,0.9909289457773038,0.988811701375518,5,-3,2.5,145.5,Garrick Shannon/Michael Swoboda/Landen Cammack,"Charleston, SC",McAlister Field House,NA,1051,NA,NA,Stetson,missed,Alex Doyle,NA,FALSE,FALSE,Stetson,The Citadel,FALSE
401711755,2024-11-11,The Citadel,Stetson,270,2,5:40,340,340,Kam Roberts Block.,home,59,44,15,0,FALSE,FALSE,0.9909289457773038,0.988811701375518,5,-3,2.5,145.5,Garrick Shannon/Michael Swoboda/Landen Cammack,"Charleston, SC",McAlister Field House,NA,1051,NA,NA,NA,NA,NA,NA,NA,NA,Stetson,The Citadel,FALSE
401711755,2024-11-11,The Citadel,Stetson,271,2,5:36,336,336,Brody Fox Defensive Rebound.,home,59,44,15,4,FALSE,FALSE,0.9912051052089169,0.9891623020459878,5,-3,2.5,145.5,Garrick Shannon/Michael Swoboda/Landen Cammack,"Charleston, SC",McAlister Field House,NA,1051,NA,NA,NA,NA,NA,NA,NA,NA,Stetson,The Citadel,FALSE
401711755,2024-11-11,The Citadel,Stetson,272,2,5:20,320,320,Brody Fox missed Layup.,home,59,44,15,16,FALSE,FALSE,0.9923477037925956,0.9906058728328233,5,-3,2.5,145.5,Garrick Shannon/Michael Swoboda/Landen Cammack,"Charleston, SC",McAlister Field House,NA,1051,NA,NA,The Citadel,missed,Brody Fox,NA,FALSE,FALSE,The Citadel,The Citadel,FALSE
401711755,2024-11-11,The Citadel,Stetson,273,2,5:17,317,317,Kam Roberts Offensive Rebound.,home,59,44,15,3,FALSE,FALSE,0.9925678118213145,0.9908827059470394,5,-3,2.5,145.5,Garrick Shannon/Michael Swoboda/Landen Cammack,"Charleston, SC",McAlister Field House,NA,1051,NA,NA,NA,NA,NA,NA,NA,NA,The Citadel,The Citadel,FALSE
401711755,2024-11-11,The Citadel,Stetson,274,2,5:14,314,314,Colby McAllister missed Three Point Jumper.,home,59,44,15,3,FALSE,FALSE,0.9927893561715335,0.991160952106657,5,-3,2.5,145.5,Garrick Shannon/Michael Swoboda/Landen Cammack,"Charleston, SC",McAlister Field House,NA,1051,NA,NA,The Citadel,missed,Colby McAllister,NA,TRUE,FALSE,The Citadel,The Citadel,FALSE
401711755,2024-11-11,The Citadel,Stetson,275,2,5:12,312,312,The Citadel Offensive Rebound.,home,59,44,15,2,FALSE,FALSE,0.9929377399979772,0.9913470955366204,5,-3,2.5,145.5,Garrick Shannon/Michael Swoboda/Landen Cammack,"Charleston, SC",McAlister Field House,NA,1051,NA,NA,NA,NA,NA,NA,NA,NA,The Citadel,The Citadel,FALSE
401711755,2024-11-11,The Citadel,Stetson,276,2,5:07,307,307,Colby McAllister made Layup. Assisted by Brody Fox.,home,61,44,17,5,TRUE,FALSE,0.99644617268844915,0.9956480336800593,5,-3,2.5,145.5,Garrick Shannon/Michael Swoboda/Landen Cammack,"Charleston, SC",McAlister Field House,NA,1051,NA,NA,The Citadel,made,Colby McAllister,Brody Fox,FALSE,FALSE,The Citadel,Stetson,FALSE
401711755,2024-11-11,The Citadel,Stetson,277,2,5:07,307,307,Stetson  Timeout,away,61,44,17,0,FALSE,FALSE,0.99644617268844915,0.9956480336800593,4,-3,2.5,145.5,Garrick Shannon/Michael Swoboda/Landen Cammack,"Charleston, SC",McAlister Field House,NA,1051,NA,NA,NA,NA,NA,NA,NA,NA,The Citadel,Stetson,FALSE
401711755,2024-11-11,The Citadel,Stetson,278,2,4:47,287,287,Tristan Gross missed Three Point Jumper.,away,61,44,17,20,FALSE,FALSE,0.996732716599587,0.9960195309451542,4,-3,2.5,145.5,Garrick Shannon/Michael Swoboda/Landen Cammack,"Charleston, SC",McAlister Field House,NA,1051,NA,NA,Stetson,missed,Tristan Gross,NA,TRUE,FALSE,Stetson,Stetson,FALSE
401711755,2024-11-11,The Citadel,Stetson,279,2,4:43,283,283,Josh Massey Offensive Rebound.,away,61,44,17,4,FALSE,FALSE,0.9967140461939821,0.9960009609500206,4,-3,2.5,145.5,Garrick Shannon/Michael Swoboda/Landen Cammack,"Charleston, SC",McAlister Field House,NA,1051,NA,NA,NA,NA,NA,NA,NA,NA,Stetson,Stetson,FALSE
401711755,2024-11-11,The Citadel,Stetson,280,2,4:43,283,283,Josh Massey made Jumper.,away,61,46,15,0,TRUE,FALSE,0.9937298584492488,0.9923741290390573,4,-3,2.5,145.5,Garrick Shannon/Michael Swoboda/Landen Cammack,"Charleston, SC",McAlister Field House,NA,1051,NA,NA,Stetson,made,Josh Massey,NA,FALSE,FALSE,Stetson,The Citadel,FALSE
401711755,2024-11-11,The Citadel,Stetson,281,2,4:25,265,265,Keynan Davis made Dunk. Assisted by Paxton Davidson.,home,63,46,17,18,TRUE,FALSE,0.9964565978561173,0.9957081412918454,4,-3,2.5,145.5,Garrick Shannon/Michael Swoboda/Landen Cammack,"Charleston, SC",McAlister Field House,NA,1051,NA,NA,The Citadel,made,Keynan Davis,Paxton Davidson,FALSE,FALSE,The Citadel,Stetson,FALSE
401711755,2024-11-11,The Citadel,Stetson,282,2,4:08,248,248,Josh Massey missed Jumper.,away,63,46,17,17,FALSE,FALSE,0.9961385805067079,0.9953445915811578,4,-3,2.5,145.5,Garrick Shannon/Michael Swoboda/Landen Cammack,"Charleston, SC",McAlister Field House,NA,1051,NA,NA,Stetson,missed,Josh Massey,NA,FALSE,FALSE,Stetson,The Citadel,FALSE
401711755,2024-11-11,The Citadel,Stetson,283,2,4:05,245,245,Colby McAllister Defensive Rebound.,home,63,46,17,3,FALSE,FALSE,0.9960968509374393,0.9952982107043005,4,-3,2.5,145.5,Garrick Shannon/Michael Swoboda/Landen Cammack,"Charleston, SC",McAlister Field House,NA,1051,NA,NA,NA,NA,NA,NA,NA,NA,Stetson,The Citadel,FALSE
401711755,2024-11-11,The Citadel,Stetson,284,2,4:03,243,243,Brody Fox made Dunk. Assisted by Colby McAllister.,home,65,46,19,2,TRUE,FALSE,0.9979038665717205,0.9974754352196931,4,-3,2.5,145.5,Garrick Shannon/Michael Swoboda/Landen Cammack,"Charleston, SC",McAlister Field House,NA,1051,NA,NA,The Citadel,made,Brody Fox,Colby McAllister,FALSE,FALSE,The Citadel,Stetson,FALSE
401711755,2024-11-11,The Citadel,Stetson,285,2,3:50,230,230,Jordan Wood missed Three Point Jumper.,away,65,46,19,13,FALSE,FALSE,0.9978964204204316,0.9974758499105854,4,-3,2.5,145.5,Garrick Shannon/Michael Swoboda/Landen Cammack,"Charleston, SC",McAlister Field House,NA,1051,NA,NA,Stetson,missed,Jordan Wood,NA,TRUE,FALSE,Stetson,Stetson,FALSE
401711755,2024-11-11,The Citadel,Stetson,286,2,3:46,226,226,Jordan Wood Offensive Rebound.,away,65,46,19,4,FALSE,FALSE,0.997930103225496,0.9975191732088001,4,-3,2.5,145.5,Garrick Shannon/Michael Swoboda/Landen Cammack,"Charleston, SC",McAlister Field House,NA,1051,NA,NA,NA,NA,NA,NA,NA,NA,Stetson,Stetson,FALSE
401711755,2024-11-11,The Citadel,Stetson,287,2,3:45,225,225,Foul on Brody Fox.,home,65,46,19,1,FALSE,TRUE,0.9979415871149349,0.9975336648313403,4,-3,2.5,145.5,Garrick Shannon/Michael Swoboda/Landen Cammack,"Charleston, SC",McAlister Field House,NA,1051,NA,NA,NA,NA,NA,NA,NA,NA,Stetson,Stetson,FALSE
401711755,2024-11-11,The Citadel,Stetson,288,2,3:45,225,225, Official TV Timeout,NA,65,46,19,0,FALSE,FALSE,0.9979415871149349,0.9975336648313403,4,-4,2.5,145.5,Garrick Shannon/Michael Swoboda/Landen Cammack,"Charleston, SC",McAlister Field House,NA,1051,NA,NA,NA,NA,NA,NA,NA,NA,Stetson,Stetson,FALSE
401711755,2024-11-11,The Citadel,Stetson,289,2,3:45,225,225,Jordan Wood made Free Throw.,away,65,47,18,0,TRUE,FALSE,0.9971789910606528,0.9966204544620624,4,-4,2.5,145.5,Garrick Shannon/Michael Swoboda/Landen Cammack,"Charleston, SC",McAlister Field House,NA,1051,NA,NA,Stetson,made,Jordan Wood,NA,FALSE,TRUE,Stetson,Stetson,FALSE
401711755,2024-11-11,The Citadel,Stetson,290,2,3:45,225,225,Jordan Wood made Free Throw.,away,65,48,17,0,TRUE,FALSE,0.9961349644013273,0.9953706787278054,4,-4,2.5,145.5,Garrick Shannon/Michael Swoboda/Landen Cammack,"Charleston, SC",McAlister Field House,NA,1051,NA,NA,Stetson,made,Jordan Wood,NA,FALSE,TRUE,Stetson,The Citadel,FALSE
401711755,2024-11-11,The Citadel,Stetson,291,2,3:20,200,200,Cameron Glover missed Layup.,home,65,48,17,25,FALSE,FALSE,0.9972804023590047,0.9967674498160691,4,-4,2.5,145.5,Garrick Shannon/Michael Swoboda/Landen Cammack,"Charleston, SC",McAlister Field House,NA,1051,NA,NA,The Citadel,missed,Cameron Glover,NA,FALSE,FALSE,The Citadel,The Citadel,FALSE
401711755,2024-11-11,The Citadel,Stetson,292,2,3:16,196,196,Sola Adebisi Offensive Rebound.,home,65,48,17,4,FALSE,FALSE,0.9975539411920564,0.9970963633456776,4,-4,2.5,145.5,Garrick Shannon/Michael Swoboda/Landen Cammack,"Charleston, SC",McAlister Field House,NA,1051,NA,NA,NA,NA,NA,NA,NA,NA,The Citadel,The Citadel,FALSE
401711755,2024-11-11,The Citadel,Stetson,293,2,3:16,196,196,Sola Adebisi missed Jumper.,home,65,48,17,0,FALSE,FALSE,0.9975539411920564,0.9970963633456776,4,-4,2.5,145.5,Garrick Shannon/Michael Swoboda/Landen Cammack,"Charleston, SC",McAlister Field House,NA,1051,NA,NA,The Citadel,missed,Sola Adebisi,NA,FALSE,FALSE,The Citadel,The Citadel,FALSE
401711755,2024-11-11,The Citadel,Stetson,294,2,3:14,194,194,Sola Adebisi Offensive Rebound.,home,65,48,17,2,FALSE,FALSE,0.9976943686252219,0.9972648691919531,4,-4,2.5,145.5,Garrick Shannon/Michael Swoboda/Landen Cammack,"Charleston, SC",McAlister Field House,NA,1051,NA,NA,NA,NA,NA,NA,NA,NA,The Citadel,The Citadel,FALSE
401711755,2024-11-11,The Citadel,Stetson,295,2,3:14,194,194,Sola Adebisi made Jumper.,home,67,48,19,0,TRUE,FALSE,0.9988468144494232,0.9986317014073453,4,-4,2.5,145.5,Garrick Shannon/Michael Swoboda/Landen Cammack,"Charleston, SC",McAlister Field House,NA,1051,NA,NA,The Citadel,made,Sola Adebisi,NA,FALSE,FALSE,The Citadel,Stetson,FALSE
401711755,2024-11-11,The Citadel,Stetson,296,2,3:06,186,186,Tristan Gross missed Three Point Jumper.,away,67,48,19,8,FALSE,FALSE,0.9991489663873999,0.9989930025590521,4,-4,2.5,145.5,Garrick Shannon/Michael Swoboda/Landen Cammack,"Charleston, SC",McAlister Field House,NA,1051,NA,NA,Stetson,missed,Tristan Gross,NA,TRUE,FALSE,Stetson,Stetson,FALSE
401711755,2024-11-11,The Citadel,Stetson,297,2,3:04,184,184,Jamie Phillips Jr. Offensive Rebound.,away,67,48,19,2,FALSE,FALSE,0.9992134263352779,0.9990699286528657,4,-4,2.5,145.5,Garrick Shannon/Michael Swoboda/Landen Cammack,"Charleston, SC",McAlister Field House,NA,1051,NA,NA,NA,NA,NA,NA,NA,NA,Stetson,Stetson,FALSE
401711755,2024-11-11,The Citadel,Stetson,298,2,3:04,184,184,Foul on Sola Adebisi.,home,67,48,19,0,FALSE,TRUE,0.9992134263352779,0.9990699286528657,4,-4,2.5,145.5,Garrick Shannon/Michael Swoboda/Landen Cammack,"Charleston, SC",McAlister Field House,NA,1051,NA,NA,NA,NA,NA,NA,NA,NA,Stetson,Stetson,FALSE
401711755,2024-11-11,The Citadel,Stetson,299,2,3:04,184,184,Jamie Phillips Jr. made Free Throw.,away,67,49,18,0,TRUE,FALSE,0.9988646799600576,0.9986576445967873,4,-4,2.5,145.5,Garrick Shannon/Michael Swoboda/Landen Cammack,"Charleston, SC",McAlister Field House,NA,1051,NA,NA,Stetson,made,Jamie Phillips Jr.,NA,FALSE,TRUE,Stetson,Stetson,FALSE
401711755,2024-11-11,The Citadel,Stetson,300,2,3:04,184,184,Jamie Phillips Jr. made Free Throw.,away,67,50,17,0,TRUE,FALSE,0.9983615620245218,0.9980629567048298,4,-4,2.5,145.5,Garrick Shannon/Michael Swoboda/Landen Cammack,"Charleston, SC",McAlister Field House,NA,1051,NA,NA,Stetson,made,Jamie Phillips Jr.,NA,FALSE,TRUE,Stetson,The Citadel,FALSE
401711755,2024-11-11,The Citadel,Stetson,301,2,2:35,155,155,Colby McAllister made Three Point Jumper. Assisted by Cameron Glover.,home,70,50,20,29,TRUE,FALSE,0.9998481238382959,0.9998223020669584,4,-4,2.5,145.5,Garrick Shannon/Michael Swoboda/Landen Cammack,"Charleston, SC",McAlister Field House,NA,1051,NA,NA,The Citadel,made,Colby McAllister,Cameron Glover,TRUE,FALSE,The Citadel,Stetson,FALSE
401711755,2024-11-11,The Citadel,Stetson,302,2,2:20,140,140,Mehki Ellison missed Three Point Jumper.,away,70,50,20,15,FALSE,FALSE,0.9999294001734457,0.9999178727545445,4,-4,2.5,145.5,Garrick Shannon/Michael Swoboda/Landen Cammack,"Charleston, SC",McAlister Field House,NA,1051,NA,NA,Stetson,missed,Mehki Ellison,NA,TRUE,FALSE,Stetson,The Citadel,FALSE
401711755,2024-11-11,The Citadel,Stetson,303,2,2:17,137,137,Brody Fox Defensive Rebound.,home,70,50,20,3,FALSE,FALSE,0.99994020161781,0.9999305200142392,4,-4,2.5,145.5,Garrick Shannon/Michael Swoboda/Landen Cammack,"Charleston, SC",McAlister Field House,NA,1051,NA,NA,NA,NA,NA,NA,NA,NA,Stetson,The Citadel,FALSE
401711755,2024-11-11,The Citadel,Stetson,304,2,2:04,124,124,Foul on Daniel Macgregor.,away,70,50,20,13,FALSE,TRUE,0.9999725815497159,0.9999683086061228,4,-4,2.5,145.5,Garrick Shannon/Michael Swoboda/Landen Cammack,"Charleston, SC",McAlister Field House,NA,1051,NA,NA,NA,NA,NA,NA,NA,NA,The Citadel,The Citadel,FALSE
401711755,2024-11-11,The Citadel,Stetson,305,2,2:04,124,124,Brody Fox missed Free Throw.,home,70,50,20,0,FALSE,FALSE,0.9999725815497159,0.9999683086061228,4,-4,2.5,145.5,Garrick Shannon/Michael Swoboda/Landen Cammack,"Charleston, SC",McAlister Field House,NA,1051,NA,NA,The Citadel,missed,Brody Fox,NA,FALSE,TRUE,The Citadel,The Citadel,FALSE
401711755,2024-11-11,The Citadel,Stetson,306,2,2:04,124,124,The Citadel Offensive Rebound.,home,70,50,20,0,FALSE,FALSE,0.9999725815497159,0.9999683086061228,4,-4,2.5,145.5,Garrick Shannon/Michael Swoboda/Landen Cammack,"Charleston, SC",McAlister Field House,NA,1051,NA,NA,NA,NA,NA,NA,NA,NA,The Citadel,The Citadel,FALSE
401711755,2024-11-11,The Citadel,Stetson,307,2,2:04,124,124,Brody Fox made Free Throw.,home,71,50,21,0,TRUE,FALSE,0.9999836658900876,0.9999811203186277,4,-4,2.5,145.5,Garrick Shannon/Michael Swoboda/Landen Cammack,"Charleston, SC",McAlister Field House,NA,1051,NA,NA,The Citadel,made,Brody Fox,NA,FALSE,TRUE,The Citadel,Stetson,FALSE
401711755,2024-11-11,The Citadel,Stetson,308,2,1:47,107,107,Mehki Ellison missed Jumper.,away,71,50,21,17,FALSE,FALSE,0.999995346061364,0.9999946589853185,4,-4,2.5,145.5,Garrick Shannon/Michael Swoboda/Landen Cammack,"Charleston, SC",McAlister Field House,NA,1051,NA,NA,Stetson,missed,Mehki Ellison,NA,FALSE,FALSE,Stetson,Stetson,FALSE
401711755,2024-11-11,The Citadel,Stetson,309,2,1:45,105,105,Landen Babusiak Offensive Rebound.,away,71,50,21,2,FALSE,FALSE,0.9999960483812055,0.999995468896047,4,-4,2.5,145.5,Garrick Shannon/Michael Swoboda/Landen Cammack,"Charleston, SC",McAlister Field House,NA,1051,NA,NA,NA,NA,NA,NA,NA,NA,Stetson,Stetson,FALSE
401711755,2024-11-11,The Citadel,Stetson,310,2,1:45,105,105,Foul on Cameron Glover.,home,71,50,21,0,FALSE,TRUE,0.9999960483812055,0.999995468896047,4,-4,2.5,145.5,Garrick Shannon/Michael Swoboda/Landen Cammack,"Charleston, SC",McAlister Field House,NA,1051,NA,NA,NA,NA,NA,NA,NA,NA,Stetson,Stetson,FALSE
401711755,2024-11-11,The Citadel,Stetson,311,2,1:45,105,105,Landen Babusiak missed Free Throw.,away,71,50,21,0,FALSE,FALSE,0.9999960483812055,0.999995468896047,4,-4,2.5,145.5,Garrick Shannon/Michael Swoboda/Landen Cammack,"Charleston, SC",McAlister Field House,NA,1051,NA,NA,Stetson,missed,Landen Babusiak,NA,FALSE,TRUE,Stetson,The Citadel,FALSE
401711755,2024-11-11,The Citadel,Stetson,312,2,1:42,102,102,Brody Fox Defensive Rebound.,home,71,50,21,3,FALSE,FALSE,0.9999969293268136,0.9999964836079198,4,-4,2.5,145.5,Garrick Shannon/Michael Swoboda/Landen Cammack,"Charleston, SC",McAlister Field House,NA,1051,NA,NA,NA,NA,NA,NA,NA,NA,Stetson,The Citadel,FALSE
401711755,2024-11-11,The Citadel,Stetson,313,2,1:15,75,75,Cameron Glover made Three Point Jumper. Assisted by Paxton Davidson.,home,74,50,24,27,TRUE,FALSE,0.9999999721073788,0.9999999684440136,4,-4,2.5,145.5,Garrick Shannon/Michael Swoboda/Landen Cammack,"Charleston, SC",McAlister Field House,NA,1051,NA,NA,The Citadel,made,Cameron Glover,Paxton Davidson,TRUE,FALSE,The Citadel,Stetson,FALSE
401711755,2024-11-11,The Citadel,Stetson,314,2,1:01,61,61,Finley Sheridan missed Jumper.,away,74,50,24,14,FALSE,FALSE,0.9999999949855208,0.9999999943642568,4,-4,2.5,145.5,Garrick Shannon/Michael Swoboda/Landen Cammack,"Charleston, SC",McAlister Field House,NA,1051,NA,NA,Stetson,missed,Finley Sheridan,NA,FALSE,FALSE,Stetson,The Citadel,FALSE
401711755,2024-11-11,The Citadel,Stetson,315,2,0:57,57,57,Sola Adebisi Defensive Rebound.,home,74,50,24,4,FALSE,FALSE,0.9999999969989471,0.9999999966336104,4,-4,2.5,145.5,Garrick Shannon/Michael Swoboda/Landen Cammack,"Charleston, SC",McAlister Field House,NA,1051,NA,NA,NA,NA,NA,NA,NA,NA,Stetson,The Citadel,FALSE
401711755,2024-11-11,The Citadel,Stetson,316,2,0:34,34,34,Keynan Davis Turnover.,home,74,50,24,23,FALSE,FALSE,0.9999999998767961,0.9999999998633652,4,-4,2.5,145.5,Garrick Shannon/Michael Swoboda/Landen Cammack,"Charleston, SC",McAlister Field House,NA,1051,NA,NA,NA,NA,NA,NA,NA,NA,The Citadel,Stetson,FALSE
401711755,2024-11-11,The Citadel,Stetson,317,2,0:34,34,34,Landen Babusiak Steal.,away,74,50,24,0,FALSE,FALSE,0.9999999998767961,0.9999999998633652,4,-4,2.5,145.5,Garrick Shannon/Michael Swoboda/Landen Cammack,"Charleston, SC",McAlister Field House,NA,1051,NA,NA,NA,NA,NA,NA,NA,NA,The Citadel,Stetson,FALSE
401711755,2024-11-11,The Citadel,Stetson,318,2,0:33,33,33,Foul on Brody Fox.,home,74,50,24,1,FALSE,TRUE,0.9999999998937721,0.9999999998822519,4,-4,2.5,145.5,Garrick Shannon/Michael Swoboda/Landen Cammack,"Charleston, SC",McAlister Field House,NA,1051,NA,NA,NA,NA,NA,NA,NA,NA,Stetson,Stetson,FALSE
401711755,2024-11-11,The Citadel,Stetson,319,2,0:33,33,33,Daniel Macgregor made Free Throw.,away,74,51,23,0,TRUE,FALSE,0.9999999997246096,0.9999999996947438,4,-4,2.5,145.5,Garrick Shannon/Michael Swoboda/Landen Cammack,"Charleston, SC",McAlister Field House,NA,1051,NA,NA,Stetson,made,Daniel Macgregor,NA,FALSE,TRUE,Stetson,Stetson,FALSE
401711755,2024-11-11,The Citadel,Stetson,320,2,0:33,33,33,Daniel Macgregor made Free Throw.,away,74,52,22,0,TRUE,FALSE,0.9999999992860644,0.999999999208639,4,-4,2.5,145.5,Garrick Shannon/Michael Swoboda/Landen Cammack,"Charleston, SC",McAlister Field House,NA,1051,NA,NA,Stetson,made,Daniel Macgregor,NA,FALSE,TRUE,Stetson,The Citadel,FALSE
401711755,2024-11-11,The Citadel,Stetson,321,2,0:02,2,2,The Citadel  Turnover.,home,74,52,22,31,FALSE,FALSE,0.999999999992661,0.9999999999919972,4,-4,2.5,145.5,Garrick Shannon/Michael Swoboda/Landen Cammack,"Charleston, SC",McAlister Field House,NA,1051,NA,NA,NA,NA,NA,NA,NA,NA,The Citadel,Stetson,FALSE
401711755,2024-11-11,The Citadel,Stetson,322,2,0:00,0,0,End of 2nd half,NA,74,52,22,2,FALSE,FALSE,1,1,4,-4,2.5,145.5,Garrick Shannon/Michael Swoboda/Landen Cammack,"Charleston, SC",McAlister Field House,NA,1051,NA,NA,NA,NA,NA,NA,NA,NA,Stetson,NA,FALSE
401711755,2024-11-11,The Citadel,Stetson,323,2,0:00,0,0,End of Game,NA,74,52,22,0,FALSE,FALSE,1,1,4,-4,2.5,145.5,Garrick Shannon/Michael Swoboda/Landen Cammack,"Charleston, SC",McAlister Field House,NA,1051,NA,NA,NA,NA,NA,NA,NA,NA,Stetson,NA,FALSE
