game_id,date,home,away,play_id,half,time_remaining_half,secs_remaining,secs_remaining_absolute,description,home_score,away_score,score_diff,play_length,win_prob,naive_win_prob,home_time_out_remaining,away_time_out_remaining,home_favored_by,shot_x,shot_y,shot_team,shot_outcome,shooter,assist,three_pt,free_throw,possession_before,possession_after
400987187,2017-11-20,Mississippi State,Green Bay,1,1,20:00:00,2400,2400,PLAY,0,0,0,0,0.9701525293568918,0.5,4,4,21.7,NA,NA,NA,NA,NA,NA,NA,NA,NA,Mississippi State
400987187,2017-11-20,Mississippi State,Green Bay,2,1,19:43:00,2383,2383,Aric Holman made Dunk. Assisted by Abdul Ado.,2,0,2,17,0.97475179653059,0.5443841825587584,4,4,21.7,NA,NA,Mississippi State,made,Aric Holman,Abdul Ado,FALSE,FALSE,Mississippi State,Mississippi State
400987187,2017-11-20,Mississippi State,Green Bay,3,1,19:43:00,2383,2383,Foul on Kameron Hankerson.,2,0,2,0,0.97475179653059,0.5443841825587584,4,4,21.7,NA,NA,NA,NA,NA,NA,NA,NA,Mississippi State,Mississippi State
400987187,2017-11-20,Mississippi State,Green Bay,4,1,19:43:00,2383,2383,Aric Holman missed Free Throw.,2,0,2,0,0.97475179653059,0.5443841825587584,4,4,21.7,NA,NA,Mississippi State,missed,Aric Holman,NA,FALSE,TRUE,Mississippi State,Mississippi State
400987187,2017-11-20,Mississippi State,Green Bay,5,1,19:43:00,2383,2383,Abdul Ado Offensive Rebound.,2,0,2,0,0.97475179653059,0.5443841825587584,4,4,21.7,NA,NA,NA,NA,NA,NA,NA,NA,Mississippi State,Mississippi State
400987187,2017-11-20,Mississippi State,Green Bay,6,1,19:37:00,2377,2377,Lamar Peters Turnover.,2,0,2,6,0.9747121775513456,0.5445115236168748,4,4,21.7,NA,NA,NA,NA,NA,NA,NA,NA,Mississippi State,Green Bay
400987187,2017-11-20,Mississippi State,Green Bay,7,1,19:35:00,2375,2375,Trevian Bell Steal.,2,0,2,2,0.9746988858316789,0.5445540855324189,4,4,21.7,NA,NA,NA,NA,NA,NA,NA,NA,Mississippi State,Green Bay
400987187,2017-11-20,Mississippi State,Green Bay,8,1,19:28:00,2368,2368,Kameron Hankerson Turnover.,2,0,2,7,0.974652024314796,0.5447034963388572,4,4,21.7,NA,NA,NA,NA,NA,NA,NA,NA,Green Bay,Green Bay
400987187,2017-11-20,Mississippi State,Green Bay,9,1,19:27:00,2367,2367,Lamar Peters Steal.,2,0,2,1,0.9746452862119496,0.5447248964309589,4,4,21.7,NA,NA,NA,NA,NA,NA,NA,NA,Green Bay,Mississippi State
400987187,2017-11-20,Mississippi State,Green Bay,10,1,19:20:00,2360,2360,Foul on Hunter Crist.,2,0,2,7,0.9745978104617912,0.5448750795359576,4,4,21.7,NA,NA,NA,NA,NA,NA,NA,NA,Mississippi State,Mississippi State
400987187,2017-11-20,Mississippi State,Green Bay,11,1,19:20:00,2360,2360,Lamar Peters made Free Throw.,3,0,3,0,0.976733103222366,0.5670872430693348,4,4,21.7,NA,NA,Mississippi State,made,Lamar Peters,NA,FALSE,TRUE,Mississippi State,Mississippi State
400987187,2017-11-20,Mississippi State,Green Bay,12,1,19:20:00,2360,2360,Lamar Peters made Free Throw.,4,0,4,0,0.9786928286950936,0.5890329902288622,4,4,21.7,NA,NA,Mississippi State,made,Lamar Peters,NA,FALSE,TRUE,Mississippi State,Mississippi State
400987187,2017-11-20,Mississippi State,Green Bay,13,1,19:07:00,2347,2347,Foul on Abdul Ado.,4,0,4,13,0.9786410005699356,0.5895808025725221,4,4,21.7,NA,NA,NA,NA,NA,NA,NA,NA,Mississippi State,Green Bay
400987187,2017-11-20,Mississippi State,Green Bay,14,1,19:07:00,2347,2347,Kameron Hankerson made Free Throw.,4,1,3,0,0.9766637282649016,0.5675039540011753,4,4,21.7,NA,NA,NA,made,Kameron Hankerson,NA,FALSE,TRUE,Green Bay,Mississippi State
400987187,2017-11-20,Mississippi State,Green Bay,15,1,19:07:00,2347,2347,Kameron Hankerson made Free Throw.,4,2,2,0,0.9745081813333324,0.5451557187753678,4,4,21.7,NA,NA,NA,made,Kameron Hankerson,NA,FALSE,TRUE,Mississippi State,Mississippi State
400987187,2017-11-20,Mississippi State,Green Bay,16,1,19:02:00,2342,2342,Lamar Peters Turnover.,4,2,2,5,0.9744731928228044,0.5452642352579568,4,4,21.7,NA,NA,NA,NA,NA,NA,NA,NA,Mississippi State,Green Bay
400987187,2017-11-20,Mississippi State,Green Bay,17,1,18:51:00,2331,2331,David Jesperson missed Three Point Jumper.,4,2,2,11,0.9743951855606132,0.5455040576359357,4,4,21.7,NA,NA,Green Bay,missed,David Jesperson,NA,TRUE,FALSE,Green Bay,Green Bay
400987187,2017-11-20,Mississippi State,Green Bay,18,1,18:51:00,2331,2331,David Jesperson Offensive Rebound.,4,2,2,0,0.9743951855606132,0.5455040576359357,4,4,21.7,NA,NA,NA,NA,NA,NA,NA,NA,Green Bay,Green Bay
400987187,2017-11-20,Mississippi State,Green Bay,19,1,18:33:00,2313,2313,Kameron Hankerson Turnover.,4,2,2,18,0.974264390427512,0.5458995598090786,4,4,21.7,NA,NA,NA,NA,NA,NA,NA,NA,Green Bay,Mississippi State
400987187,2017-11-20,Mississippi State,Green Bay,20,1,18:03:00,2283,2283,Nick Weatherspoon missed Three Point Jumper.,4,2,2,30,0.9740373044217636,0.5465664414276336,4,4,21.7,NA,NA,Mississippi State,missed,Nick Weatherspoon,NA,TRUE,FALSE,Mississippi State,Mississippi State
400987187,2017-11-20,Mississippi State,Green Bay,21,1,18:03:00,2283,2283,Abdul Ado Offensive Rebound.,4,2,2,0,0.9740373044217636,0.5465664414276336,4,4,21.7,NA,NA,NA,NA,NA,NA,NA,NA,Mississippi State,Mississippi State
400987187,2017-11-20,Mississippi State,Green Bay,22,1,17:57:00,2277,2277,Abdul Ado Turnover.,4,2,2,6,0.9739904651337312,0.5467008721621327,4,4,21.7,NA,NA,NA,NA,NA,NA,NA,NA,Mississippi State,Green Bay
400987187,2017-11-20,Mississippi State,Green Bay,23,1,17:55:00,2275,2275,Khalil Small Steal.,4,2,2,2,0.9739747436173654,0.5467457551815094,4,4,21.7,NA,NA,NA,NA,NA,NA,NA,NA,Mississippi State,Green Bay
400987187,2017-11-20,Mississippi State,Green Bay,24,1,17:53:00,2273,2273,Khalil Small Turnover.,4,2,2,2,0.973958967479765,0.5467906738870376,4,4,21.7,NA,NA,NA,NA,NA,NA,NA,NA,Green Bay,Mississippi State
400987187,2017-11-20,Mississippi State,Green Bay,25,1,17:53:00,2273,2273,Foul on Khalil Small.,4,2,2,0,0.973958967479765,0.5467906738870376,4,4,21.7,NA,NA,NA,NA,NA,NA,NA,NA,Mississippi State,Mississippi State
400987187,2017-11-20,Mississippi State,Green Bay,26,1,17:35:00,2255,2255,Abdul Ado made Dunk. Assisted by Aric Holman.,6,2,4,18,0.9782332375856406,0.593559340860134,4,4,21.7,NA,NA,Mississippi State,made,Abdul Ado,Aric Holman,FALSE,FALSE,Mississippi State,Green Bay
400987187,2017-11-20,Mississippi State,Green Bay,27,1,17:35:00,2255,2255,Foul on Kameron Hankerson.,6,2,4,0,0.9782332375856406,0.593559340860134,4,4,21.7,NA,NA,NA,NA,NA,NA,NA,NA,Mississippi State,Green Bay
400987187,2017-11-20,Mississippi State,Green Bay,28,1,17:35:00,2255,2255,Abdul Ado made Free Throw.,7,2,5,0,0.9801604486510936,0.6161820417613122,4,4,21.7,NA,NA,Mississippi State,made,Abdul Ado,NA,FALSE,TRUE,Mississippi State,Green Bay
400987187,2017-11-20,Mississippi State,Green Bay,29,1,17:21:00,2241,2241,Hunter Crist Turnover.,7,2,5,14,0.9801098126081724,0.6169392212643802,4,4,21.7,NA,NA,NA,NA,NA,NA,NA,NA,Green Bay,Mississippi State
400987187,2017-11-20,Mississippi State,Green Bay,30,1,17:21:00,2241,2241,Abdul Ado Steal.,7,2,5,0,0.9801098126081724,0.6169392212643802,4,4,21.7,NA,NA,NA,NA,NA,NA,NA,NA,Green Bay,Mississippi State
400987187,2017-11-20,Mississippi State,Green Bay,31,1,17:21:00,2241,2241,Foul on Hunter Crist.,7,2,5,0,0.9801098126081724,0.6169392212643802,4,4,21.7,NA,NA,NA,NA,NA,NA,NA,NA,Mississippi State,Mississippi State
400987187,2017-11-20,Mississippi State,Green Bay,32,1,17:07:00,2227,2227,Abdul Ado made Jumper.,9,2,7,14,0.9834823597262076,0.661886347519587,4,4,21.7,NA,NA,Mississippi State,made,Abdul Ado,NA,FALSE,FALSE,Mississippi State,Green Bay
400987187,2017-11-20,Mississippi State,Green Bay,33,1,16:59:00,2219,2219,Trevian Bell made Three Point Jumper.,9,5,4,8,0.9780512556305062,0.5951533663527055,4,4,21.7,NA,NA,Green Bay,made,Trevian Bell,NA,TRUE,FALSE,Green Bay,Mississippi State
400987187,2017-11-20,Mississippi State,Green Bay,34,1,16:39:00,2199,2199,Lamar Peters missed Three Point Jumper.,9,5,4,20,0.9779439372797876,0.5960451058566135,4,4,21.7,NA,NA,Mississippi State,missed,Lamar Peters,NA,TRUE,FALSE,Mississippi State,Green Bay
400987187,2017-11-20,Mississippi State,Green Bay,35,1,16:39:00,2199,2199,Trevian Bell Defensive Rebound.,9,5,4,0,0.9779439372797876,0.5960451058566135,4,4,21.7,NA,NA,NA,NA,NA,NA,NA,NA,Mississippi State,Green Bay
400987187,2017-11-20,Mississippi State,Green Bay,36,1,16:23:00,2183,2183,Trevian Bell missed Jumper.,9,5,4,16,0.9778546834117634,0.59676095510238,4,4,21.7,NA,NA,Green Bay,missed,Trevian Bell,NA,FALSE,FALSE,Green Bay,Mississippi State
400987187,2017-11-20,Mississippi State,Green Bay,37,1,16:23:00,2183,2183,Nick Weatherspoon Defensive Rebound.,9,5,4,0,0.9778546834117634,0.59676095510238,4,4,21.7,NA,NA,NA,NA,NA,NA,NA,NA,Green Bay,Mississippi State
400987187,2017-11-20,Mississippi State,Green Bay,38,1,16:18:00,2178,2178,Quinndary Weatherspoon missed Three Point Jumper.,9,5,4,5,0.9778261504617288,0.5969850319212389,4,4,21.7,NA,NA,Mississippi State,missed,Quinndary Weatherspoon,NA,TRUE,FALSE,Mississippi State,Mississippi State
400987187,2017-11-20,Mississippi State,Green Bay,39,1,16:18:00,2178,2178,Abdul Ado Offensive Rebound.,9,5,4,0,0.9778261504617288,0.5969850319212389,4,4,21.7,NA,NA,NA,NA,NA,NA,NA,NA,Mississippi State,Mississippi State
400987187,2017-11-20,Mississippi State,Green Bay,40,1,16:12:00,2172,2172,Abdul Ado made Jumper.,11,5,6,6,0.9816902076866004,0.6436072648286494,4,4,21.7,NA,NA,Mississippi State,made,Abdul Ado,NA,FALSE,FALSE,Mississippi State,Green Bay
400987187,2017-11-20,Mississippi State,Green Bay,41,1,16:08:00,2168,2168,Trevian Bell Turnover.,11,5,6,4,0.9816775929486546,0.6438640326605877,4,4,21.7,NA,NA,NA,NA,NA,NA,NA,NA,Green Bay,Mississippi State
400987187,2017-11-20,Mississippi State,Green Bay,42,1,16:02:00,2162,2162,Lamar Peters made Jumper.,13,5,8,6,0.9849026761115988,0.6882196895361539,4,4,21.7,NA,NA,Mississippi State,made,Lamar Peters,NA,FALSE,FALSE,Mississippi State,Green Bay
400987187,2017-11-20,Mississippi State,Green Bay,43,1,15:55:00,2155,2155,Official TV Timeout,13,5,8,7,0.9848936613275316,0.6887820419147419,4,4,21.7,NA,NA,NA,NA,NA,NA,NA,NA,Green Bay,Mississippi State
400987187,2017-11-20,Mississippi State,Green Bay,44,1,15:49:00,2149,2149,T.J. Parham missed Jumper.,13,5,8,6,0.9848857110052602,0.6892646843111998,4,4,21.7,NA,NA,NA,missed,T.J. Parham,NA,FALSE,FALSE,Mississippi State,Mississippi State
400987187,2017-11-20,Mississippi State,Green Bay,45,1,15:49:00,2149,2149,Schnider Herard Defensive Rebound.,13,5,8,0,0.9848857110052602,0.6892646843111998,4,4,21.7,NA,NA,NA,NA,NA,NA,NA,NA,Mississippi State,Mississippi State
400987187,2017-11-20,Mississippi State,Green Bay,46,1,15:40:00,2140,2140,Foul on Manny Patterson.,13,5,8,9,0.9848734056364676,0.6899897821874807,4,4,21.7,NA,NA,NA,NA,NA,NA,NA,NA,Mississippi State,Mississippi State
400987187,2017-11-20,Mississippi State,Green Bay,47,1,15:29:00,2129,2129,E.J. Datcher Turnover.,13,5,8,11,0.9848577595792612,0.690877958425888,4,4,21.7,NA,NA,NA,NA,NA,NA,NA,NA,Mississippi State,Green Bay
400987187,2017-11-20,Mississippi State,Green Bay,48,1,15:29:00,2129,2129,Foul on E.J. Datcher.,13,5,8,0,0.9848577595792612,0.690877958425888,4,4,21.7,NA,NA,NA,NA,NA,NA,NA,NA,Mississippi State,Green Bay
400987187,2017-11-20,Mississippi State,Green Bay,49,1,15:11:00,2111,2111,Manny Patterson missed Jumper.,13,5,8,18,0.9848307634422424,0.6923362876072426,4,4,21.7,NA,NA,Green Bay,missed,Manny Patterson,NA,FALSE,FALSE,Green Bay,Mississippi State
400987187,2017-11-20,Mississippi State,Green Bay,50,1,15:11:00,2111,2111,E.J. Datcher Defensive Rebound.,13,5,8,0,0.9848307634422424,0.6923362876072426,4,4,21.7,NA,NA,NA,NA,NA,NA,NA,NA,Green Bay,Mississippi State
400987187,2017-11-20,Mississippi State,Green Bay,51,1,15:04:00,2104,2104,Nick Weatherspoon made Layup.,15,5,10,7,0.987579414384052,0.7344211309037251,4,4,21.7,NA,NA,Mississippi State,made,Nick Weatherspoon,NA,FALSE,FALSE,Mississippi State,Green Bay
400987187,2017-11-20,Mississippi State,Green Bay,52,1,14:42:00,2082,2082,Foul on Quinndary Weatherspoon.,15,5,10,22,0.9875758172742912,0.7364759264456204,4,4,21.7,NA,NA,NA,NA,NA,NA,NA,NA,Green Bay,Green Bay
400987187,2017-11-20,Mississippi State,Green Bay,53,1,14:42:00,2082,2082,Sukhjot Bains missed Free Throw.,15,5,10,0,0.9875758172742912,0.7364759264456204,4,4,21.7,NA,NA,Green Bay,missed,Sukhjot Bains,NA,FALSE,TRUE,Green Bay,Green Bay
400987187,2017-11-20,Mississippi State,Green Bay,54,1,14:42:00,2082,2082,Green Bay Deadball Team Rebound.,15,5,10,0,0.9875758172742912,0.7364759264456204,4,4,21.7,NA,NA,NA,NA,NA,NA,NA,NA,Green Bay,Green Bay
400987187,2017-11-20,Mississippi State,Green Bay,55,1,14:42:00,2082,2082,Sukhjot Bains missed Free Throw.,15,5,10,0,0.9875758172742912,0.7364759264456204,4,4,21.7,NA,NA,Green Bay,missed,Sukhjot Bains,NA,FALSE,TRUE,Green Bay,Green Bay
400987187,2017-11-20,Mississippi State,Green Bay,56,1,14:42:00,2082,2082,Nick Weatherspoon Defensive Rebound.,15,5,10,0,0.9875758172742912,0.7364759264456204,4,4,21.7,NA,NA,NA,NA,NA,NA,NA,NA,Green Bay,Green Bay
400987187,2017-11-20,Mississippi State,Green Bay,57,1,14:31:00,2071,2071,Tyson Carter missed Three Point Jumper.,15,5,10,11,0.987573426502607,0.7375067863562212,4,4,21.7,NA,NA,Mississippi State,missed,Tyson Carter,NA,TRUE,FALSE,Mississippi State,Green Bay
400987187,2017-11-20,Mississippi State,Green Bay,58,1,14:31:00,2071,2071,Khalil Small Defensive Rebound.,15,5,10,0,0.987573426502607,0.7375067863562212,4,4,21.7,NA,NA,NA,NA,NA,NA,NA,NA,Mississippi State,Green Bay
400987187,2017-11-20,Mississippi State,Green Bay,59,1,14:24:00,2064,2064,PJ Pipes missed Three Point Jumper.,15,5,10,7,0.9875717112123372,0.7381640749649584,4,4,21.7,NA,NA,Green Bay,missed,PJ Pipes,NA,TRUE,FALSE,Green Bay,Mississippi State
400987187,2017-11-20,Mississippi State,Green Bay,60,1,14:24:00,2064,2064,E.J. Datcher Defensive Rebound.,15,5,10,0,0.9875717112123372,0.7381640749649584,4,4,21.7,NA,NA,NA,NA,NA,NA,NA,NA,Green Bay,Mississippi State
400987187,2017-11-20,Mississippi State,Green Bay,61,1,14:16:00,2056,2056,Eli Wright made Layup. Assisted by Nick Weatherspoon.,17,5,12,8,0.9898809880515675,0.7770251647368305,4,4,21.7,NA,NA,Mississippi State,made,Eli Wright,Nick Weatherspoon,FALSE,FALSE,Mississippi State,Green Bay
400987187,2017-11-20,Mississippi State,Green Bay,62,1,14:10:00,2050,2050,Foul on Nick Weatherspoon.,17,5,12,6,0.9898854549565616,0.7776341900737547,4,4,21.7,NA,NA,NA,NA,NA,NA,NA,NA,Green Bay,Green Bay
400987187,2017-11-20,Mississippi State,Green Bay,63,1,14:10:00,2050,2050,T.J. Parham missed Free Throw.,17,5,12,0,0.9898854549565616,0.7776341900737547,4,4,21.7,NA,NA,NA,missed,T.J. Parham,NA,FALSE,TRUE,Green Bay,Green Bay
400987187,2017-11-20,Mississippi State,Green Bay,64,1,14:10:00,2050,2050,Green Bay Deadball Team Rebound.,17,5,12,0,0.9898854549565616,0.7776341900737547,4,4,21.7,NA,NA,NA,NA,NA,NA,NA,NA,Green Bay,Green Bay
400987187,2017-11-20,Mississippi State,Green Bay,65,1,14:10:00,2050,2050,T.J. Parham missed Free Throw.,17,5,12,0,0.9898854549565616,0.7776341900737547,4,4,21.7,NA,NA,NA,missed,T.J. Parham,NA,FALSE,TRUE,Green Bay,Green Bay
400987187,2017-11-20,Mississippi State,Green Bay,66,1,14:10:00,2050,2050,Schnider Herard Defensive Rebound.,17,5,12,0,0.9898854549565616,0.7776341900737547,4,4,21.7,NA,NA,NA,NA,NA,NA,NA,NA,Green Bay,Green Bay
400987187,2017-11-20,Mississippi State,Green Bay,67,1,13:45:00,2025,2025,Lamar Peters made Three Point Jumper.,20,5,15,25,0.9926237262453488,0.8296825268890173,4,4,21.7,NA,NA,Mississippi State,made,Lamar Peters,NA,TRUE,FALSE,Mississippi State,Green Bay
400987187,2017-11-20,Mississippi State,Green Bay,68,1,13:11:00,1991,1991,PJ Pipes Turnover.,20,5,15,34,0.9926776571360596,0.8332540848684163,4,4,21.7,NA,NA,NA,NA,NA,NA,NA,NA,Green Bay,Mississippi State
400987187,2017-11-20,Mississippi State,Green Bay,69,1,13:11:00,1991,1991,Lamar Peters Steal.,20,5,15,0,0.9926776571360596,0.8332540848684163,4,4,21.7,NA,NA,NA,NA,NA,NA,NA,NA,Green Bay,Mississippi State
400987187,2017-11-20,Mississippi State,Green Bay,70,1,12:53:00,1973,1973,Eli Wright missed Three Point Jumper.,20,5,15,18,0.992705952142134,0.8351465280103891,4,4,21.7,NA,NA,Mississippi State,missed,Eli Wright,NA,TRUE,FALSE,Mississippi State,Green Bay
400987187,2017-11-20,Mississippi State,Green Bay,71,1,12:53:00,1973,1973,T.J. Parham Defensive Rebound.,20,5,15,0,0.992705952142134,0.8351465280103891,4,4,21.7,NA,NA,NA,NA,NA,NA,NA,NA,Mississippi State,Green Bay
400987187,2017-11-20,Mississippi State,Green Bay,72,1,12:30:00,1950,1950,PJ Pipes missed Jumper.,20,5,15,23,0.9927419771111736,0.8375670486399683,4,4,21.7,NA,NA,Green Bay,missed,PJ Pipes,NA,FALSE,FALSE,Green Bay,Green Bay
400987187,2017-11-20,Mississippi State,Green Bay,73,1,12:30:00,1950,1950,Abdul Ado Block.,20,5,15,0,0.9927419771111736,0.8375670486399683,4,4,21.7,NA,NA,NA,NA,NA,NA,NA,NA,Green Bay,Green Bay
400987187,2017-11-20,Mississippi State,Green Bay,74,1,12:28:00,1948,1948,Green Bay Offensive Rebound.,20,5,15,2,0.992745106688708,0.8377776772885828,4,4,21.7,NA,NA,NA,NA,NA,NA,NA,NA,Green Bay,Green Bay
400987187,2017-11-20,Mississippi State,Green Bay,75,1,12:22:00,1942,1942,PJ Pipes missed Jumper.,20,5,15,6,0.9927544951518948,0.8384097198284447,4,4,21.7,NA,NA,Green Bay,missed,PJ Pipes,NA,FALSE,FALSE,Green Bay,Green Bay
400987187,2017-11-20,Mississippi State,Green Bay,76,1,12:22:00,1942,1942,Abdul Ado Block.,20,5,15,0,0.9927544951518948,0.8384097198284447,4,4,21.7,NA,NA,NA,NA,NA,NA,NA,NA,Green Bay,Green Bay
400987187,2017-11-20,Mississippi State,Green Bay,77,1,12:19:00,1939,1939,David Jesperson Offensive Rebound.,20,5,15,3,0.99275918975461,0.8387258318448615,4,4,21.7,NA,NA,NA,NA,NA,NA,NA,NA,Green Bay,Green Bay
400987187,2017-11-20,Mississippi State,Green Bay,78,1,12:18:00,1938,1938,Green Bay  Turnover.,20,5,15,1,0.9927607547473728,0.8388312163137301,4,4,21.7,NA,NA,NA,NA,NA,NA,NA,NA,Green Bay,Mississippi State
400987187,2017-11-20,Mississippi State,Green Bay,79,1,12:03:00,1923,1923,Lamar Peters missed Three Point Jumper.,20,5,15,15,0.9927840989535532,0.8404108114976075,4,4,21.7,NA,NA,Mississippi State,missed,Lamar Peters,NA,TRUE,FALSE,Mississippi State,Green Bay
400987187,2017-11-20,Mississippi State,Green Bay,80,1,12:03:00,1923,1923,Sukhjot Bains Defensive Rebound.,20,5,15,0,0.9927840989535532,0.8404108114976075,4,4,21.7,NA,NA,NA,NA,NA,NA,NA,NA,Mississippi State,Green Bay
400987187,2017-11-20,Mississippi State,Green Bay,81,1,11:54:00,1914,1914,T.J. Parham Turnover.,20,5,15,9,0.99279761337075,0.8413522423407274,4,4,21.7,NA,NA,NA,NA,NA,NA,NA,NA,Green Bay,Mississippi State
400987187,2017-11-20,Mississippi State,Green Bay,82,1,11:54:00,1914,1914,Foul on T.J. Parham.,20,5,15,0,0.99279761337075,0.8413522423407274,4,4,21.7,NA,NA,NA,NA,NA,NA,NA,NA,Mississippi State,Mississippi State
400987187,2017-11-20,Mississippi State,Green Bay,83,1,11:54:00,1914,1914,Official TV Timeout,20,5,15,0,0.99279761337075,0.8413522423407274,4,4,21.7,NA,NA,NA,NA,NA,NA,NA,NA,Mississippi State,Mississippi State
400987187,2017-11-20,Mississippi State,Green Bay,84,1,11:45:00,1905,1905,Aric Holman missed Three Point Jumper.,20,5,15,9,0.9928107124363188,0.842288275314716,4,4,21.7,NA,NA,Mississippi State,missed,Aric Holman,NA,TRUE,FALSE,Mississippi State,Green Bay
400987187,2017-11-20,Mississippi State,Green Bay,85,1,11:45:00,1905,1905,Khalil Small Defensive Rebound.,20,5,15,0,0.9928107124363188,0.842288275314716,4,4,21.7,NA,NA,NA,NA,NA,NA,NA,NA,Mississippi State,Green Bay
400987187,2017-11-20,Mississippi State,Green Bay,86,1,11:28:00,1888,1888,Foul on Eli Wright.,20,5,15,17,0.9928344428877136,0.844043275010547,4,4,21.7,NA,NA,NA,NA,NA,NA,NA,NA,Green Bay,Green Bay
400987187,2017-11-20,Mississippi State,Green Bay,87,1,11:28:00,1888,1888,Khalil Small made Free Throw.,20,6,14,0,0.9919874635601222,0.8286444007849452,4,4,21.7,NA,NA,Green Bay,made,Khalil Small,NA,FALSE,TRUE,Green Bay,Green Bay
400987187,2017-11-20,Mississippi State,Green Bay,88,1,11:28:00,1888,1888,Khalil Small made Free Throw.,20,7,13,0,0.9910412734064638,0.8120636184194281,4,4,21.7,NA,NA,Green Bay,made,Khalil Small,NA,FALSE,TRUE,Green Bay,Green Bay
400987187,2017-11-20,Mississippi State,Green Bay,89,1,11:28:00,1888,1888,Khalil Small made Free Throw.,20,8,12,0,0.9899844769882205,0.7942767546586641,4,4,21.7,NA,NA,Green Bay,made,Khalil Small,NA,FALSE,TRUE,Green Bay,Mississippi State
400987187,2017-11-20,Mississippi State,Green Bay,90,1,11:19:00,1879,1879,Tyson Carter missed Three Point Jumper.,20,8,12,9,0.9899874022990736,0.7951941143587686,4,4,21.7,NA,NA,Mississippi State,missed,Tyson Carter,NA,TRUE,FALSE,Mississippi State,Mississippi State
400987187,2017-11-20,Mississippi State,Green Bay,91,1,11:19:00,1879,1879,Eli Wright Offensive Rebound.,20,8,12,0,0.9899874022990736,0.7951941143587686,4,4,21.7,NA,NA,NA,NA,NA,NA,NA,NA,Mississippi State,Mississippi State
400987187,2017-11-20,Mississippi State,Green Bay,92,1,11:14:00,1874,1874,Eli Wright made Jumper.,22,8,14,5,0.9920025546840028,0.8300890036093421,4,4,21.7,NA,NA,Mississippi State,made,Eli Wright,NA,FALSE,FALSE,Mississippi State,Green Bay
400987187,2017-11-20,Mississippi State,Green Bay,93,1,11:00:00,1860,1860,Trevian Bell missed Three Point Jumper.,22,8,14,14,0.9920169430722732,0.8315265848622511,4,4,21.7,NA,NA,Green Bay,missed,Trevian Bell,NA,TRUE,FALSE,Green Bay,Mississippi State
400987187,2017-11-20,Mississippi State,Green Bay,94,1,11:00:00,1860,1860,Abdul Ado Defensive Rebound.,22,8,14,0,0.9920169430722732,0.8315265848622511,4,4,21.7,NA,NA,NA,NA,NA,NA,NA,NA,Green Bay,Mississippi State
400987187,2017-11-20,Mississippi State,Green Bay,95,1,10:46:00,1846,1846,Lamar Peters made Layup.,24,8,16,14,0.993654853637136,0.8625079580066921,4,4,21.7,NA,NA,Mississippi State,made,Lamar Peters,NA,FALSE,FALSE,Mississippi State,Green Bay
400987187,2017-11-20,Mississippi State,Green Bay,96,1,10:37:00,1837,1837,David Jesperson made Three Point Jumper. Assisted by Hunter Crist.,24,11,13,9,0.9910757485685048,0.8172939306053417,4,4,21.7,NA,NA,Green Bay,made,David Jesperson,Hunter Crist,TRUE,FALSE,Green Bay,Mississippi State
400987187,2017-11-20,Mississippi State,Green Bay,97,1,10:20:00,1820,1820,Foul on David Jesperson.,24,11,13,17,0.9910856851165144,0.8190287399255037,4,4,21.7,NA,NA,NA,NA,NA,NA,NA,NA,Mississippi State,Mississippi State
400987187,2017-11-20,Mississippi State,Green Bay,98,1,10:20:00,1820,1820,Abdul Ado missed Free Throw.,24,11,13,0,0.9910856851165144,0.8190287399255037,4,4,21.7,NA,NA,Mississippi State,missed,Abdul Ado,NA,FALSE,TRUE,Mississippi State,Mississippi State
400987187,2017-11-20,Mississippi State,Green Bay,99,1,10:20:00,1820,1820,Mississippi State Deadball Team Rebound.,24,11,13,0,0.9910856851165144,0.8190287399255037,4,4,21.7,NA,NA,NA,NA,NA,NA,NA,NA,Mississippi State,Mississippi State
400987187,2017-11-20,Mississippi State,Green Bay,100,1,10:20:00,1820,1820,Abdul Ado made Free Throw.,25,11,14,0,0.9920553455456088,0.835609669228446,4,4,21.7,NA,NA,Mississippi State,made,Abdul Ado,NA,FALSE,TRUE,Mississippi State,Green Bay
400987187,2017-11-20,Mississippi State,Green Bay,101,1,10:12:00,1812,1812,Trevian Bell Turnover.,25,11,14,8,0.9920627316994828,0.8364242139165167,4,4,21.7,NA,NA,NA,NA,NA,NA,NA,NA,Green Bay,Mississippi State
400987187,2017-11-20,Mississippi State,Green Bay,102,1,09:55:00,1795,1795,Quinndary Weatherspoon missed Three Point Jumper.,25,11,14,17,0.9920783163326532,0.8381553275515787,4,4,21.7,NA,NA,Mississippi State,missed,Quinndary Weatherspoon,NA,TRUE,FALSE,Mississippi State,Mississippi State
400987187,2017-11-20,Mississippi State,Green Bay,103,1,09:55:00,1795,1795,Eli Wright Offensive Rebound.,25,11,14,0,0.9920783163326532,0.8381553275515787,4,4,21.7,NA,NA,NA,NA,NA,NA,NA,NA,Mississippi State,Mississippi State
400987187,2017-11-20,Mississippi State,Green Bay,104,1,09:51:00,1791,1791,Lamar Peters missed Three Point Jumper.,25,11,14,4,0.9920819801687092,0.8385629012897765,4,4,21.7,NA,NA,Mississippi State,missed,Lamar Peters,NA,TRUE,FALSE,Mississippi State,Mississippi State
400987187,2017-11-20,Mississippi State,Green Bay,105,1,09:51:00,1791,1791,Eli Wright Offensive Rebound.,25,11,14,0,0.9920819801687092,0.8385629012897765,4,4,21.7,NA,NA,NA,NA,NA,NA,NA,NA,Mississippi State,Mississippi State
400987187,2017-11-20,Mississippi State,Green Bay,106,1,09:46:00,1786,1786,Quinndary Weatherspoon made Jumper. Assisted by Eli Wright.,27,11,16,5,0.9937391263272356,0.8684416828866369,4,4,21.7,NA,NA,Mississippi State,made,Quinndary Weatherspoon,Eli Wright,FALSE,FALSE,Mississippi State,Green Bay
400987187,2017-11-20,Mississippi State,Green Bay,107,1,09:38:00,1778,1778,Trevian Bell missed Jumper.,27,11,16,8,0.9937503431612198,0.86923056277189,4,4,21.7,NA,NA,Green Bay,missed,Trevian Bell,NA,FALSE,FALSE,Green Bay,Mississippi State
400987187,2017-11-20,Mississippi State,Green Bay,108,1,09:38:00,1778,1778,E.J. Datcher Block.,27,11,16,0,0.9937503431612198,0.86923056277189,4,4,21.7,NA,NA,NA,NA,NA,NA,NA,NA,Green Bay,Mississippi State
400987187,2017-11-20,Mississippi State,Green Bay,109,1,09:36:00,1776,1776,Quinndary Weatherspoon Defensive Rebound.,27,11,16,2,0.9937531560394826,0.8694278125836804,4,4,21.7,NA,NA,NA,NA,NA,NA,NA,NA,Green Bay,Mississippi State
400987187,2017-11-20,Mississippi State,Green Bay,110,1,09:14:00,1754,1754,Abdul Ado Turnover.,27,11,16,22,0.9937844375333196,0.8715996296342391,4,4,21.7,NA,NA,NA,NA,NA,NA,NA,NA,Mississippi State,Green Bay
400987187,2017-11-20,Mississippi State,Green Bay,111,1,09:14:00,1754,1754,Foul on Abdul Ado.,27,11,16,0,0.9937844375333196,0.8715996296342391,4,4,21.7,NA,NA,NA,NA,NA,NA,NA,NA,Mississippi State,Green Bay
400987187,2017-11-20,Mississippi State,Green Bay,112,1,09:03:00,1743,1743,Kameron Hankerson made Jumper. Assisted by David Jesperson.,27,13,14,11,0.9921271697352332,0.8434756328797562,4,4,21.7,NA,NA,NA,made,Kameron Hankerson,David Jesperson,FALSE,FALSE,Green Bay,Mississippi State
400987187,2017-11-20,Mississippi State,Green Bay,113,1,08:34:00,1714,1714,Nick Weatherspoon missed Three Point Jumper.,27,13,14,29,0.9921569326925852,0.8464774304330122,4,4,21.7,NA,NA,Mississippi State,missed,Nick Weatherspoon,NA,TRUE,FALSE,Mississippi State,Green Bay
400987187,2017-11-20,Mississippi State,Green Bay,114,1,08:34:00,1714,1714,Trevian Bell Defensive Rebound.,27,13,14,0,0.9921569326925852,0.8464774304330122,4,4,21.7,NA,NA,NA,NA,NA,NA,NA,NA,Mississippi State,Green Bay
400987187,2017-11-20,Mississippi State,Green Bay,115,1,08:17:00,1697,1697,Hunter Crist missed Three Point Jumper.,27,13,14,17,0.9921757896159014,0.84825427187474,4,4,21.7,NA,NA,Green Bay,missed,Hunter Crist,NA,TRUE,FALSE,Green Bay,Mississippi State
400987187,2017-11-20,Mississippi State,Green Bay,116,1,08:17:00,1697,1697,Nick Weatherspoon Defensive Rebound.,27,13,14,0,0.9921757896159014,0.84825427187474,4,4,21.7,NA,NA,NA,NA,NA,NA,NA,NA,Green Bay,Mississippi State
400987187,2017-11-20,Mississippi State,Green Bay,117,1,08:09:00,1689,1689,Nick Weatherspoon missed Jumper.,27,13,14,8,0.9921850911601682,0.8490954089165113,4,4,21.7,NA,NA,Mississippi State,missed,Nick Weatherspoon,NA,FALSE,FALSE,Mississippi State,Green Bay
400987187,2017-11-20,Mississippi State,Green Bay,118,1,08:09:00,1689,1689,Hunter Crist Defensive Rebound.,27,13,14,0,0.9921850911601682,0.8490954089165113,4,4,21.7,NA,NA,NA,NA,NA,NA,NA,NA,Mississippi State,Green Bay
400987187,2017-11-20,Mississippi State,Green Bay,119,1,07:59:00,1679,1679,Trevian Bell made Jumper. Assisted by Hunter Crist.,27,15,12,10,0.990021571366988,0.815734325489631,4,4,21.7,NA,NA,Green Bay,made,Trevian Bell,Hunter Crist,FALSE,FALSE,Green Bay,Mississippi State
400987187,2017-11-20,Mississippi State,Green Bay,120,1,07:55:00,1675,1675,Mississippi State  Timeout,27,15,12,4,0.990021835646583,0.8161490232197736,3,4,21.7,NA,NA,NA,NA,NA,NA,NA,NA,Mississippi State,Mississippi State
400987187,2017-11-20,Mississippi State,Green Bay,121,1,07:55:00,1675,1675,Official TV Timeout,27,15,12,0,0.990021835646583,0.8161490232197736,3,4,21.7,NA,NA,NA,NA,NA,NA,NA,NA,Mississippi State,Mississippi State
400987187,2017-11-20,Mississippi State,Green Bay,122,1,07:34:00,1654,1654,Nick Weatherspoon Turnover.,27,15,12,21,0.9900183605598872,0.8182801194055445,3,4,21.7,NA,NA,NA,NA,NA,NA,NA,NA,Mississippi State,Green Bay
400987187,2017-11-20,Mississippi State,Green Bay,123,1,07:19:00,1639,1639,Manny Patterson Turnover.,27,15,12,15,0.9900115576252746,0.8197626117164526,3,4,21.7,NA,NA,NA,NA,NA,NA,NA,NA,Green Bay,Mississippi State
400987187,2017-11-20,Mississippi State,Green Bay,124,1,07:05:00,1625,1625,Aric Holman made Dunk. Assisted by Quinndary Weatherspoon.,29,15,14,14,0.9922276383208648,0.855446493634304,3,4,21.7,NA,NA,Mississippi State,made,Aric Holman,Quinndary Weatherspoon,FALSE,FALSE,Mississippi State,Green Bay
400987187,2017-11-20,Mississippi State,Green Bay,125,1,06:41:00,1601,1601,Will Chevalier made Three Point Jumper. Assisted by Hunter Crist.,29,18,11,24,0.9886271057905726,0.8039855571814342,3,4,21.7,NA,NA,Green Bay,made,Will Chevalier,Hunter Crist,TRUE,FALSE,Green Bay,Mississippi State
400987187,2017-11-20,Mississippi State,Green Bay,126,1,06:20:00,1580,1580,Nick Weatherspoon missed Layup.,29,18,11,21,0.9885915041866826,0.8059664706059358,3,4,21.7,NA,NA,Mississippi State,missed,Nick Weatherspoon,NA,FALSE,FALSE,Mississippi State,Green Bay
400987187,2017-11-20,Mississippi State,Green Bay,127,1,06:20:00,1580,1580,Manny Patterson Defensive Rebound.,29,18,11,0,0.9885915041866826,0.8059664706059358,3,4,21.7,NA,NA,NA,NA,NA,NA,NA,NA,Mississippi State,Green Bay
400987187,2017-11-20,Mississippi State,Green Bay,128,1,06:11:00,1571,1571,Kameron Hankerson missed Three Point Jumper.,29,18,11,9,0.9885758254709104,0.8068156463462469,3,4,21.7,NA,NA,NA,missed,Kameron Hankerson,NA,TRUE,FALSE,Green Bay,Mississippi State
400987187,2017-11-20,Mississippi State,Green Bay,129,1,06:11:00,1571,1571,Aric Holman Defensive Rebound.,29,18,11,0,0.9885758254709104,0.8068156463462469,3,4,21.7,NA,NA,NA,NA,NA,NA,NA,NA,Mississippi State,Mississippi State
400987187,2017-11-20,Mississippi State,Green Bay,130,1,06:04:00,1564,1564,Tyson Carter made Layup.,31,18,13,7,0.991164690465909,0.8447986666713998,3,4,21.7,NA,NA,Mississippi State,made,Tyson Carter,NA,FALSE,FALSE,Mississippi State,Green Bay
400987187,2017-11-20,Mississippi State,Green Bay,131,1,05:39:00,1539,1539,Hunter Crist missed Three Point Jumper.,31,18,13,25,0.991156128598966,0.8471705743254648,3,4,21.7,NA,NA,Green Bay,missed,Hunter Crist,NA,TRUE,FALSE,Green Bay,Mississippi State
400987187,2017-11-20,Mississippi State,Green Bay,132,1,05:39:00,1539,1539,KeyShawn Feazell Defensive Rebound.,31,18,13,0,0.991156128598966,0.8471705743254648,3,4,21.7,NA,NA,NA,NA,NA,NA,NA,NA,Green Bay,Mississippi State
400987187,2017-11-20,Mississippi State,Green Bay,133,1,05:23:00,1523,1523,Aric Holman made Jumper. Assisted by Nick Weatherspoon.,33,18,15,16,0.9932002278390784,0.8797249727660179,3,4,21.7,NA,NA,Mississippi State,made,Aric Holman,Nick Weatherspoon,FALSE,FALSE,Mississippi State,Green Bay
400987187,2017-11-20,Mississippi State,Green Bay,134,1,05:06:00,1506,1506,Kameron Hankerson Turnover.,33,18,15,17,0.9932127192825644,0.8813040409308428,3,4,21.7,NA,NA,NA,NA,NA,NA,NA,NA,Green Bay,Mississippi State
400987187,2017-11-20,Mississippi State,Green Bay,135,1,04:51:00,1491,1491,KeyShawn Feazell missed Jumper.,33,18,15,15,0.9932262647111224,0.8827220533925885,3,4,21.7,NA,NA,Mississippi State,missed,KeyShawn Feazell,NA,FALSE,FALSE,Mississippi State,Green Bay
400987187,2017-11-20,Mississippi State,Green Bay,136,1,04:51:00,1491,1491,Manny Patterson Defensive Rebound.,33,18,15,0,0.9932262647111224,0.8827220533925885,3,4,21.7,NA,NA,NA,NA,NA,NA,NA,NA,Mississippi State,Green Bay
400987187,2017-11-20,Mississippi State,Green Bay,137,1,04:49:00,1489,1489,Foul on Schnider Herard.,33,18,15,2,0.9932282779714744,0.8829131412466351,3,4,21.7,NA,NA,NA,NA,NA,NA,NA,NA,Green Bay,Green Bay
400987187,2017-11-20,Mississippi State,Green Bay,138,1,04:49:00,1489,1489,Manny Patterson made Free Throw.,33,19,14,0,0.9922594949461344,0.868255707613858,3,4,21.7,NA,NA,Green Bay,made,Manny Patterson,NA,FALSE,TRUE,Green Bay,Green Bay
400987187,2017-11-20,Mississippi State,Green Bay,139,1,04:49:00,1489,1489,Manny Patterson made Free Throw.,33,20,13,0,0.9911533493714486,0.8520708218794693,3,4,21.7,NA,NA,Green Bay,made,Manny Patterson,NA,FALSE,TRUE,Green Bay,Mississippi State
400987187,2017-11-20,Mississippi State,Green Bay,140,1,04:31:00,1471,1471,Eli Wright Turnover.,33,20,13,18,0.991160416794232,0.8539161143716643,3,4,21.7,NA,NA,NA,NA,NA,NA,NA,NA,Mississippi State,Green Bay
400987187,2017-11-20,Mississippi State,Green Bay,141,1,04:27:00,1467,1467,Manny Patterson made Layup. Assisted by T.J. Parham.,33,22,11,4,0.9884305373880528,0.8171039421916679,3,4,21.7,NA,NA,Green Bay,made,Manny Patterson,TJ Parham,FALSE,FALSE,Green Bay,Mississippi State
400987187,2017-11-20,Mississippi State,Green Bay,142,1,04:09:00,1449,1449,Lamar Peters missed Layup.,33,22,11,18,0.9884221352945984,0.8190527172968584,3,4,21.7,NA,NA,Mississippi State,missed,Lamar Peters,NA,FALSE,FALSE,Mississippi State,Green Bay
400987187,2017-11-20,Mississippi State,Green Bay,143,1,04:09:00,1449,1449,Green Bay Defensive Rebound.,33,22,11,0,0.9884221352945984,0.8190527172968584,3,4,21.7,NA,NA,NA,NA,NA,NA,NA,NA,Mississippi State,Green Bay
400987187,2017-11-20,Mississippi State,Green Bay,144,1,03:54:00,1434,1434,Foul on Eli Wright.,33,22,11,15,0.9884145576937844,0.8206657238893993,3,4,21.7,NA,NA,NA,NA,NA,NA,NA,NA,Green Bay,Mississippi State
400987187,2017-11-20,Mississippi State,Green Bay,145,1,03:54:00,1434,1434,Official TV Timeout,33,22,11,0,0.9884145576937844,0.8206657238893993,3,4,21.7,NA,NA,NA,NA,NA,NA,NA,NA,Green Bay,Mississippi State
400987187,2017-11-20,Mississippi State,Green Bay,146,1,03:54:00,1434,1434,Khalil Small missed Free Throw.,33,22,11,0,0.9884145576937844,0.8206657238893993,3,4,21.7,NA,NA,Green Bay,missed,Khalil Small,NA,FALSE,TRUE,Green Bay,Mississippi State
400987187,2017-11-20,Mississippi State,Green Bay,147,1,03:54:00,1434,1434,Schnider Herard Defensive Rebound.,33,22,11,0,0.9884145576937844,0.8206657238893993,3,4,21.7,NA,NA,NA,NA,NA,NA,NA,NA,Green Bay,Mississippi State
400987187,2017-11-20,Mississippi State,Green Bay,148,1,03:26:00,1406,1406,Lamar Peters missed Three Point Jumper.,33,22,11,28,0.9883867953916724,0.8235332767554948,3,4,21.7,NA,NA,Mississippi State,missed,Lamar Peters,NA,TRUE,FALSE,Mississippi State,Green Bay
400987187,2017-11-20,Mississippi State,Green Bay,149,1,03:26:00,1406,1406,Manny Patterson Defensive Rebound.,33,22,11,0,0.9883867953916724,0.8235332767554948,3,4,21.7,NA,NA,NA,NA,NA,NA,NA,NA,Mississippi State,Green Bay
400987187,2017-11-20,Mississippi State,Green Bay,150,1,03:20:00,1400,1400,T.J. Parham made Three Point Jumper.,33,25,8,6,0.9823983869399884,0.7546056587538835,3,4,21.7,NA,NA,NA,made,T.J. Parham,NA,TRUE,FALSE,Green Bay,Mississippi State
400987187,2017-11-20,Mississippi State,Green Bay,151,1,02:57:00,1377,1377,Nick Weatherspoon made Three Point Jumper. Assisted by Quinndary Weatherspoon.,36,25,11,23,0.9883451462127724,0.8263731600365506,3,4,21.7,NA,NA,Mississippi State,made,Nick Weatherspoon,Quinndary Weatherspoon,TRUE,FALSE,Mississippi State,Green Bay
400987187,2017-11-20,Mississippi State,Green Bay,152,1,02:49:00,1369,1369,PJ Pipes missed Jumper.,36,25,11,8,0.9883322887544028,0.8271437042892096,3,4,21.7,NA,NA,Green Bay,missed,PJ Pipes,NA,FALSE,FALSE,Green Bay,Mississippi State
400987187,2017-11-20,Mississippi State,Green Bay,153,1,02:49:00,1369,1369,Lamar Peters Block.,36,25,11,0,0.9883322887544028,0.8271437042892096,3,4,21.7,NA,NA,NA,NA,NA,NA,NA,NA,Green Bay,Mississippi State
400987187,2017-11-20,Mississippi State,Green Bay,154,1,02:47:00,1367,1367,E.J. Datcher Defensive Rebound.,36,25,11,2,0.988329020351847,0.827335880964732,3,4,21.7,NA,NA,NA,NA,NA,NA,NA,NA,Green Bay,Mississippi State
400987187,2017-11-20,Mississippi State,Green Bay,155,1,02:41:00,1361,1361,Foul on Khalil Small.,36,25,11,6,0.988319123470891,0.82791170461332,3,4,21.7,NA,NA,NA,NA,NA,NA,NA,NA,Mississippi State,Mississippi State
400987187,2017-11-20,Mississippi State,Green Bay,156,1,02:41:00,1361,1361,Nick Weatherspoon made Free Throw.,37,25,12,0,0.9898578527028,0.8473165853711268,3,4,21.7,NA,NA,Mississippi State,made,Nick Weatherspoon,NA,FALSE,TRUE,Mississippi State,Mississippi State
400987187,2017-11-20,Mississippi State,Green Bay,157,1,02:41:00,1361,1361,Nick Weatherspoon made Free Throw.,38,25,13,0,0.9911956898688468,0.8648904346043876,3,4,21.7,NA,NA,Mississippi State,made,Nick Weatherspoon,NA,FALSE,TRUE,Mississippi State,Green Bay
400987187,2017-11-20,Mississippi State,Green Bay,158,1,02:27:00,1347,1347,Will Chevalier missed Three Point Jumper.,38,25,13,14,0.9911930762061848,0.8661905634402727,3,4,21.7,NA,NA,Green Bay,missed,Will Chevalier,NA,TRUE,FALSE,Green Bay,Mississippi State
400987187,2017-11-20,Mississippi State,Green Bay,159,1,02:27:00,1347,1347,Quinndary Weatherspoon Defensive Rebound.,38,25,13,0,0.9911930762061848,0.8661905634402727,3,4,21.7,NA,NA,NA,NA,NA,NA,NA,NA,Green Bay,Mississippi State
400987187,2017-11-20,Mississippi State,Green Bay,160,1,02:12:00,1332,1332,KeyShawn Feazell missed Jumper.,38,25,13,15,0.9911907921406016,0.8675866095806323,3,4,21.7,NA,NA,Mississippi State,missed,KeyShawn Feazell,NA,FALSE,FALSE,Mississippi State,Green Bay
400987187,2017-11-20,Mississippi State,Green Bay,161,1,02:12:00,1332,1332,PJ Pipes Defensive Rebound.,38,25,13,0,0.9911907921406016,0.8675866095806323,3,4,21.7,NA,NA,NA,NA,NA,NA,NA,NA,Mississippi State,Green Bay
400987187,2017-11-20,Mississippi State,Green Bay,162,1,02:05:00,1325,1325,Khalil Small made Three Point Jumper. Assisted by PJ Pipes.,38,28,10,7,0.986452594281199,0.8100578218949933,3,4,21.7,NA,NA,Green Bay,made,Khalil Small,PJ Pipes,TRUE,FALSE,Green Bay,Mississippi State
400987187,2017-11-20,Mississippi State,Green Bay,163,1,01:51:00,1311,1311,Quinndary Weatherspoon missed Three Point Jumper.,38,28,10,14,0.9864167268096342,0.811427864428235,3,4,21.7,NA,NA,Mississippi State,missed,Quinndary Weatherspoon,NA,TRUE,FALSE,Mississippi State,Green Bay
400987187,2017-11-20,Mississippi State,Green Bay,164,1,01:51:00,1311,1311,Will Chevalier Defensive Rebound.,38,28,10,0,0.9864167268096342,0.811427864428235,3,4,21.7,NA,NA,NA,NA,NA,NA,NA,NA,Mississippi State,Green Bay
400987187,2017-11-20,Mississippi State,Green Bay,165,1,01:17:00,1277,1277,Green Bay  Turnover.,38,28,10,34,0.9863418705856188,0.8148821928732016,3,4,21.7,NA,NA,NA,NA,NA,NA,NA,NA,Green Bay,Mississippi State
400987187,2017-11-20,Mississippi State,Green Bay,166,1,01:02:00,1262,1262,KeyShawn Feazell made Dunk. Assisted by Lamar Peters.,40,28,12,15,0.9898125470635066,0.8570803168733799,3,4,21.7,NA,NA,Mississippi State,made,KeyShawn Feazell,Lamar Peters,FALSE,FALSE,Mississippi State,Green Bay
400987187,2017-11-20,Mississippi State,Green Bay,167,1,00:59:00,1259,1259,Green Bay  Timeout,40,28,12,3,0.9898137865699236,0.8574014010609312,3,3,21.7,NA,NA,NA,NA,NA,NA,NA,NA,Green Bay,Green Bay
400987187,2017-11-20,Mississippi State,Green Bay,168,1,00:45:00,1245,1245,Foul on Tyson Carter.,40,28,12,14,0.989822894228515,0.858930837657299,3,3,21.7,NA,NA,NA,NA,NA,NA,NA,NA,Green Bay,Green Bay
400987187,2017-11-20,Mississippi State,Green Bay,169,1,00:45:00,1245,1245,Manny Patterson made Free Throw.,40,29,11,0,0.9881890721604772,0.8396870755817054,3,3,21.7,NA,NA,Green Bay,made,Manny Patterson,NA,FALSE,TRUE,Green Bay,Green Bay
400987187,2017-11-20,Mississippi State,Green Bay,170,1,00:45:00,1245,1245,Manny Patterson missed Free Throw.,40,29,11,0,0.9881890721604772,0.8396870755817054,3,3,21.7,NA,NA,Green Bay,missed,Manny Patterson,NA,FALSE,TRUE,Green Bay,Green Bay
400987187,2017-11-20,Mississippi State,Green Bay,171,1,00:45:00,1245,1245,David Jesperson Offensive Rebound.,40,29,11,0,0.9881890721604772,0.8396870755817054,3,3,21.7,NA,NA,NA,NA,NA,NA,NA,NA,Green Bay,Green Bay
400987187,2017-11-20,Mississippi State,Green Bay,172,1,00:43:00,1243,1243,T.J. Parham missed Three Point Jumper.,40,29,11,2,0.9881893395400128,0.8399140833699752,3,3,21.7,NA,NA,NA,missed,T.J. Parham,NA,TRUE,FALSE,Green Bay,Green Bay
400987187,2017-11-20,Mississippi State,Green Bay,173,1,00:43:00,1243,1243,David Jesperson Offensive Rebound.,40,29,11,0,0.9881893395400128,0.8399140833699752,3,3,21.7,NA,NA,NA,NA,NA,NA,NA,NA,Green Bay,Green Bay
400987187,2017-11-20,Mississippi State,Green Bay,174,1,00:36:00,1236,1236,David Jesperson missed Jumper.,40,29,11,7,0.9881913454043731,0.8407182947826116,3,3,21.7,NA,NA,Green Bay,missed,David Jesperson,NA,FALSE,FALSE,Green Bay,Mississippi State
400987187,2017-11-20,Mississippi State,Green Bay,175,1,00:36:00,1236,1236,Mississippi State Defensive Rebound.,40,29,11,0,0.9881913454043731,0.8407182947826116,3,3,21.7,NA,NA,NA,NA,NA,NA,NA,NA,Green Bay,Mississippi State
400987187,2017-11-20,Mississippi State,Green Bay,176,1,00:20:00,1220,1220,Quinndary Weatherspoon Turnover.,40,29,11,16,0.9882026385986464,0.8426164768783044,3,3,21.7,NA,NA,NA,NA,NA,NA,NA,NA,Mississippi State,Green Bay
400987187,2017-11-20,Mississippi State,Green Bay,177,1,00:19:00,1219,1219,Manny Patterson Steal.,40,29,11,1,0.9882036744588104,0.8427380318643491,3,3,21.7,NA,NA,NA,NA,NA,NA,NA,NA,Mississippi State,Green Bay
400987187,2017-11-20,Mississippi State,Green Bay,178,1,00:04:00,1204,1204,T.J. Parham made Three Point Jumper. Assisted by PJ Pipes.,40,32,8,15,0.9814415503244318,0.7740157941061502,3,3,21.7,NA,NA,NA,made,T.J. Parham,PJ Pipes,TRUE,FALSE,Green Bay,Mississippi State
400987187,2017-11-20,Mississippi State,Green Bay,179,1,00:00:00,1200,1200,End of 1st half,40,32,8,4,0.9814310737388172,0.774489981219977,3,3,21.7,NA,NA,NA,NA,NA,NA,NA,NA,Mississippi State,NA
400987187,2017-11-20,Mississippi State,Green Bay,180,2,20:00:00,1200,1200,PLAY,40,32,8,0,0.9814310737388172,0.774489981219977,4,4,21.7,NA,NA,NA,NA,NA,NA,NA,NA,NA,Mississippi State
400987187,2017-11-20,Mississippi State,Green Bay,181,2,19:38:00,1178,1178,Abdul Ado missed Jumper.,40,32,8,22,0.9813690852052772,0.7770253182897642,4,4,21.7,NA,NA,Mississippi State,missed,Abdul Ado,NA,FALSE,FALSE,Mississippi State,Green Bay
400987187,2017-11-20,Mississippi State,Green Bay,182,2,19:38:00,1178,1178,Kameron Hankerson Defensive Rebound.,40,32,8,0,0.9813690852052772,0.7770253182897642,4,4,21.7,NA,NA,NA,NA,NA,NA,NA,NA,Mississippi State,Green Bay
400987187,2017-11-20,Mississippi State,Green Bay,183,2,19:31:00,1171,1171,Trevian Bell missed Jumper.,40,32,8,7,0.9813481322869702,0.7778106903817023,4,4,21.7,NA,NA,Green Bay,missed,Trevian Bell,NA,FALSE,FALSE,Green Bay,Mississippi State
400987187,2017-11-20,Mississippi State,Green Bay,184,2,19:31:00,1171,1171,Abdul Ado Defensive Rebound.,40,32,8,0,0.9813481322869702,0.7778106903817023,4,4,21.7,NA,NA,NA,NA,NA,NA,NA,NA,Green Bay,Mississippi State
400987187,2017-11-20,Mississippi State,Green Bay,185,2,19:20:00,1160,1160,Lamar Peters made Layup.,42,32,10,11,0.986294309206307,0.8284984715321037,4,4,21.7,NA,NA,Mississippi State,made,Lamar Peters,NA,FALSE,FALSE,Mississippi State,Green Bay
400987187,2017-11-20,Mississippi State,Green Bay,186,2,18:59:00,1139,1139,Khalil Small missed Jumper.,42,32,10,21,0.9862909247428798,0.8308573299468662,4,4,21.7,NA,NA,Green Bay,missed,Khalil Small,NA,FALSE,FALSE,Green Bay,Mississippi State
400987187,2017-11-20,Mississippi State,Green Bay,187,2,18:59:00,1139,1139,Nick Weatherspoon Defensive Rebound.,42,32,10,0,0.9862909247428798,0.8308573299468662,4,4,21.7,NA,NA,NA,NA,NA,NA,NA,NA,Green Bay,Mississippi State
400987187,2017-11-20,Mississippi State,Green Bay,188,2,18:52:00,1132,1132,Foul on Hunter Crist.,42,32,10,7,0.986289749560443,0.831635922821954,4,4,21.7,NA,NA,NA,NA,NA,NA,NA,NA,Mississippi State,Mississippi State
400987187,2017-11-20,Mississippi State,Green Bay,189,2,18:41:00,1121,1121,Nick Weatherspoon Turnover.,42,32,10,11,0.9862882298827962,0.8328566023788114,4,4,21.7,NA,NA,NA,NA,NA,NA,NA,NA,Mississippi State,Green Bay
400987187,2017-11-20,Mississippi State,Green Bay,190,2,18:39:00,1119,1119,Kameron Hankerson Steal.,42,32,10,2,0.9862880217543633,0.8330784994292685,4,4,21.7,NA,NA,NA,NA,NA,NA,NA,NA,Green Bay,Mississippi State
400987187,2017-11-20,Mississippi State,Green Bay,191,2,18:37:00,1117,1117,Kameron Hankerson made Layup.,42,34,8,2,0.9811798005846288,0.7837001723369337,4,4,21.7,NA,NA,NA,made,Kameron Hankerson,NA,FALSE,FALSE,Mississippi State,Mississippi State
400987187,2017-11-20,Mississippi State,Green Bay,192,2,18:11:00,1091,1091,Lamar Peters Turnover.,42,34,8,26,0.9811034492977686,0.7865417432022908,4,4,21.7,NA,NA,NA,NA,NA,NA,NA,NA,Mississippi State,Green Bay
400987187,2017-11-20,Mississippi State,Green Bay,193,2,18:02:00,1082,1082,Khalil Small Turnover.,42,34,8,9,0.9810791347382898,0.7875431066893874,4,4,21.7,NA,NA,NA,NA,NA,NA,NA,NA,Green Bay,Mississippi State
400987187,2017-11-20,Mississippi State,Green Bay,194,2,17:40:00,1060,1060,Aric Holman Turnover.,42,34,8,22,0.9810262518803388,0.7900516486742037,4,4,21.7,NA,NA,NA,NA,NA,NA,NA,NA,Mississippi State,Green Bay
400987187,2017-11-20,Mississippi State,Green Bay,195,2,17:31:00,1051,1051,Foul on Quinndary Weatherspoon.,42,34,8,9,0.9810078686194572,0.791108957131636,4,4,21.7,NA,NA,NA,NA,NA,NA,NA,NA,Green Bay,Green Bay
400987187,2017-11-20,Mississippi State,Green Bay,196,2,17:25:00,1045,1045,Khalil Small made Jumper. Assisted by Hunter Crist.,42,36,6,6,0.9736599669069332,0.7314465271342744,4,4,21.7,NA,NA,Green Bay,made,Khalil Small,Hunter Crist,FALSE,FALSE,Green Bay,Mississippi State
400987187,2017-11-20,Mississippi State,Green Bay,197,2,17:25:00,1045,1045,Foul on Nick Weatherspoon.,42,36,6,0,0.9736599669069332,0.7314465271342744,4,4,21.7,NA,NA,NA,NA,NA,NA,NA,NA,Green Bay,Green Bay
400987187,2017-11-20,Mississippi State,Green Bay,198,2,17:25:00,1045,1045,Khalil Small made Free Throw.,42,37,5,0,0.969020993213229,0.6974065542734255,4,4,21.7,NA,NA,Green Bay,made,Khalil Small,NA,FALSE,TRUE,Green Bay,Mississippi State
400987187,2017-11-20,Mississippi State,Green Bay,199,2,17:03:00,1023,1023,Foul on Khalil Small.,42,37,5,22,0.968783573979616,0.6995899105634457,4,4,21.7,NA,NA,NA,NA,NA,NA,NA,NA,Mississippi State,Mississippi State
400987187,2017-11-20,Mississippi State,Green Bay,200,2,17:03:00,1023,1023,Abdul Ado made Free Throw.,43,37,6,0,0.9735106492164524,0.7338832782459412,4,4,21.7,NA,NA,Mississippi State,made,Abdul Ado,NA,FALSE,TRUE,Mississippi State,Mississippi State
400987187,2017-11-20,Mississippi State,Green Bay,201,2,17:03:00,1023,1023,Abdul Ado made Free Throw.,44,37,7,0,0.9775385041086138,0.7655736832760364,4,4,21.7,NA,NA,Mississippi State,made,Abdul Ado,NA,FALSE,TRUE,Mississippi State,Green Bay
400987187,2017-11-20,Mississippi State,Green Bay,202,2,16:47:00,1007,1007,Hunter Crist missed Three Point Jumper.,44,37,7,16,0.9774894456757204,0.767580588765929,4,4,21.7,NA,NA,Green Bay,missed,Hunter Crist,NA,TRUE,FALSE,Green Bay,Mississippi State
400987187,2017-11-20,Mississippi State,Green Bay,203,2,16:47:00,1007,1007,E.J. Datcher Defensive Rebound.,44,37,7,0,0.9774894456757204,0.767580588765929,4,4,21.7,NA,NA,NA,NA,NA,NA,NA,NA,Green Bay,Mississippi State
400987187,2017-11-20,Mississippi State,Green Bay,204,2,16:34:00,994,994,Lamar Peters missed Three Point Jumper.,44,37,7,13,0.9774570471743604,0.7692858627185332,4,4,21.7,NA,NA,Mississippi State,missed,Lamar Peters,NA,TRUE,FALSE,Mississippi State,Green Bay
400987187,2017-11-20,Mississippi State,Green Bay,205,2,16:34:00,994,994,Hunter Crist Defensive Rebound.,44,37,7,0,0.9774570471743604,0.7692858627185332,4,4,21.7,NA,NA,NA,NA,NA,NA,NA,NA,Mississippi State,Green Bay
400987187,2017-11-20,Mississippi State,Green Bay,206,2,16:24:00,984,984,Hunter Crist Turnover.,44,37,7,10,0.977437136478528,0.7706474238067677,4,4,21.7,NA,NA,NA,NA,NA,NA,NA,NA,Green Bay,Mississippi State
400987187,2017-11-20,Mississippi State,Green Bay,207,2,16:23:00,983,983,Lamar Peters Steal.,44,37,7,1,0.9774353985388442,0.7707860843094799,4,4,21.7,NA,NA,NA,NA,NA,NA,NA,NA,Green Bay,Mississippi State
400987187,2017-11-20,Mississippi State,Green Bay,208,2,16:08:00,968,968,Quinndary Weatherspoon Turnover.,44,37,7,15,0.977414986555647,0.7729205818549957,4,4,21.7,NA,NA,NA,NA,NA,NA,NA,NA,Mississippi State,Green Bay
400987187,2017-11-20,Mississippi State,Green Bay,209,2,15:59:00,959,959,David Jesperson missed Three Point Jumper.,44,37,7,9,0.9774030944353338,0.7741750853344888,4,4,21.7,NA,NA,Green Bay,missed,David Jesperson,NA,TRUE,FALSE,Green Bay,Mississippi State
400987187,2017-11-20,Mississippi State,Green Bay,210,2,15:59:00,959,959,Abdul Ado Defensive Rebound.,44,37,7,0,0.9774030944353338,0.7741750853344888,4,4,21.7,NA,NA,NA,NA,NA,NA,NA,NA,Green Bay,Mississippi State
400987187,2017-11-20,Mississippi State,Green Bay,211,2,15:49:00,949,949,E.J. Datcher made Dunk. Assisted by Lamar Peters.,46,37,9,10,0.9840231807202476,0.8311437462329339,4,4,21.7,NA,NA,Mississippi State,made,E.J. Datcher,Lamar Peters,FALSE,FALSE,Mississippi State,Green Bay
400987187,2017-11-20,Mississippi State,Green Bay,212,2,15:46:00,946,946,Official TV Timeout,46,37,9,3,0.984029095271817,0.8315383653299038,4,4,21.7,NA,NA,NA,NA,NA,NA,NA,NA,Green Bay,Mississippi State
400987187,2017-11-20,Mississippi State,Green Bay,213,2,15:34:00,934,934,T.J. Parham missed Jumper.,46,37,9,12,0.984049757208607,0.83305453009898,4,4,21.7,NA,NA,NA,missed,T.J. Parham,NA,FALSE,FALSE,Mississippi State,Mississippi State
400987187,2017-11-20,Mississippi State,Green Bay,214,2,15:34:00,934,934,Quinndary Weatherspoon Defensive Rebound.,46,37,9,0,0.984049757208607,0.83305453009898,4,4,21.7,NA,NA,NA,NA,NA,NA,NA,NA,Mississippi State,Mississippi State
400987187,2017-11-20,Mississippi State,Green Bay,215,2,15:26:00,926,926,Tyson Carter missed Three Point Jumper.,46,37,9,8,0.9840612723329014,0.8340167424123083,4,4,21.7,NA,NA,Mississippi State,missed,Tyson Carter,NA,TRUE,FALSE,Mississippi State,Green Bay
400987187,2017-11-20,Mississippi State,Green Bay,216,2,15:26:00,926,926,Khalil Small Defensive Rebound.,46,37,9,0,0.9840612723329014,0.8340167424123083,4,4,21.7,NA,NA,NA,NA,NA,NA,NA,NA,Mississippi State,Green Bay
400987187,2017-11-20,Mississippi State,Green Bay,217,2,15:17:00,917,917,Khalil Small Turnover.,46,37,9,9,0.9840725508015008,0.835060853567401,4,4,21.7,NA,NA,NA,NA,NA,NA,NA,NA,Green Bay,Mississippi State
400987187,2017-11-20,Mississippi State,Green Bay,218,2,15:16:00,916,916,Quinndary Weatherspoon Steal.,46,37,9,1,0.9840737140053412,0.8351746786921622,4,4,21.7,NA,NA,NA,NA,NA,NA,NA,NA,Green Bay,Mississippi State
400987187,2017-11-20,Mississippi State,Green Bay,219,2,15:14:00,914,914,Tyson Carter made Dunk. Assisted by Quinndary Weatherspoon.,48,37,11,2,0.9888472447128596,0.8792533581345064,4,4,21.7,NA,NA,Mississippi State,made,Tyson Carter,Quinndary Weatherspoon,FALSE,FALSE,Mississippi State,Green Bay
400987187,2017-11-20,Mississippi State,Green Bay,220,2,15:08:00,908,908,T.J. Parham missed Three Point Jumper.,48,37,11,6,0.9888637936610208,0.8798858451371919,4,4,21.7,NA,NA,NA,missed,T.J. Parham,NA,TRUE,FALSE,Green Bay,Mississippi State
400987187,2017-11-20,Mississippi State,Green Bay,221,2,15:08:00,908,908,E.J. Datcher Defensive Rebound.,48,37,11,0,0.9888637936610208,0.8798858451371919,4,4,21.7,NA,NA,NA,NA,NA,NA,NA,NA,Mississippi State,Mississippi State
400987187,2017-11-20,Mississippi State,Green Bay,222,2,14:59:00,899,899,E.J. Datcher made Jumper. Assisted by Quinndary Weatherspoon.,50,37,13,9,0.992249399142664,0.9140267574482936,4,4,21.7,NA,NA,Mississippi State,made,E.J. Datcher,Quinndary Weatherspoon,FALSE,FALSE,Mississippi State,Green Bay
400987187,2017-11-20,Mississippi State,Green Bay,223,2,14:41:00,881,881,Manny Patterson made Jumper. Assisted by Khalil Small.,50,39,11,18,0.988934691283317,0.8826203436674533,4,4,21.7,NA,NA,Green Bay,made,Manny Patterson,Khalil Small,FALSE,FALSE,Green Bay,Mississippi State
400987187,2017-11-20,Mississippi State,Green Bay,224,2,14:40:00,880,880,Green Bay  Timeout,50,39,11,1,0.9889373053214718,0.8827196297618858,4,3,21.7,NA,NA,NA,NA,NA,NA,NA,NA,Mississippi State,Mississippi State
400987187,2017-11-20,Mississippi State,Green Bay,225,2,14:40:00,880,880,Official TV Timeout,50,39,11,0,0.9889373053214718,0.8827196297618858,4,3,21.7,NA,NA,NA,NA,NA,NA,NA,NA,Mississippi State,Mississippi State
400987187,2017-11-20,Mississippi State,Green Bay,226,2,14:27:00,867,867,Foul on Manny Patterson.,50,39,11,13,0.988971989985915,0.8840089033342624,4,3,21.7,NA,NA,NA,NA,NA,NA,NA,NA,Mississippi State,Mississippi State
400987187,2017-11-20,Mississippi State,Green Bay,227,2,14:16:00,856,856,Foul on Manny Patterson.,50,39,11,11,0.9890030372678714,0.8851075163354678,4,3,21.7,NA,NA,NA,NA,NA,NA,NA,NA,Mississippi State,Green Bay
400987187,2017-11-20,Mississippi State,Green Bay,228,2,14:16:00,856,856,Nick Weatherspoon made Free Throw.,51,39,12,0,0.990848904876998,0.9026763959122364,4,3,21.7,NA,NA,Mississippi State,made,Nick Weatherspoon,NA,FALSE,TRUE,Mississippi State,Mississippi State
400987187,2017-11-20,Mississippi State,Green Bay,229,2,14:16:00,856,856,Nick Weatherspoon missed Free Throw.,51,39,12,0,0.990848904876998,0.9026763959122364,4,3,21.7,NA,NA,Mississippi State,missed,Nick Weatherspoon,NA,FALSE,TRUE,Mississippi State,Green Bay
400987187,2017-11-20,Mississippi State,Green Bay,230,2,14:16:00,856,856,Khalil Small Defensive Rebound.,51,39,12,0,0.990848904876998,0.9026763959122364,4,3,21.7,NA,NA,NA,NA,NA,NA,NA,NA,Mississippi State,Green Bay
400987187,2017-11-20,Mississippi State,Green Bay,231,2,14:11:00,851,851,Kameron Hankerson made Layup.,51,41,10,5,0.9868017292076404,0.8653698809447804,4,3,21.7,NA,NA,NA,made,Kameron Hankerson,NA,FALSE,FALSE,Green Bay,Mississippi State
400987187,2017-11-20,Mississippi State,Green Bay,232,2,13:54:00,834,834,Tyson Carter missed Three Point Jumper.,51,41,10,17,0.9868474026610298,0.8672127829766343,4,3,21.7,NA,NA,Mississippi State,missed,Tyson Carter,NA,TRUE,FALSE,Mississippi State,Mississippi State
400987187,2017-11-20,Mississippi State,Green Bay,233,2,13:54:00,834,834,Aric Holman Offensive Rebound.,51,41,10,0,0.9868474026610298,0.8672127829766343,4,3,21.7,NA,NA,NA,NA,NA,NA,NA,NA,Mississippi State,Mississippi State
400987187,2017-11-20,Mississippi State,Green Bay,234,2,13:48:00,828,828,Aric Holman missed Jumper.,51,41,10,6,0.9868658155245462,0.8678864533917813,4,3,21.7,NA,NA,Mississippi State,missed,Aric Holman,NA,FALSE,FALSE,Mississippi State,Green Bay
400987187,2017-11-20,Mississippi State,Green Bay,235,2,13:48:00,828,828,Khalil Small Defensive Rebound.,51,41,10,0,0.9868658155245462,0.8678864533917813,4,3,21.7,NA,NA,NA,NA,NA,NA,NA,NA,Mississippi State,Green Bay
400987187,2017-11-20,Mississippi State,Green Bay,236,2,13:40:00,820,820,Will Chevalier missed Jumper.,51,41,10,8,0.9868925832211995,0.8688083459289626,4,3,21.7,NA,NA,Green Bay,missed,Will Chevalier,NA,FALSE,FALSE,Green Bay,Green Bay
400987187,2017-11-20,Mississippi State,Green Bay,237,2,13:40:00,820,820,E.J. Datcher Block.,51,41,10,0,0.9868925832211995,0.8688083459289626,4,3,21.7,NA,NA,NA,NA,NA,NA,NA,NA,Green Bay,Green Bay
400987187,2017-11-20,Mississippi State,Green Bay,238,2,13:38:00,818,818,Kameron Hankerson Offensive Rebound.,51,41,10,2,0.9868997035158444,0.8690434748959798,4,3,21.7,NA,NA,NA,NA,NA,NA,NA,NA,Green Bay,Green Bay
400987187,2017-11-20,Mississippi State,Green Bay,239,2,13:29:00,809,809,David Jesperson Turnover.,51,41,10,9,0.9869340538455964,0.8701270650442797,4,3,21.7,NA,NA,NA,NA,NA,NA,NA,NA,Green Bay,Mississippi State
400987187,2017-11-20,Mississippi State,Green Bay,240,2,13:28:00,808,808,Nick Weatherspoon Steal.,51,41,10,1,0.9869381156928708,0.870250194460269,4,3,21.7,NA,NA,NA,NA,NA,NA,NA,NA,Green Bay,Mississippi State
400987187,2017-11-20,Mississippi State,Green Bay,241,2,13:25:00,805,805,Aric Holman made Dunk. Assisted by Nick Weatherspoon.,53,41,12,3,0.9910505587582464,0.9078594714377102,4,3,21.7,NA,NA,Mississippi State,made,Aric Holman,Nick Weatherspoon,FALSE,FALSE,Mississippi State,Green Bay
400987187,2017-11-20,Mississippi State,Green Bay,242,2,13:03:00,783,783,Will Chevalier missed Three Point Jumper.,53,41,12,22,0.9911701661794098,0.9104454271294116,4,3,21.7,NA,NA,Green Bay,missed,Will Chevalier,NA,TRUE,FALSE,Green Bay,Mississippi State
400987187,2017-11-20,Mississippi State,Green Bay,243,2,13:03:00,783,783,Nick Weatherspoon Defensive Rebound.,53,41,12,0,0.9911701661794098,0.9104454271294116,4,3,21.7,NA,NA,NA,NA,NA,NA,NA,NA,Green Bay,Mississippi State
400987187,2017-11-20,Mississippi State,Green Bay,244,2,12:53:00,773,773,Eli Wright made Layup.,55,41,14,10,0.9940424104781638,0.9384233800228724,4,3,21.7,NA,NA,Mississippi State,made,Eli Wright,NA,FALSE,FALSE,Mississippi State,Green Bay
400987187,2017-11-20,Mississippi State,Green Bay,245,2,12:22:00,742,742,T.J. Parham made Jumper.,55,43,12,31,0.9914691133501696,0.9161067222514496,4,3,21.7,NA,NA,NA,made,T.J. Parham,NA,FALSE,FALSE,Green Bay,Mississippi State
400987187,2017-11-20,Mississippi State,Green Bay,246,2,12:08:00,728,728,Nick Weatherspoon Turnover.,55,43,12,14,0.9915973589244004,0.9183255989725332,4,3,21.7,NA,NA,NA,NA,NA,NA,NA,NA,Mississippi State,Green Bay
400987187,2017-11-20,Mississippi State,Green Bay,247,2,11:56:00,716,716,Foul on Aric Holman.,55,43,12,12,0.991700517021804,0.9201387518952284,4,3,21.7,NA,NA,NA,NA,NA,NA,NA,NA,Green Bay,Green Bay
400987187,2017-11-20,Mississippi State,Green Bay,248,2,11:56:00,716,716,Official TV Timeout,55,43,12,0,0.991700517021804,0.9201387518952284,4,3,21.7,NA,NA,NA,NA,NA,NA,NA,NA,Green Bay,Green Bay
400987187,2017-11-20,Mississippi State,Green Bay,249,2,11:47:00,707,707,Will Chevalier made Three Point Jumper. Assisted by David Jesperson.,55,46,9,9,0.9848749445138694,0.8636487433347703,4,3,21.7,NA,NA,Green Bay,made,Will Chevalier,David Jesperson,TRUE,FALSE,Green Bay,Mississippi State
400987187,2017-11-20,Mississippi State,Green Bay,250,2,11:24:00,684,684,Quinndary Weatherspoon missed Jumper.,55,46,9,23,0.9849936838604008,0.8671258662155149,4,3,21.7,NA,NA,Mississippi State,missed,Quinndary Weatherspoon,NA,FALSE,FALSE,Mississippi State,Mississippi State
400987187,2017-11-20,Mississippi State,Green Bay,251,2,11:24:00,684,684,Abdul Ado Offensive Rebound.,55,46,9,0,0.9849936838604008,0.8671258662155149,4,3,21.7,NA,NA,NA,NA,NA,NA,NA,NA,Mississippi State,Mississippi State
400987187,2017-11-20,Mississippi State,Green Bay,252,2,11:23:00,683,683,Foul on David Jesperson.,55,46,9,1,0.9849980546004322,0.86726802022093,4,3,21.7,NA,NA,NA,NA,NA,NA,NA,NA,Mississippi State,Mississippi State
400987187,2017-11-20,Mississippi State,Green Bay,253,2,11:22:00,682,682,Lamar Peters missed Three Point Jumper.,55,46,9,1,0.9850023781328492,0.8674096269895931,4,3,21.7,NA,NA,Mississippi State,missed,Lamar Peters,NA,TRUE,FALSE,Mississippi State,Green Bay
400987187,2017-11-20,Mississippi State,Green Bay,254,2,11:22:00,682,682,Hunter Crist Defensive Rebound.,55,46,9,0,0.9850023781328492,0.8674096269895931,4,3,21.7,NA,NA,NA,NA,NA,NA,NA,NA,Mississippi State,Green Bay
400987187,2017-11-20,Mississippi State,Green Bay,255,2,11:11:00,671,671,T.J. Parham made Three Point Jumper. Assisted by Hunter Crist.,55,49,6,11,0.9722742077398044,0.7792098056418348,4,3,21.7,NA,NA,NA,made,T.J. Parham,Hunter Crist,TRUE,FALSE,Green Bay,Mississippi State
400987187,2017-11-20,Mississippi State,Green Bay,256,2,10:53:00,653,653,KeyShawn Feazell Turnover.,55,49,6,18,0.9722075283097968,0.7816823605676506,4,3,21.7,NA,NA,NA,NA,NA,NA,NA,NA,Mississippi State,Green Bay
400987187,2017-11-20,Mississippi State,Green Bay,257,2,10:51:00,651,651,PJ Pipes Steal.,55,49,6,2,0.9722001818413756,0.7819587052183863,4,3,21.7,NA,NA,NA,NA,NA,NA,NA,NA,Mississippi State,Green Bay
400987187,2017-11-20,Mississippi State,Green Bay,258,2,10:48:00,648,648,Foul on KeyShawn Feazell.,55,49,6,3,0.9721893136183608,0.7823751115510301,4,3,21.7,NA,NA,NA,NA,NA,NA,NA,NA,Green Bay,Green Bay
400987187,2017-11-20,Mississippi State,Green Bay,259,2,10:48:00,648,648,T.J. Parham made Free Throw.,55,50,5,0,0.9658045855434452,0.7438928673789436,4,3,21.7,NA,NA,NA,made,T.J. Parham,NA,FALSE,TRUE,Green Bay,Mississippi State
400987187,2017-11-20,Mississippi State,Green Bay,260,2,10:48:00,648,648,T.J. Parham made Free Throw.,55,51,4,0,0.9580173612085277,0.7012046614371327,4,3,21.7,NA,NA,NA,made,T.J. Parham,NA,FALSE,TRUE,Mississippi State,Mississippi State
400987187,2017-11-20,Mississippi State,Green Bay,261,2,10:24:00,624,624,Foul on David Jesperson.,55,51,4,24,0.9576309305501924,0.7040692226768112,4,3,21.7,NA,NA,NA,NA,NA,NA,NA,NA,Mississippi State,Mississippi State
400987187,2017-11-20,Mississippi State,Green Bay,262,2,10:24:00,624,624,Lamar Peters made Free Throw.,56,51,5,0,0.9656012796339772,0.7471442096257805,4,3,21.7,NA,NA,Mississippi State,made,Lamar Peters,NA,FALSE,TRUE,Mississippi State,Mississippi State
400987187,2017-11-20,Mississippi State,Green Bay,263,2,10:24:00,624,624,Lamar Peters made Free Throw.,57,51,6,0,0.972115927267844,0.7858563003912632,4,3,21.7,NA,NA,Mississippi State,made,Lamar Peters,NA,FALSE,TRUE,Mississippi State,Mississippi State
400987187,2017-11-20,Mississippi State,Green Bay,264,2,10:07:00,607,607,T.J. Parham missed Jumper.,57,51,6,17,0.9720900173285554,0.7885921054791856,4,3,21.7,NA,NA,NA,missed,T.J. Parham,NA,FALSE,FALSE,Mississippi State,Mississippi State
400987187,2017-11-20,Mississippi State,Green Bay,265,2,10:07:00,607,607,Aric Holman Defensive Rebound.,57,51,6,0,0.9720900173285554,0.7885921054791856,4,3,21.7,NA,NA,NA,NA,NA,NA,NA,NA,Mississippi State,Mississippi State
400987187,2017-11-20,Mississippi State,Green Bay,266,2,09:55:00,595,595,Quinndary Weatherspoon missed Three Point Jumper.,57,51,6,12,0.9720916555683166,0.7907210670788881,4,3,21.7,NA,NA,Mississippi State,missed,Quinndary Weatherspoon,NA,TRUE,FALSE,Mississippi State,Green Bay
400987187,2017-11-20,Mississippi State,Green Bay,267,2,09:55:00,595,595,PJ Pipes Defensive Rebound.,57,51,6,0,0.9720916555683166,0.7907210670788881,4,3,21.7,NA,NA,NA,NA,NA,NA,NA,NA,Mississippi State,Green Bay
400987187,2017-11-20,Mississippi State,Green Bay,268,2,09:49:00,589,589,PJ Pipes Turnover.,57,51,6,6,0.9721000675104776,0.791859255595396,4,3,21.7,NA,NA,NA,NA,NA,NA,NA,NA,Green Bay,Mississippi State
400987187,2017-11-20,Mississippi State,Green Bay,269,2,09:38:00,578,578,Lamar Peters missed Jumper.,57,51,6,11,0.9721306346044808,0.7940904269798845,4,3,21.7,NA,NA,Mississippi State,missed,Lamar Peters,NA,FALSE,FALSE,Mississippi State,Mississippi State
400987187,2017-11-20,Mississippi State,Green Bay,270,2,09:38:00,578,578,Abdul Ado Offensive Rebound.,57,51,6,0,0.9721306346044808,0.7940904269798845,4,3,21.7,NA,NA,NA,NA,NA,NA,NA,NA,Mississippi State,Mississippi State
400987187,2017-11-20,Mississippi State,Green Bay,271,2,09:35:00,575,575,Abdul Ado missed Jumper.,57,51,6,3,0.9721426785893958,0.7947338944472422,4,3,21.7,NA,NA,Mississippi State,missed,Abdul Ado,NA,FALSE,FALSE,Mississippi State,Green Bay
400987187,2017-11-20,Mississippi State,Green Bay,272,2,09:35:00,575,575,David Jesperson Defensive Rebound.,57,51,6,0,0.9721426785893958,0.7947338944472422,4,3,21.7,NA,NA,NA,NA,NA,NA,NA,NA,Mississippi State,Green Bay
400987187,2017-11-20,Mississippi State,Green Bay,273,2,09:35:00,575,575,Foul on Aric Holman.,57,51,6,0,0.9721426785893958,0.7947338944472422,4,3,21.7,NA,NA,NA,NA,NA,NA,NA,NA,Mississippi State,Green Bay
400987187,2017-11-20,Mississippi State,Green Bay,274,2,09:12:00,552,552,David Jesperson missed Three Point Jumper.,57,51,6,23,0.9722956752527012,0.8002270866915207,4,3,21.7,NA,NA,Green Bay,missed,David Jesperson,NA,TRUE,FALSE,Green Bay,Mississippi State
400987187,2017-11-20,Mississippi State,Green Bay,275,2,09:12:00,552,552,Aric Holman Defensive Rebound.,57,51,6,0,0.9722956752527012,0.8002270866915207,4,3,21.7,NA,NA,NA,NA,NA,NA,NA,NA,Green Bay,Mississippi State
400987187,2017-11-20,Mississippi State,Green Bay,276,2,09:02:00,542,542,Foul on PJ Pipes.,57,51,6,10,0.9723789755772896,0.8027757756012371,4,3,21.7,NA,NA,NA,NA,NA,NA,NA,NA,Mississippi State,Mississippi State
400987187,2017-11-20,Mississippi State,Green Bay,277,2,09:02:00,542,542,Tyson Carter made Free Throw.,58,51,7,0,0.9780141285928442,0.8372203510409755,4,3,21.7,NA,NA,Mississippi State,made,Tyson Carter,NA,FALSE,TRUE,Mississippi State,Mississippi State
400987187,2017-11-20,Mississippi State,Green Bay,278,2,09:02:00,542,542,Tyson Carter made Free Throw.,59,51,8,0,0.9825202823922448,0.8666485669312044,4,3,21.7,NA,NA,Mississippi State,made,Tyson Carter,NA,FALSE,TRUE,Mississippi State,Green Bay
400987187,2017-11-20,Mississippi State,Green Bay,279,2,08:45:00,525,525,Manny Patterson missed Jumper.,59,51,8,17,0.9826978984738972,0.8702470466606863,4,3,21.7,NA,NA,Green Bay,missed,Manny Patterson,NA,FALSE,FALSE,Green Bay,Green Bay
400987187,2017-11-20,Mississippi State,Green Bay,280,2,08:45:00,525,525,Hunter Crist Offensive Rebound.,59,51,8,0,0.9826978984738972,0.8702470466606863,4,3,21.7,NA,NA,NA,NA,NA,NA,NA,NA,Green Bay,Green Bay
400987187,2017-11-20,Mississippi State,Green Bay,281,2,08:21:00,501,501,Manny Patterson made Jumper.,59,53,6,24,0.9724544556169564,0.811017608141992,4,3,21.7,NA,NA,Green Bay,made,Manny Patterson,NA,FALSE,FALSE,Green Bay,Mississippi State
400987187,2017-11-20,Mississippi State,Green Bay,282,2,08:04:00,484,484,Schnider Herard made Jumper.,61,53,8,17,0.9829882517883852,0.8776329610089546,4,3,21.7,NA,NA,Mississippi State,made,Schnider Herard,NA,FALSE,FALSE,Mississippi State,Green Bay
400987187,2017-11-20,Mississippi State,Green Bay,283,2,08:04:00,484,484,Foul on David Jesperson.,61,53,8,0,0.9829882517883852,0.8776329610089546,4,3,21.7,NA,NA,NA,NA,NA,NA,NA,NA,Mississippi State,Green Bay
400987187,2017-11-20,Mississippi State,Green Bay,284,2,08:04:00,484,484,Schnider Herard missed Free Throw.,61,53,8,0,0.9829882517883852,0.8776329610089546,4,3,21.7,NA,NA,Mississippi State,missed,Schnider Herard,NA,FALSE,TRUE,Mississippi State,Green Bay
400987187,2017-11-20,Mississippi State,Green Bay,285,2,08:04:00,484,484,Will Chevalier Defensive Rebound.,61,53,8,0,0.9829882517883852,0.8776329610089546,4,3,21.7,NA,NA,NA,NA,NA,NA,NA,NA,Mississippi State,Green Bay
400987187,2017-11-20,Mississippi State,Green Bay,286,2,07:40:00,460,460,Foul on Nick Weatherspoon.,61,53,8,24,0.9832442627493116,0.882566833943555,4,3,21.7,NA,NA,NA,NA,NA,NA,NA,NA,Green Bay,Green Bay
400987187,2017-11-20,Mississippi State,Green Bay,287,2,07:40:00,460,460,Official TV Timeout,61,53,8,0,0.9832442627493116,0.882566833943555,4,3,21.7,NA,NA,NA,NA,NA,NA,NA,NA,Green Bay,Green Bay
400987187,2017-11-20,Mississippi State,Green Bay,288,2,07:35:00,455,455,Foul on Schnider Herard.,61,53,8,5,0.9833189387338904,0.8837534294699675,4,3,21.7,NA,NA,NA,NA,NA,NA,NA,NA,Green Bay,Green Bay
400987187,2017-11-20,Mississippi State,Green Bay,289,2,07:35:00,455,455,Khalil Small made Free Throw.,61,54,7,0,0.9786077341166955,0.8550667798406616,4,3,21.7,NA,NA,Green Bay,made,Khalil Small,NA,FALSE,TRUE,Green Bay,Green Bay
400987187,2017-11-20,Mississippi State,Green Bay,290,2,07:35:00,455,455,Khalil Small made Free Throw.,61,55,6,0,0.9726030239613324,0.820736955877055,4,3,21.7,NA,NA,Green Bay,made,Khalil Small,NA,FALSE,TRUE,Green Bay,Mississippi State
400987187,2017-11-20,Mississippi State,Green Bay,291,2,07:13:00,433,433,Abdul Ado made Jumper.,63,55,8,22,0.9837707522629038,0.8898709376427962,4,3,21.7,NA,NA,Mississippi State,made,Abdul Ado,NA,FALSE,FALSE,Mississippi State,Green Bay
400987187,2017-11-20,Mississippi State,Green Bay,292,2,06:53:00,413,413,Manny Patterson missed Jumper.,63,55,8,20,0.9842445543195818,0.8959564947009301,4,3,21.7,NA,NA,Green Bay,missed,Manny Patterson,NA,FALSE,FALSE,Green Bay,Mississippi State
400987187,2017-11-20,Mississippi State,Green Bay,293,2,06:53:00,413,413,Aric Holman Defensive Rebound.,63,55,8,0,0.9842445543195818,0.8959564947009301,4,3,21.7,NA,NA,NA,NA,NA,NA,NA,NA,Green Bay,Mississippi State
400987187,2017-11-20,Mississippi State,Green Bay,294,2,06:47:00,407,407,Nick Weatherspoon made Layup.,65,55,10,6,0.9908496500461976,0.937830035307758,4,3,21.7,NA,NA,Mississippi State,made,Nick Weatherspoon,NA,FALSE,FALSE,Mississippi State,Green Bay
400987187,2017-11-20,Mississippi State,Green Bay,295,2,06:33:00,393,393,Khalil Small made Jumper.,65,57,8,14,0.9845941016907094,0.9013037438704417,4,3,21.7,NA,NA,Green Bay,made,Khalil Small,NA,FALSE,FALSE,Green Bay,Mississippi State
400987187,2017-11-20,Mississippi State,Green Bay,296,2,06:15:00,375,375,Quinndary Weatherspoon missed Three Point Jumper.,65,57,8,18,0.9848849579503096,0.9059752461576918,4,3,21.7,NA,NA,Mississippi State,missed,Quinndary Weatherspoon,NA,TRUE,FALSE,Mississippi State,Green Bay
400987187,2017-11-20,Mississippi State,Green Bay,297,2,06:15:00,375,375,Hunter Crist Defensive Rebound.,65,57,8,0,0.9848849579503096,0.9059752461576918,4,3,21.7,NA,NA,NA,NA,NA,NA,NA,NA,Mississippi State,Green Bay
400987187,2017-11-20,Mississippi State,Green Bay,298,2,06:02:00,362,362,Hunter Crist missed Jumper.,65,57,8,13,0.9851224674752036,0.9094922558427924,4,3,21.7,NA,NA,Green Bay,missed,Hunter Crist,NA,FALSE,FALSE,Green Bay,Mississippi State
400987187,2017-11-20,Mississippi State,Green Bay,299,2,06:02:00,362,362,Abdul Ado Defensive Rebound.,65,57,8,0,0.9851224674752036,0.9094922558427924,4,3,21.7,NA,NA,NA,NA,NA,NA,NA,NA,Green Bay,Mississippi State
400987187,2017-11-20,Mississippi State,Green Bay,300,2,05:51:00,351,351,Foul on Will Chevalier.,65,57,8,11,0.9853621127947436,0.9126637758915124,4,3,21.7,NA,NA,NA,NA,NA,NA,NA,NA,Mississippi State,Mississippi State
400987187,2017-11-20,Mississippi State,Green Bay,301,2,05:51:00,351,351,Lamar Peters missed Free Throw.,65,57,8,0,0.9853621127947436,0.9126637758915124,4,3,21.7,NA,NA,Mississippi State,missed,Lamar Peters,NA,FALSE,TRUE,Mississippi State,Mississippi State
400987187,2017-11-20,Mississippi State,Green Bay,302,2,05:51:00,351,351,Mississippi State Deadball Team Rebound.,65,57,8,0,0.9853621127947436,0.9126637758915124,4,3,21.7,NA,NA,NA,NA,NA,NA,NA,NA,Mississippi State,Mississippi State
400987187,2017-11-20,Mississippi State,Green Bay,303,2,05:51:00,351,351,Lamar Peters made Free Throw.,66,57,9,0,0.9890425883088542,0.9333874577331752,4,3,21.7,NA,NA,Mississippi State,made,Lamar Peters,NA,FALSE,TRUE,Mississippi State,Green Bay
400987187,2017-11-20,Mississippi State,Green Bay,304,2,05:33:00,333,333,Kameron Hankerson missed Jumper.,66,57,9,18,0.9895186113109236,0.9383909337387758,4,3,21.7,NA,NA,NA,missed,Kameron Hankerson,NA,FALSE,FALSE,Green Bay,Green Bay
400987187,2017-11-20,Mississippi State,Green Bay,305,2,05:33:00,333,333,Khalil Small Offensive Rebound.,66,57,9,0,0.9895186113109236,0.9383909337387758,4,3,21.7,NA,NA,NA,NA,NA,NA,NA,NA,Green Bay,Green Bay
400987187,2017-11-20,Mississippi State,Green Bay,306,2,05:32:00,332,332,Foul on Aric Holman.,66,57,9,1,0.9895490795172232,0.9386871114970152,4,3,21.7,NA,NA,NA,NA,NA,NA,NA,NA,Green Bay,Green Bay
400987187,2017-11-20,Mississippi State,Green Bay,307,2,05:32:00,332,332,Khalil Small missed Free Throw.,66,57,9,0,0.9895490795172232,0.9386871114970152,4,3,21.7,NA,NA,Green Bay,missed,Khalil Small,NA,FALSE,TRUE,Green Bay,Mississippi State
400987187,2017-11-20,Mississippi State,Green Bay,308,2,05:32:00,332,332,Abdul Ado Defensive Rebound.,66,57,9,0,0.9895490795172232,0.9386871114970152,4,3,21.7,NA,NA,NA,NA,NA,NA,NA,NA,Green Bay,Mississippi State
400987187,2017-11-20,Mississippi State,Green Bay,309,2,05:15:00,315,315,Aric Holman made Three Point Jumper. Assisted by Nick Weatherspoon.,69,57,12,17,0.9961325609580792,0.977408257582657,4,3,21.7,NA,NA,Mississippi State,made,Aric Holman,Nick Weatherspoon,TRUE,FALSE,Mississippi State,Green Bay
400987187,2017-11-20,Mississippi State,Green Bay,310,2,05:12:00,312,312,Mississippi State  Timeout,69,57,12,3,0.9962040585303013,0.9779670247023006,3,3,21.7,NA,NA,NA,NA,NA,NA,NA,NA,Green Bay,Green Bay
400987187,2017-11-20,Mississippi State,Green Bay,311,2,04:57:00,297,297,Khalil Small Turnover.,69,57,12,15,0.9964184844594038,0.9798797113489598,3,3,21.7,NA,NA,NA,NA,NA,NA,NA,NA,Green Bay,Mississippi State
400987187,2017-11-20,Mississippi State,Green Bay,312,2,04:34:00,274,274,Quinndary Weatherspoon missed Jumper.,69,57,12,23,0.9961872231777964,0.9796691196576476,3,3,21.7,NA,NA,Mississippi State,missed,Quinndary Weatherspoon,NA,FALSE,FALSE,Mississippi State,Green Bay
400987187,2017-11-20,Mississippi State,Green Bay,313,2,04:34:00,274,274,Kameron Hankerson Defensive Rebound.,69,57,12,0,0.9961872231777964,0.9796691196576476,3,3,21.7,NA,NA,NA,NA,NA,NA,NA,NA,Mississippi State,Green Bay
400987187,2017-11-20,Mississippi State,Green Bay,314,2,04:12:00,252,252,Will Chevalier made Three Point Jumper. Assisted by Kameron Hankerson.,69,60,9,22,0.9888875437035244,0.9452647790870904,3,3,21.7,NA,NA,Green Bay,made,Will Chevalier,Kameron Hankerson,TRUE,FALSE,Green Bay,Mississippi State
400987187,2017-11-20,Mississippi State,Green Bay,315,2,03:41:00,221,221,Abdul Ado missed Jumper.,69,60,9,31,0.9881090371344152,0.9457100561675248,3,3,21.7,NA,NA,Mississippi State,missed,Abdul Ado,NA,FALSE,FALSE,Mississippi State,Mississippi State
400987187,2017-11-20,Mississippi State,Green Bay,316,2,03:41:00,221,221,Abdul Ado Offensive Rebound.,69,60,9,0,0.9881090371344152,0.9457100561675248,3,3,21.7,NA,NA,NA,NA,NA,NA,NA,NA,Mississippi State,Mississippi State
400987187,2017-11-20,Mississippi State,Green Bay,317,2,03:39:00,219,219,Foul on Kameron Hankerson.,69,60,9,2,0.9881542208974036,0.946177918286448,3,3,21.7,NA,NA,NA,NA,NA,NA,NA,NA,Mississippi State,Mississippi State
400987187,2017-11-20,Mississippi State,Green Bay,318,2,03:39:00,219,219,Official TV Timeout,69,60,9,0,0.9881542208974036,0.946177918286448,3,3,21.7,NA,NA,NA,NA,NA,NA,NA,NA,Mississippi State,Mississippi State
400987187,2017-11-20,Mississippi State,Green Bay,319,2,03:39:00,219,219,Aric Holman made Free Throw.,70,60,10,0,0.9913575965465774,0.9602763440858628,3,3,21.7,NA,NA,Mississippi State,made,Aric Holman,NA,FALSE,TRUE,Mississippi State,Mississippi State
400987187,2017-11-20,Mississippi State,Green Bay,320,2,03:39:00,219,219,Aric Holman made Free Throw.,71,60,11,0,0.9937002272287248,0.9707957442567766,3,3,21.7,NA,NA,Mississippi State,made,Aric Holman,NA,FALSE,TRUE,Mississippi State,Green Bay
400987187,2017-11-20,Mississippi State,Green Bay,321,2,03:30:00,210,210,Will Chevalier missed Three Point Jumper.,71,60,11,9,0.9939975082203562,0.9727977684501404,3,3,21.7,NA,NA,Green Bay,missed,Will Chevalier,NA,TRUE,FALSE,Green Bay,Green Bay
400987187,2017-11-20,Mississippi State,Green Bay,322,2,03:30:00,210,210,Khalil Small Offensive Rebound.,71,60,11,0,0.9939975082203562,0.9727977684501404,3,3,21.7,NA,NA,NA,NA,NA,NA,NA,NA,Green Bay,Green Bay
400987187,2017-11-20,Mississippi State,Green Bay,323,2,03:26:00,206,206,Khalil Small missed Jumper.,71,60,11,4,0.9942001233224208,0.9739823637393992,3,3,21.7,NA,NA,Green Bay,missed,Khalil Small,NA,FALSE,FALSE,Green Bay,Mississippi State
400987187,2017-11-20,Mississippi State,Green Bay,324,2,03:26:00,206,206,E.J. Datcher Block.,71,60,11,0,0.9942001233224208,0.9739823637393992,3,3,21.7,NA,NA,NA,NA,NA,NA,NA,NA,Green Bay,Mississippi State
400987187,2017-11-20,Mississippi State,Green Bay,325,2,03:24:00,204,204,E.J. Datcher Defensive Rebound.,71,60,11,2,0.9943174318015346,0.9746389610660278,3,3,21.7,NA,NA,NA,NA,NA,NA,NA,NA,Green Bay,Mississippi State
400987187,2017-11-20,Mississippi State,Green Bay,326,2,03:01:00,181,181,Lamar Peters made Layup.,73,60,13,23,0.9981740018849072,0.992288838126627,3,3,21.7,NA,NA,Mississippi State,made,Lamar Peters,NA,FALSE,FALSE,Mississippi State,Green Bay
400987187,2017-11-20,Mississippi State,Green Bay,327,2,02:42:00,162,162,T.J. Parham Turnover.,73,60,13,19,0.9988700542226764,0.9954966815975692,3,3,21.7,NA,NA,NA,NA,NA,NA,NA,NA,Green Bay,Mississippi State
400987187,2017-11-20,Mississippi State,Green Bay,328,2,02:29:00,149,149,Eli Wright missed Three Point Jumper.,73,60,13,13,0.9992151326284476,0.996999439853402,3,3,21.7,NA,NA,Mississippi State,missed,Eli Wright,NA,TRUE,FALSE,Mississippi State,Mississippi State
400987187,2017-11-20,Mississippi State,Green Bay,329,2,02:29:00,149,149,Eli Wright Offensive Rebound.,73,60,13,0,0.9992151326284476,0.996999439853402,3,3,21.7,NA,NA,NA,NA,NA,NA,NA,NA,Mississippi State,Mississippi State
400987187,2017-11-20,Mississippi State,Green Bay,330,2,02:24:00,144,144,Eli Wright made Layup.,75,60,15,5,0.999730851295645,0.998986683361932,3,3,21.7,NA,NA,Mississippi State,made,Eli Wright,NA,FALSE,FALSE,Mississippi State,Green Bay
400987187,2017-11-20,Mississippi State,Green Bay,331,2,02:06:00,126,126,David Jesperson made Layup.,75,62,13,18,0.9996348711788652,0.998708486624702,3,3,21.7,NA,NA,Green Bay,made,David Jesperson,NA,FALSE,FALSE,Green Bay,Mississippi State
400987187,2017-11-20,Mississippi State,Green Bay,332,2,01:42:00,102,102,Lamar Peters made Layup.,77,62,15,24,0.9999607896512815,0.9998728544753588,3,3,21.7,NA,NA,Mississippi State,made,Lamar Peters,NA,FALSE,FALSE,Mississippi State,Green Bay
400987187,2017-11-20,Mississippi State,Green Bay,333,2,01:30:00,90,90,Kameron Hankerson made Layup.,77,64,13,12,0.999930897955464,0.9997860390779616,3,3,21.7,NA,NA,NA,made,Kameron Hankerson,NA,FALSE,FALSE,Green Bay,Mississippi State
400987187,2017-11-20,Mississippi State,Green Bay,334,2,01:29:00,89,89,Green Bay  Timeout,77,64,13,1,0.9999345495875928,0.9997981310439548,3,2,21.7,NA,NA,NA,NA,NA,NA,NA,NA,Mississippi State,Mississippi State
400987187,2017-11-20,Mississippi State,Green Bay,335,2,01:17:00,77,77,Abdul Ado missed Jumper.,77,64,13,12,0.9999666509872452,0.999901888153634,3,2,21.7,NA,NA,Mississippi State,missed,Abdul Ado,NA,FALSE,FALSE,Mississippi State,Green Bay
400987187,2017-11-20,Mississippi State,Green Bay,336,2,01:17:00,77,77,Will Chevalier Defensive Rebound.,77,64,13,0,0.9999666509872452,0.999901888153634,3,2,21.7,NA,NA,NA,NA,NA,NA,NA,NA,Mississippi State,Green Bay
400987187,2017-11-20,Mississippi State,Green Bay,337,2,01:12:00,72,72,Foul on Abdul Ado.,77,64,13,5,0.9999752743352932,0.9999287072842972,3,2,21.7,NA,NA,NA,NA,NA,NA,NA,NA,Green Bay,Green Bay
400987187,2017-11-20,Mississippi State,Green Bay,338,2,01:12:00,72,72,Khalil Small made Free Throw.,77,65,12,0,0.9999484616541956,0.9998514044762928,3,2,21.7,NA,NA,Green Bay,made,Khalil Small,NA,FALSE,TRUE,Green Bay,Green Bay
400987187,2017-11-20,Mississippi State,Green Bay,339,2,01:12:00,72,72,Khalil Small made Free Throw.,77,66,11,0,0.9998925762405684,0.9996903080674848,3,2,21.7,NA,NA,Green Bay,made,Khalil Small,NA,FALSE,TRUE,Green Bay,Mississippi State
400987187,2017-11-20,Mississippi State,Green Bay,340,2,00:46:00,46,46,Lamar Peters missed Layup.,77,66,11,26,0.9999743163677888,0.9999335610441736,3,2,21.7,NA,NA,Mississippi State,missed,Lamar Peters,NA,FALSE,FALSE,Mississippi State,Green Bay
400987187,2017-11-20,Mississippi State,Green Bay,341,2,00:46:00,46,46,Kameron Hankerson Defensive Rebound.,77,66,11,0,0.9999743163677888,0.9999335610441736,3,2,21.7,NA,NA,NA,NA,NA,NA,NA,NA,Mississippi State,Green Bay
400987187,2017-11-20,Mississippi State,Green Bay,342,2,00:27:00,27,27,Khalil Small missed Three Point Jumper.,77,66,11,19,0.9999921952935118,0.9999814272608196,3,2,21.7,NA,NA,Green Bay,missed,Khalil Small,NA,TRUE,FALSE,Green Bay,Green Bay
400987187,2017-11-20,Mississippi State,Green Bay,343,2,00:27:00,27,27,T.J. Parham Offensive Rebound.,77,66,11,0,0.9999921952935118,0.9999814272608196,3,2,21.7,NA,NA,NA,NA,NA,NA,NA,NA,Green Bay,Green Bay
400987187,2017-11-20,Mississippi State,Green Bay,344,2,00:21:00,21,21,Foul on Abdul Ado.,77,66,11,6,0.999994757532285,0.9999878571952056,3,2,21.7,NA,NA,NA,NA,NA,NA,NA,NA,Green Bay,Green Bay
400987187,2017-11-20,Mississippi State,Green Bay,345,2,00:21:00,21,21,T.J. Parham made Free Throw.,77,67,10,0,0.9999853306361464,0.9999660226783988,3,2,21.7,NA,NA,NA,made,T.J. Parham,NA,FALSE,TRUE,Green Bay,NA
400987187,2017-11-20,Mississippi State,Green Bay,346,2,00:21:00,21,21,T.J. Parham made Free Throw.,77,68,9,0,0.9999589531877232,0.9999049302794488,3,2,21.7,NA,NA,NA,made,T.J. Parham,NA,FALSE,TRUE,Green Bay,NA
400987187,2017-11-20,Mississippi State,Green Bay,347,2,00:00:00,0,0,End of Game,77,68,9,21,1,1,3,2,21.7,NA,NA,NA,NA,NA,NA,NA,NA,Green Bay,NA
