play_id,half,time_remaining_half,secs_remaining,secs_remaining_absolute,description,home_score,away_score,score_diff,play_length,win_prob,naive_win_prob,home,away,home_time_out_remaining,away_time_out_remaining,home_favored_by,game_id,date
1,1,20:00,2400,2400,PLAY,0,0,0,12,0.5,0.5,Saint Peter's,Fairleigh Dickinson,6,6,NA,303522612,2010-12-18
2,1,19:48,2388,2388,Steven Samuels made Three Point Jumper.  Assisted by Nick Leon.,3,0,3,24,0.5662011795037978,0.5662011795037978,Saint Peter's,Fairleigh Dickinson,6,6,NA,303522612,2010-12-18
3,1,19:24,2364,2364,Mathias Seilund Turnover.,3,0,3,1,0.5669596821069804,0.5669596821069804,Saint Peter's,Fairleigh Dickinson,6,6,NA,303522612,2010-12-18
4,1,19:23,2363,2363,Darius Conley Steal.,3,0,3,4,0.5669915426959111,0.5669915426959111,Saint Peter's,Fairleigh Dickinson,6,6,NA,303522612,2010-12-18
5,1,19:19,2359,2359,Steven Samuels missed Three Point Jumper.,3,0,3,0,0.56711918246611,0.56711918246611,Saint Peter's,Fairleigh Dickinson,6,6,NA,303522612,2010-12-18
6,1,19:19,2359,2359,Mike Scott Defensive Rebound.,3,0,3,8,0.56711918246611,0.56711918246611,Saint Peter's,Fairleigh Dickinson,6,6,NA,303522612,2010-12-18
7,1,19:11,2351,2351,Mike Scott missed Two Point Jumper.,3,0,3,0,0.567375393171412,0.567375393171412,Saint Peter's,Fairleigh Dickinson,6,6,NA,303522612,2010-12-18
8,1,19:11,2351,2351,Darius Conley Defensive Rebound.,3,0,3,16,0.567375393171412,0.567375393171412,Saint Peter's,Fairleigh Dickinson,6,6,NA,303522612,2010-12-18
9,1,18:55,2335,2335,Steven Samuels missed Three Point Jumper.,3,0,3,0,0.5678913977879856,0.5678913977879856,Saint Peter's,Fairleigh Dickinson,6,6,NA,303522612,2010-12-18
10,1,18:55,2335,2335,John Galvin Defensive Rebound.,3,0,3,25,0.5678913977879856,0.5678913977879856,Saint Peter's,Fairleigh Dickinson,6,6,NA,303522612,2010-12-18
11,1,18:30,2310,2310,Mathias Seilund made Two Point Jumper.,3,2,1,24,0.5230316804761159,0.5230316804761159,Saint Peter's,Fairleigh Dickinson,6,6,NA,303522612,2010-12-18
12,1,18:06,2286,2286,Darius Conley made Two Point Jumper.  Assisted by Steven Samuels.,5,2,3,38,0.5694983262126054,0.5694983262126054,Saint Peter's,Fairleigh Dickinson,6,6,NA,303522612,2010-12-18
13,1,17:28,2248,2248,Kamil Svrdlik Turnover.,5,2,3,1,0.5707677243841381,0.5707677243841381,Saint Peter's,Fairleigh Dickinson,6,6,NA,303522612,2010-12-18
14,1,17:27,2247,2247,Darius Conley Steal.,5,2,3,9,0.5708013584194437,0.5708013584194437,Saint Peter's,Fairleigh Dickinson,6,6,NA,303522612,2010-12-18
15,1,17:18,2238,2238,Jeron Belin Turnover.,5,2,3,1,0.5711045362677699,0.5711045362677699,Saint Peter's,Fairleigh Dickinson,6,6,NA,303522612,2010-12-18
16,1,17:17,2237,2237,Briahn Smith Steal.,5,2,3,3,0.5711382736497409,0.5711382736497409,Saint Peter's,Fairleigh Dickinson,6,6,NA,303522612,2010-12-18
17,1,17:14,2234,2234,Briahn Smith made Two Point Layup.,5,4,1,18,0.5238909811467304,0.5238909811467304,Saint Peter's,Fairleigh Dickinson,6,6,NA,303522612,2010-12-18
18,1,16:56,2216,2216,Foul on Kamil Svrdlik,5,4,1,0,0.5240978763366215,0.5240978763366215,Saint Peter's,Fairleigh Dickinson,6,6,NA,303522612,2010-12-18
19,1,16:56,2216,2216,Wesley Jenkins made Free Throw.,6,4,2,0,0.548084061544881,0.548084061544881,Saint Peter's,Fairleigh Dickinson,6,6,NA,303522612,2010-12-18
20,1,16:56,2216,2216,Wesley Jenkins made Free Throw.,7,4,3,14,0.5718489256498293,0.5718489256498293,Saint Peter's,Fairleigh Dickinson,6,6,NA,303522612,2010-12-18
21,1,16:42,2202,2202,Mathias Seilund missed Two Point Jumper.,7,4,3,0,0.5723247616780326,0.5723247616780326,Saint Peter's,Fairleigh Dickinson,6,6,NA,303522612,2010-12-18
22,1,16:42,2202,2202,Jeron Belin Defensive Rebound.,7,4,3,6,0.5723247616780326,0.5723247616780326,Saint Peter's,Fairleigh Dickinson,6,6,NA,303522612,2010-12-18
23,1,16:36,2196,2196,Jeron Belin made Two Point Layup.,9,4,5,0,0.6193906086965474,0.6193906086965474,Saint Peter's,Fairleigh Dickinson,6,6,NA,303522612,2010-12-18
24,1,16:36,2196,2196,Foul on Mathias Seilund,9,4,5,0,0.6193906086965474,0.6193906086965474,Saint Peter's,Fairleigh Dickinson,6,6,NA,303522612,2010-12-18
25,1,16:36,2196,2196,Darius Conley Turnover.,9,4,5,23,0.6193906086965474,0.6193906086965474,Saint Peter's,Fairleigh Dickinson,6,6,NA,303522612,2010-12-18
26,1,16:13,2173,2173,Kamil Svrdlik missed Two Point Jumper.,9,4,5,0,0.6206511698471722,0.6206511698471722,Saint Peter's,Fairleigh Dickinson,6,6,NA,303522612,2010-12-18
27,1,16:13,2173,2173,Jeron Belin Defensive Rebound.,9,4,5,10,0.6206511698471722,0.6206511698471722,Saint Peter's,Fairleigh Dickinson,6,6,NA,303522612,2010-12-18
28,1,16:03,2163,2163,Jeron Belin missed Two Point Jumper.,9,4,5,0,0.6212005362373069,0.6212005362373069,Saint Peter's,Fairleigh Dickinson,6,6,NA,303522612,2010-12-18
29,1,16:03,2163,2163,John Galvin Defensive Rebound.,9,4,5,14,0.6212005362373069,0.6212005362373069,Saint Peter's,Fairleigh Dickinson,6,6,NA,303522612,2010-12-18
30,1,15:49,2149,2149,John Galvin made Two Point Jumper.,9,6,3,29,0.5741384937579233,0.5741384937579233,Saint Peter's,Fairleigh Dickinson,6,6,NA,303522612,2010-12-18
31,1,15:20,2120,2120,Darius Conley made Two Point Jumper.,11,6,5,12,0.6235807837525128,0.6235807837525128,Saint Peter's,Fairleigh Dickinson,6,6,NA,303522612,2010-12-18
32,1,15:08,2108,2108,Briahn Smith missed Two Point Layup.,11,6,5,0,0.6242508354587445,0.6242508354587445,Saint Peter's,Fairleigh Dickinson,6,6,NA,303522612,2010-12-18
33,1,15:08,2108,2108,Darius Conley Block.,11,6,5,2,0.6242508354587445,0.6242508354587445,Saint Peter's,Fairleigh Dickinson,6,6,NA,303522612,2010-12-18
34,1,15:06,2106,2106,Darius Conley Defensive Rebound.,11,6,5,1,0.6243627767363209,0.6243627767363209,Saint Peter's,Fairleigh Dickinson,6,6,NA,303522612,2010-12-18
35,1,15:05,2105,2105,Official TV Timeout.,11,6,5,30,0.6244187764379728,0.6244187764379728,Saint Peter's,Fairleigh Dickinson,6,6,NA,303522612,2010-12-18
36,1,14:35,2075,2075,Yvon Raymond missed Three Point Jumper.,11,6,5,0,0.6261081599817394,0.6261081599817394,Saint Peter's,Fairleigh Dickinson,6,6,NA,303522612,2010-12-18
37,1,14:35,2075,2075,Mike Scott Defensive Rebound.,11,6,5,17,0.6261081599817394,0.6261081599817394,Saint Peter's,Fairleigh Dickinson,6,6,NA,303522612,2010-12-18
38,1,14:18,2058,2058,Tyler Reynolds missed Two Point Jumper.,11,6,5,0,0.627074023482335,0.627074023482335,Saint Peter's,Fairleigh Dickinson,6,6,NA,303522612,2010-12-18
39,1,14:18,2058,2058,Jeron Belin Defensive Rebound.,11,6,5,14,0.627074023482335,0.627074023482335,Saint Peter's,Fairleigh Dickinson,6,6,NA,303522612,2010-12-18
40,1,14:04,2044,2044,Yvon Raymond missed Two Point Jumper.,11,6,5,0,0.6278744099418312,0.6278744099418312,Saint Peter's,Fairleigh Dickinson,6,6,NA,303522612,2010-12-18
41,1,14:04,2044,2044,Mathias Seilund Defensive Rebound.,11,6,5,22,0.6278744099418312,0.6278744099418312,Saint Peter's,Fairleigh Dickinson,6,6,NA,303522612,2010-12-18
42,1,13:42,2022,2022,Kamil Svrdlik made Two Point Layup.  Assisted by Tyler Reynolds.,11,8,3,35,0.5786226993482018,0.5786226993482018,Saint Peter's,Fairleigh Dickinson,6,6,NA,303522612,2010-12-18
43,1,13:07,1987,1987,Jeron Belin missed Two Point Jumper.,11,8,3,0,0.579903990082581,0.579903990082581,Saint Peter's,Fairleigh Dickinson,6,6,NA,303522612,2010-12-18
44,1,13:07,1987,1987,Nate Gibbs Defensive Rebound.,11,8,3,2,0.579903990082581,0.579903990082581,Saint Peter's,Fairleigh Dickinson,6,6,NA,303522612,2010-12-18
45,1,13:05,1985,1985,Nate Gibbs Turnover.,11,8,3,5,0.5799778985854955,0.5799778985854955,Saint Peter's,Fairleigh Dickinson,6,6,NA,303522612,2010-12-18
46,1,13:00,1980,1980,Jack Hill made Two Point Layup.  Assisted by Wesley Jenkins.,13,8,5,11,0.631596280058351,0.631596280058351,Saint Peter's,Fairleigh Dickinson,6,6,NA,303522612,2010-12-18
47,1,12:49,1969,1969,Tyler Reynolds missed Three Point Jumper.,13,8,5,0,0.6322472708789562,0.6322472708789562,Saint Peter's,Fairleigh Dickinson,6,6,NA,303522612,2010-12-18
48,1,12:49,1969,1969,Wesley Jenkins Defensive Rebound.,13,8,5,6,0.6322472708789562,0.6322472708789562,Saint Peter's,Fairleigh Dickinson,6,6,NA,303522612,2010-12-18
49,1,12:43,1963,1963,Wesley Jenkins Turnover.,13,8,5,24,0.6326038523158837,0.6326038523158837,Saint Peter's,Fairleigh Dickinson,6,6,NA,303522612,2010-12-18
50,1,12:19,1939,1939,Kamil Svrdlik missed Two Point Jumper.,13,8,5,0,0.634041085183914,0.634041085183914,Saint Peter's,Fairleigh Dickinson,6,6,NA,303522612,2010-12-18
51,1,12:19,1939,1939,Fairleigh Dickinson Offensive Rebound.,13,8,5,7,0.634041085183914,0.634041085183914,Saint Peter's,Fairleigh Dickinson,6,6,NA,303522612,2010-12-18
52,1,12:12,1932,1932,Foul on Jack Hill,13,8,5,0,0.634463660199752,0.634463660199752,Saint Peter's,Fairleigh Dickinson,6,6,NA,303522612,2010-12-18
53,1,12:12,1932,1932,Nate Gibbs made Free Throw.,13,9,4,0,0.6085285997252844,0.6085285997252844,Saint Peter's,Fairleigh Dickinson,6,6,NA,303522612,2010-12-18
54,1,12:12,1932,1932,Nate Gibbs made Free Throw.,13,10,3,31,0.5819658370238904,0.5819658370238904,Saint Peter's,Fairleigh Dickinson,6,6,NA,303522612,2010-12-18
55,1,11:41,1901,1901,Foul on Nate Gibbs,13,10,3,0,0.5831444794407763,0.5831444794407763,Saint Peter's,Fairleigh Dickinson,6,6,NA,303522612,2010-12-18
56,1,11:41,1901,1901,Official TV Timeout.,13,10,3,0,0.5831444794407763,0.5831444794407763,Saint Peter's,Fairleigh Dickinson,6,6,NA,303522612,2010-12-18
57,1,11:41,1901,1901,Nick Leon made Free Throw.,14,10,4,0,0.6100669666124228,0.6100669666124228,Saint Peter's,Fairleigh Dickinson,6,6,NA,303522612,2010-12-18
58,1,11:41,1901,1901,Nick Leon made Free Throw.,15,10,5,22,0.6363350246852372,0.6363350246852372,Saint Peter's,Fairleigh Dickinson,6,6,NA,303522612,2010-12-18
59,1,11:19,1879,1879,Mike Scott missed Two Point Jumper.,15,10,5,0,0.6376590637178284,0.6376590637178284,Saint Peter's,Fairleigh Dickinson,6,6,NA,303522612,2010-12-18
60,1,11:19,1879,1879,Jeron Belin Defensive Rebound.,15,10,5,5,0.6376590637178284,0.6376590637178284,Saint Peter's,Fairleigh Dickinson,6,6,NA,303522612,2010-12-18
61,1,11:14,1874,1874,Foul on Nate Gibbs,15,10,5,17,0.6379599759143958,0.6379599759143958,Saint Peter's,Fairleigh Dickinson,6,6,NA,303522612,2010-12-18
62,1,10:57,1857,1857,Darius Conley Turnover.,15,10,5,25,0.63898404053149,0.63898404053149,Saint Peter's,Fairleigh Dickinson,6,6,NA,303522612,2010-12-18
63,1,10:32,1832,1832,Foul on Yvon Raymond,15,10,5,4,0.640495643290806,0.640495643290806,Saint Peter's,Fairleigh Dickinson,6,6,NA,303522612,2010-12-18
64,1,10:28,1828,1828,Foul on Chris Burke,15,10,5,0,0.6407384358578951,0.6407384358578951,Saint Peter's,Fairleigh Dickinson,6,6,NA,303522612,2010-12-18
65,1,10:28,1828,1828,Mike Scott made Free Throw.,15,11,4,0,0.6136915940430909,0.6136915940430909,Saint Peter's,Fairleigh Dickinson,6,6,NA,303522612,2010-12-18
66,1,10:28,1828,1828,Mike Scott made Free Throw.,15,12,3,19,0.5859244380224486,0.5859244380224486,Saint Peter's,Fairleigh Dickinson,6,6,NA,303522612,2010-12-18
67,1,10:09,1809,1809,Yvon Raymond Turnover.,15,12,3,1,0.5866570823834444,0.5866570823834444,Saint Peter's,Fairleigh Dickinson,6,6,NA,303522612,2010-12-18
68,1,10:08,1808,1808,Mike Scott Steal.,15,12,3,8,0.5866958165178315,0.5866958165178315,Saint Peter's,Fairleigh Dickinson,6,6,NA,303522612,2010-12-18
69,1,10:00,1800,1800,Marco Porcher missed Two Point Layup.,15,12,3,0,0.5870063911476985,0.5870063911476985,Saint Peter's,Fairleigh Dickinson,6,6,NA,303522612,2010-12-18
70,1,10:00,1800,1800,Chris Burke Block.,15,12,3,1,0.5870063911476985,0.5870063911476985,Saint Peter's,Fairleigh Dickinson,6,6,NA,303522612,2010-12-18
71,1,9:59,1799,1799,Steven Samuels Defensive Rebound.,15,12,3,6,0.5870453040382249,0.5870453040382249,Saint Peter's,Fairleigh Dickinson,6,6,NA,303522612,2010-12-18
72,1,9:53,1793,1793,Steven Samuels made Two Point Layup.,17,12,5,17,0.6428790053273763,0.6428790053273763,Saint Peter's,Fairleigh Dickinson,6,6,NA,303522612,2010-12-18
73,1,9:36,1776,1776,Mike Scott missed Three Point Jumper.,17,12,5,0,0.6439320410779831,0.6439320410779831,Saint Peter's,Fairleigh Dickinson,6,6,NA,303522612,2010-12-18
74,1,9:36,1776,1776,Yvon Raymond Defensive Rebound.,17,12,5,24,0.6439320410779831,0.6439320410779831,Saint Peter's,Fairleigh Dickinson,6,6,NA,303522612,2010-12-18
75,1,9:12,1752,1752,Yvon Raymond Turnover.,17,12,5,1,0.6454378416007648,0.6454378416007648,Saint Peter's,Fairleigh Dickinson,6,6,NA,303522612,2010-12-18
76,1,9:11,1751,1751,Mike Scott Steal.,17,12,5,6,0.6455011304061437,0.6455011304061437,Saint Peter's,Fairleigh Dickinson,6,6,NA,303522612,2010-12-18
77,1,9:05,1745,1745,Mike Scott missed Two Point Jumper.,17,12,5,0,0.6458818568083877,0.6458818568083877,Saint Peter's,Fairleigh Dickinson,6,6,NA,303522612,2010-12-18
78,1,9:05,1745,1745,St. Peter's Defensive Rebound.,17,12,5,39,0.6458818568083877,0.6458818568083877,Saint Peter's,Fairleigh Dickinson,6,6,NA,303522612,2010-12-18
79,1,8:26,1706,1706,St. Peter's Turnover.,17,12,5,21,0.6484026776117341,0.6484026776117341,Saint Peter's,Fairleigh Dickinson,6,6,NA,303522612,2010-12-18
80,1,8:05,1685,1685,Kamil Svrdlik missed Two Point Jumper.,17,12,5,0,0.649795567692125,0.649795567692125,Saint Peter's,Fairleigh Dickinson,6,6,NA,303522612,2010-12-18
81,1,8:05,1685,1685,Chris Burke Defensive Rebound.,17,12,5,33,0.649795567692125,0.649795567692125,Saint Peter's,Fairleigh Dickinson,6,6,NA,303522612,2010-12-18
82,1,7:32,1652,1652,Chris Burke missed Three Point Jumper.,17,12,5,0,0.6519299119017411,0.6519299119017411,Saint Peter's,Fairleigh Dickinson,6,6,NA,303522612,2010-12-18
83,1,7:32,1652,1652,Mike Scott Defensive Rebound.,17,12,5,9,0.6519299119017411,0.6519299119017411,Saint Peter's,Fairleigh Dickinson,6,6,NA,303522612,2010-12-18
84,1,7:23,1643,1643,Briahn Smith missed Two Point Jumper.,17,12,5,0,0.6524975097128503,0.6524975097128503,Saint Peter's,Fairleigh Dickinson,6,6,NA,303522612,2010-12-18
85,1,7:23,1643,1643,Tyler Reynolds Offensive Rebound.,17,12,5,0,0.6524975097128503,0.6524975097128503,Saint Peter's,Fairleigh Dickinson,6,6,NA,303522612,2010-12-18
86,1,7:23,1643,1643,Tyler Reynolds missed Two Point Layup.,17,12,5,0,0.6524975097128503,0.6524975097128503,Saint Peter's,Fairleigh Dickinson,6,6,NA,303522612,2010-12-18
87,1,7:23,1643,1643,Wesley Jenkins Defensive Rebound.,17,12,5,8,0.6524975097128503,0.6524975097128503,Saint Peter's,Fairleigh Dickinson,6,6,NA,303522612,2010-12-18
88,1,7:15,1635,1635,Wesley Jenkins missed Two Point Jumper.,17,12,5,1,0.6529982601786999,0.6529982601786999,Saint Peter's,Fairleigh Dickinson,6,6,NA,303522612,2010-12-18
89,1,7:14,1634,1634,Kamil Svrdlik Defensive Rebound.,17,12,5,11,0.6530606378087044,0.6530606378087044,Saint Peter's,Fairleigh Dickinson,6,6,NA,303522612,2010-12-18
90,1,7:03,1623,1623,Foul on Chris Burke,17,12,5,0,0.6537441743409145,0.6537441743409145,Saint Peter's,Fairleigh Dickinson,6,6,NA,303522612,2010-12-18
91,1,7:03,1623,1623,Official TV Timeout.,17,12,5,24,0.6537441743409145,0.6537441743409145,Saint Peter's,Fairleigh Dickinson,6,6,NA,303522612,2010-12-18
92,1,6:39,1599,1599,Briahn Smith made Three Point Jumper.  Assisted by John Galvin.,17,15,2,19,0.5638581035199477,0.5638581035199477,Saint Peter's,Fairleigh Dickinson,6,6,NA,303522612,2010-12-18
93,1,6:20,1580,1580,Foul on Briahn Smith,17,15,2,2,0.5643686024277282,0.5643686024277282,Saint Peter's,Fairleigh Dickinson,6,6,NA,303522612,2010-12-18
94,1,6:18,1578,1578,Foul on Marco Porcher,17,15,2,22,0.5644225298813833,0.5644225298813833,Saint Peter's,Fairleigh Dickinson,6,6,NA,303522612,2010-12-18
95,1,5:56,1556,1556,Steven Samuels missed Three Point Jumper.,17,15,2,0,0.5650201787497676,0.5650201787497676,Saint Peter's,Fairleigh Dickinson,6,6,NA,303522612,2010-12-18
96,1,5:56,1556,1556,Briahn Smith Defensive Rebound.,17,15,2,9,0.5650201787497676,0.5650201787497676,Saint Peter's,Fairleigh Dickinson,6,6,NA,303522612,2010-12-18
97,1,5:47,1547,1547,Mike Scott missed Two Point Jumper.,17,15,2,0,0.5652678515903204,0.5652678515903204,Saint Peter's,Fairleigh Dickinson,6,6,NA,303522612,2010-12-18
98,1,5:47,1547,1547,Jeron Belin Defensive Rebound.,17,15,2,13,0.5652678515903204,0.5652678515903204,Saint Peter's,Fairleigh Dickinson,6,6,NA,303522612,2010-12-18
99,1,5:34,1534,1534,Jeron Belin made Two Point Jumper.,19,15,4,18,0.6290367917721683,0.6290367917721683,Saint Peter's,Fairleigh Dickinson,6,6,NA,303522612,2010-12-18
100,1,5:16,1516,1516,Kamil Svrdlik Turnover.,19,15,4,19,0.6300089799843231,0.6300089799843231,Saint Peter's,Fairleigh Dickinson,6,6,NA,303522612,2010-12-18
101,1,4:57,1497,1497,Jeron Belin Turnover.,19,15,4,1,0.6310656046504992,0.6310656046504992,Saint Peter's,Fairleigh Dickinson,6,6,NA,303522612,2010-12-18
102,1,4:56,1496,1496,Mike Scott Steal.,19,15,4,3,0.631122209897655,0.631122209897655,Saint Peter's,Fairleigh Dickinson,6,6,NA,303522612,2010-12-18
103,1,4:53,1493,1493,Foul on Steven Samuels,19,15,4,8,0.631292667968614,0.631292667968614,Saint Peter's,Fairleigh Dickinson,6,6,NA,303522612,2010-12-18
104,1,4:45,1485,1485,Briahn Smith made Two Point Jumper.  Assisted by Mike Scott.,19,17,2,18,0.5670610831786758,0.5670610831786758,Saint Peter's,Fairleigh Dickinson,6,6,NA,303522612,2010-12-18
105,1,4:27,1467,1467,Steven Samuels missed Two Point Layup.,19,17,2,0,0.567621690650174,0.567621690650174,Saint Peter's,Fairleigh Dickinson,6,6,NA,303522612,2010-12-18
106,1,4:27,1467,1467,Steven Samuels Offensive Rebound.,19,17,2,2,0.567621690650174,0.567621690650174,Saint Peter's,Fairleigh Dickinson,6,6,NA,303522612,2010-12-18
107,1,4:25,1465,1465,Foul on Kamil Svrdlik,19,17,2,0,0.5676853855334251,0.5676853855334251,Saint Peter's,Fairleigh Dickinson,6,6,NA,303522612,2010-12-18
108,1,4:25,1465,1465,Steven Samuels missed Free Throw.,19,17,2,0,0.5676853855334251,0.5676853855334251,Saint Peter's,Fairleigh Dickinson,6,6,NA,303522612,2010-12-18
109,1,4:25,1465,1465,Fairleigh Dickinson Defensive Rebound.,19,17,2,19,0.5676853855334251,0.5676853855334251,Saint Peter's,Fairleigh Dickinson,6,6,NA,303522612,2010-12-18
110,1,4:06,1446,1446,Briahn Smith missed Three Point Jumper.,19,17,2,0,0.5683046189503748,0.5683046189503748,Saint Peter's,Fairleigh Dickinson,6,6,NA,303522612,2010-12-18
111,1,4:06,1446,1446,null,19,17,2,24,0.5683046189503748,0.5683046189503748,Saint Peter's,Fairleigh Dickinson,6,6,NA,303522612,2010-12-18
112,1,3:42,1422,1422,Wesley Jenkins missed Three Point Jumper.,19,17,2,0,0.5690724651494272,0.5690724651494272,Saint Peter's,Fairleigh Dickinson,6,6,NA,303522612,2010-12-18
113,1,3:42,1422,1422,Ayotunde Oyeniyi Defensive Rebound.,19,17,2,10,0.5690724651494272,0.5690724651494272,Saint Peter's,Fairleigh Dickinson,6,6,NA,303522612,2010-12-18
114,1,3:32,1412,1412,Mike Scott Turnover.,19,17,2,1,0.5693829794701808,0.5693829794701808,Saint Peter's,Fairleigh Dickinson,6,6,NA,303522612,2010-12-18
115,1,3:31,1411,1411,Steven Samuels Steal.,19,17,2,2,0.5694137881739032,0.5694137881739032,Saint Peter's,Fairleigh Dickinson,6,6,NA,303522612,2010-12-18
116,1,3:29,1409,1409,Steven Samuels made Two Point Dunk Shot.,21,17,4,28,0.6363186320568165,0.6363186320568165,Saint Peter's,Fairleigh Dickinson,6,6,NA,303522612,2010-12-18
117,1,3:01,1381,1381,Mike Scott missed Three Point Jumper.,21,17,4,0,0.6379190693677257,0.6379190693677257,Saint Peter's,Fairleigh Dickinson,6,6,NA,303522612,2010-12-18
118,1,3:01,1381,1381,Steven Samuels Defensive Rebound.,21,17,4,19,0.6379190693677257,0.6379190693677257,Saint Peter's,Fairleigh Dickinson,6,6,NA,303522612,2010-12-18
119,1,2:42,1362,1362,Jeron Belin missed Three Point Jumper.,21,17,4,0,0.6389918544859001,0.6389918544859001,Saint Peter's,Fairleigh Dickinson,6,6,NA,303522612,2010-12-18
120,1,2:42,1362,1362,Marco Porcher Defensive Rebound.,21,17,4,34,0.6389918544859001,0.6389918544859001,Saint Peter's,Fairleigh Dickinson,6,6,NA,303522612,2010-12-18
121,1,2:08,1328,1328,Foul on Jack Hill,21,17,4,0,0.6409290510519209,0.6409290510519209,Saint Peter's,Fairleigh Dickinson,6,6,NA,303522612,2010-12-18
122,1,2:08,1328,1328,Official TV Timeout.,21,17,4,0,0.6409290510519209,0.6409290510519209,Saint Peter's,Fairleigh Dickinson,6,6,NA,303522612,2010-12-18
123,1,2:08,1328,1328,Briahn Smith missed Free Throw.,21,17,4,0,0.6409290510519209,0.6409290510519209,Saint Peter's,Fairleigh Dickinson,6,6,NA,303522612,2010-12-18
124,1,2:08,1328,1328,null,21,17,4,0,0.6409290510519209,0.6409290510519209,Saint Peter's,Fairleigh Dickinson,6,6,NA,303522612,2010-12-18
125,1,2:08,1328,1328,Briahn Smith made Free Throw.,21,18,3,0,0.6069594209153129,0.6069594209153129,Saint Peter's,Fairleigh Dickinson,6,6,NA,303522612,2010-12-18
126,1,2:08,1328,1328,Fairleigh Dickinson 30 Second Timeout.,21,18,3,20,0.6069594209153129,0.6069594209153129,Saint Peter's,Fairleigh Dickinson,6,5,NA,303522612,2010-12-18
127,1,1:48,1308,1308,Foul on Ayotunde Oyeniyi,21,18,3,0,0.6078721796961997,0.6078721796961997,Saint Peter's,Fairleigh Dickinson,6,5,NA,303522612,2010-12-18
128,1,1:48,1308,1308,Wesley Jenkins made Free Throw.,22,18,4,0,0.6421027400637768,0.6421027400637768,Saint Peter's,Fairleigh Dickinson,6,5,NA,303522612,2010-12-18
129,1,1:48,1308,1308,Wesley Jenkins made Free Throw.,23,18,5,27,0.6749430568527084,0.6749430568527084,Saint Peter's,Fairleigh Dickinson,6,5,NA,303522612,2010-12-18
130,1,1:21,1281,1281,Mathias Seilund made Two Point Jumper.,23,20,3,0,0.6091604287807826,0.6091604287807826,Saint Peter's,Fairleigh Dickinson,6,5,NA,303522612,2010-12-18
131,1,1:21,1281,1281,Foul on Darius Conley,23,20,3,0,0.6091604287807826,0.6091604287807826,Saint Peter's,Fairleigh Dickinson,6,5,NA,303522612,2010-12-18
132,1,1:21,1281,1281,Mathias Seilund made Free Throw.,23,21,2,14,0.5734292504585657,0.5734292504585657,Saint Peter's,Fairleigh Dickinson,6,5,NA,303522612,2010-12-18
133,1,1:07,1267,1267,Jeron Belin missed Two Point Jumper.,23,21,2,0,0.5739097808968763,0.5739097808968763,Saint Peter's,Fairleigh Dickinson,6,5,NA,303522612,2010-12-18
134,1,1:07,1267,1267,John Galvin Block.,23,21,2,1,0.5739097808968763,0.5739097808968763,Saint Peter's,Fairleigh Dickinson,6,5,NA,303522612,2010-12-18
135,1,1:06,1266,1266,Mike Scott Defensive Rebound.,23,21,2,8,0.5739448100980645,0.5739448100980645,Saint Peter's,Fairleigh Dickinson,6,5,NA,303522612,2010-12-18
136,1,0:58,1258,1258,Mathias Seilund missed Two Point Jumper.,23,21,2,0,0.5742286944061447,0.5742286944061447,Saint Peter's,Fairleigh Dickinson,6,5,NA,303522612,2010-12-18
137,1,0:58,1258,1258,St. Peter's Defensive Rebound.,23,21,2,24,0.5742286944061447,0.5742286944061447,Saint Peter's,Fairleigh Dickinson,6,5,NA,303522612,2010-12-18
138,1,0:34,1234,1234,Jeron Belin missed Three Point Jumper.,23,21,2,0,0.5751233203813216,0.5751233203813216,Saint Peter's,Fairleigh Dickinson,6,5,NA,303522612,2010-12-18
139,1,0:34,1234,1234,John Galvin Defensive Rebound.,23,21,2,4,0.5751233203813216,0.5751233203813216,Saint Peter's,Fairleigh Dickinson,6,5,NA,303522612,2010-12-18
140,1,0:30,1230,1230,Foul on Darius Conley,23,21,2,0,0.5752793323819856,0.5752793323819856,Saint Peter's,Fairleigh Dickinson,6,5,NA,303522612,2010-12-18
141,1,0:30,1230,1230,John Galvin made Free Throw.,23,22,1,0,0.5378554217190384,0.5378554217190384,Saint Peter's,Fairleigh Dickinson,6,5,NA,303522612,2010-12-18
142,1,0:30,1230,1230,John Galvin made Free Throw.,23,23,0,23,0.5,0.5,Saint Peter's,Fairleigh Dickinson,6,5,NA,303522612,2010-12-18
143,1,0:07,1207,1207,Nick Leon made Two Point Jumper.,25,23,2,7,0.5762186065197615,0.5762186065197615,Saint Peter's,Fairleigh Dickinson,6,5,NA,303522612,2010-12-18
144,1,0:00,1200,1200,Marco Porcher missed Three Point Jumper.,25,23,2,0,0.5765093285143758,0.5765093285143758,Saint Peter's,Fairleigh Dickinson,6,5,NA,303522612,2010-12-18
145,1,0:00,1200,1200,null,25,23,2,0,0.5765093285143758,0.5765093285143758,Saint Peter's,Fairleigh Dickinson,6,5,NA,303522612,2010-12-18
146,1,0:00,1200,1200,End of the 1st Half.,25,23,2,0,0.5765093285143758,0.5765093285143758,Saint Peter's,Fairleigh Dickinson,6,5,NA,303522612,2010-12-18
147,2,20:00,1200,1200,PLAY,25,23,2,5,0.5765093285143758,0.5765093285143758,Saint Peter's,Fairleigh Dickinson,6,5,NA,303522612,2010-12-18
148,2,19:55,1195,1195,Mike Scott missed Two Point Jumper.,25,23,2,0,0.5767144681000725,0.5767144681000725,Saint Peter's,Fairleigh Dickinson,6,5,NA,303522612,2010-12-18
149,2,19:55,1195,1195,Wesley Jenkins Defensive Rebound.,25,23,2,14,0.5767144681000725,0.5767144681000725,Saint Peter's,Fairleigh Dickinson,6,5,NA,303522612,2010-12-18
150,2,19:41,1181,1181,Jeron Belin missed Two Point Layup.,25,23,2,0,0.5772792349167439,0.5772792349167439,Saint Peter's,Fairleigh Dickinson,6,5,NA,303522612,2010-12-18
151,2,19:41,1181,1181,John Galvin Block.,25,23,2,2,0.5772792349167439,0.5772792349167439,Saint Peter's,Fairleigh Dickinson,6,5,NA,303522612,2010-12-18
152,2,19:39,1179,1179,Jeron Belin Offensive Rebound.,25,23,2,0,0.5773589079751501,0.5773589079751501,Saint Peter's,Fairleigh Dickinson,6,5,NA,303522612,2010-12-18
153,2,19:39,1179,1179,Foul on Mike Scott,25,23,2,2,0.5773589079751501,0.5773589079751501,Saint Peter's,Fairleigh Dickinson,6,5,NA,303522612,2010-12-18
154,2,19:37,1177,1177,Nick Leon missed Three Point Jumper.,25,23,2,0,0.5774383611488583,0.5774383611488583,Saint Peter's,Fairleigh Dickinson,6,5,NA,303522612,2010-12-18
155,2,19:37,1177,1177,Mathias Seilund Defensive Rebound.,25,23,2,14,0.5774383611488583,0.5774383611488583,Saint Peter's,Fairleigh Dickinson,6,5,NA,303522612,2010-12-18
156,2,19:23,1163,1163,Kamil Svrdlik made Two Point Jumper.  Assisted by Mike Scott.,25,25,0,24,0.5,0.5,Saint Peter's,Fairleigh Dickinson,6,5,NA,303522612,2010-12-18
157,2,18:59,1139,1139,Steven Samuels made Three Point Jumper.  Assisted by Darius Conley.,28,25,3,13,0.6171608265478867,0.6171608265478867,Saint Peter's,Fairleigh Dickinson,6,5,NA,303522612,2010-12-18
158,2,18:46,1126,1126,Briahn Smith missed Two Point Jumper.,28,25,3,0,0.6178916790207294,0.6178916790207294,Saint Peter's,Fairleigh Dickinson,6,5,NA,303522612,2010-12-18
159,2,18:46,1126,1126,Steven Samuels Defensive Rebound.,28,25,3,7,0.6178916790207294,0.6178916790207294,Saint Peter's,Fairleigh Dickinson,6,5,NA,303522612,2010-12-18
160,2,18:39,1119,1119,Nick Leon missed Three Point Jumper.,28,25,3,0,0.6182864182795259,0.6182864182795259,Saint Peter's,Fairleigh Dickinson,6,5,NA,303522612,2010-12-18
161,2,18:39,1119,1119,Jeron Belin Offensive Rebound.,28,25,3,5,0.6182864182795259,0.6182864182795259,Saint Peter's,Fairleigh Dickinson,6,5,NA,303522612,2010-12-18
162,2,18:34,1114,1114,Jeron Belin missed Two Point Tip Shot.,28,25,3,0,0.618569372780537,0.618569372780537,Saint Peter's,Fairleigh Dickinson,6,5,NA,303522612,2010-12-18
163,2,18:34,1114,1114,Mike Scott Defensive Rebound.,28,25,3,7,0.618569372780537,0.618569372780537,Saint Peter's,Fairleigh Dickinson,6,5,NA,303522612,2010-12-18
164,2,18:27,1107,1107,Kamil Svrdlik missed Two Point Layup.,28,25,3,0,0.6189674182186565,0.6189674182186565,Saint Peter's,Fairleigh Dickinson,6,5,NA,303522612,2010-12-18
165,2,18:27,1107,1107,Jeron Belin Defensive Rebound.,28,25,3,24,0.6189674182186565,0.6189674182186565,Saint Peter's,Fairleigh Dickinson,6,5,NA,303522612,2010-12-18
166,2,18:03,1083,1083,St. Peter's 30 Second Timeout.,28,25,3,4,0.6203576267536671,0.6203576267536671,Saint Peter's,Fairleigh Dickinson,6,4,NA,303522612,2010-12-18
167,2,17:59,1079,1079,Wesley Jenkins made Three Point Jumper.  Assisted by Brandon Hall.,31,25,6,19,0.7279296929863431,0.7279296929863431,Saint Peter's,Fairleigh Dickinson,6,4,NA,303522612,2010-12-18
168,2,17:40,1060,1060,Foul on Darius Conley,31,25,6,0,0.7298629936248189,0.7298629936248189,Saint Peter's,Fairleigh Dickinson,6,4,NA,303522612,2010-12-18
169,2,17:40,1060,1060,John Galvin missed Free Throw.,31,25,6,0,0.7298629936248189,0.7298629936248189,Saint Peter's,Fairleigh Dickinson,6,4,NA,303522612,2010-12-18
170,2,17:40,1060,1060,null,31,25,6,0,0.7298629936248189,0.7298629936248189,Saint Peter's,Fairleigh Dickinson,6,4,NA,303522612,2010-12-18
171,2,17:40,1060,1060,John Galvin made Free Throw.,31,26,5,11,0.6959896366097365,0.6959896366097365,Saint Peter's,Fairleigh Dickinson,6,4,NA,303522612,2010-12-18
172,2,17:29,1049,1049,Wesley Jenkins Turnover.,31,26,5,0,0.6970235428637034,0.6970235428637034,Saint Peter's,Fairleigh Dickinson,6,4,NA,303522612,2010-12-18
173,2,17:29,1049,1049,Foul on Wesley Jenkins,31,26,5,0,0.6970235428637034,0.6970235428637034,Saint Peter's,Fairleigh Dickinson,6,4,NA,303522612,2010-12-18
174,2,17:29,1049,1049,St. Peter's 30 Second Timeout.,31,26,5,16,0.6970235428637034,0.6970235428637034,Saint Peter's,Fairleigh Dickinson,6,3,NA,303522612,2010-12-18
175,2,17:13,1033,1033,Kamil Svrdlik missed Two Point Jumper.,31,26,5,0,0.6985804977034019,0.6985804977034019,Saint Peter's,Fairleigh Dickinson,6,3,NA,303522612,2010-12-18
176,2,17:13,1033,1033,null,31,26,5,0,0.6985804977034019,0.6985804977034019,Saint Peter's,Fairleigh Dickinson,6,3,NA,303522612,2010-12-18
177,2,17:13,1033,1033,Foul on Kamil Svrdlik,31,26,5,30,0.6985804977034019,0.6985804977034019,Saint Peter's,Fairleigh Dickinson,6,3,NA,303522612,2010-12-18
178,2,16:43,1003,1003,Wesley Jenkins missed Two Point Layup.,31,26,5,0,0.701704878428278,0.701704878428278,Saint Peter's,Fairleigh Dickinson,6,3,NA,303522612,2010-12-18
179,2,16:43,1003,1003,Jack Hill Offensive Rebound.,31,26,5,1,0.701704878428278,0.701704878428278,Saint Peter's,Fairleigh Dickinson,6,3,NA,303522612,2010-12-18
180,2,16:42,1002,1002,Foul on Mathias Seilund,31,26,5,7,0.7018142789322488,0.7018142789322488,Saint Peter's,Fairleigh Dickinson,6,3,NA,303522612,2010-12-18
181,2,16:35,995,995,Steven Samuels missed Two Point Jumper.,31,26,5,0,0.7025905049816799,0.7025905049816799,Saint Peter's,Fairleigh Dickinson,6,3,NA,303522612,2010-12-18
182,2,16:35,995,995,Nate Gibbs Defensive Rebound.,31,26,5,5,0.7025905049816799,0.7025905049816799,Saint Peter's,Fairleigh Dickinson,6,3,NA,303522612,2010-12-18
183,2,16:30,990,990,Briahn Smith made Two Point Layup.,31,28,3,1,0.6265453370290126,0.6265453370290126,Saint Peter's,Fairleigh Dickinson,6,3,NA,303522612,2010-12-18
184,2,16:29,989,989,Foul on Steven Samuels,31,28,3,0,0.6266222712043514,0.6266222712043514,Saint Peter's,Fairleigh Dickinson,6,3,NA,303522612,2010-12-18
185,2,16:29,989,989,Briahn Smith missed Free Throw.,31,28,3,0,0.6266222712043514,0.6266222712043514,Saint Peter's,Fairleigh Dickinson,6,3,NA,303522612,2010-12-18
186,2,16:29,989,989,Jeron Belin Defensive Rebound.,31,28,3,14,0.6266222712043514,0.6266222712043514,Saint Peter's,Fairleigh Dickinson,6,3,NA,303522612,2010-12-18
187,2,16:15,975,975,Foul on Mathias Seilund,31,28,3,16,0.627729611862876,0.627729611862876,Saint Peter's,Fairleigh Dickinson,6,3,NA,303522612,2010-12-18
188,2,15:59,959,959,Jack Hill Turnover.,31,28,3,0,0.6290203305153268,0.6290203305153268,Saint Peter's,Fairleigh Dickinson,6,3,NA,303522612,2010-12-18
189,2,15:59,959,959,Official TV Timeout.,31,28,3,18,0.6290203305153268,0.6290203305153268,Saint Peter's,Fairleigh Dickinson,6,3,NA,303522612,2010-12-18
190,2,15:41,941,941,Mike Scott missed Three Point Jumper.,31,28,3,0,0.6303510159065897,0.6303510159065897,Saint Peter's,Fairleigh Dickinson,6,3,NA,303522612,2010-12-18
191,2,15:41,941,941,Tyler Reynolds Offensive Rebound.,31,28,3,6,0.6303510159065897,0.6303510159065897,Saint Peter's,Fairleigh Dickinson,6,3,NA,303522612,2010-12-18
192,2,15:35,935,935,Tyler Reynolds missed Two Point Layup.,31,28,3,0,0.6307687846021681,0.6307687846021681,Saint Peter's,Fairleigh Dickinson,6,3,NA,303522612,2010-12-18
193,2,15:35,935,935,Fairleigh Dickinson Offensive Rebound.,31,28,3,3,0.6307687846021681,0.6307687846021681,Saint Peter's,Fairleigh Dickinson,6,3,NA,303522612,2010-12-18
194,2,15:32,932,932,Mike Scott Turnover.,31,28,3,1,0.6309735245113008,0.6309735245113008,Saint Peter's,Fairleigh Dickinson,6,3,NA,303522612,2010-12-18
195,2,15:31,931,931,Brandon Hall Steal.,31,28,3,3,0.631041195018445,0.631041195018445,Saint Peter's,Fairleigh Dickinson,6,3,NA,303522612,2010-12-18
196,2,15:28,928,928,Foul on Briahn Smith,31,28,3,0,0.6312425575734204,0.6312425575734204,Saint Peter's,Fairleigh Dickinson,6,3,NA,303522612,2010-12-18
197,2,15:28,928,928,Brandon Hall missed Free Throw.,31,28,3,0,0.6312425575734204,0.6312425575734204,Saint Peter's,Fairleigh Dickinson,6,3,NA,303522612,2010-12-18
198,2,15:28,928,928,null,31,28,3,0,0.6312425575734204,0.6312425575734204,Saint Peter's,Fairleigh Dickinson,6,3,NA,303522612,2010-12-18
199,2,15:28,928,928,Brandon Hall missed Free Throw.,31,28,3,0,0.6312425575734204,0.6312425575734204,Saint Peter's,Fairleigh Dickinson,6,3,NA,303522612,2010-12-18
200,2,15:28,928,928,John Galvin Defensive Rebound.,31,28,3,15,0.6312425575734204,0.6312425575734204,Saint Peter's,Fairleigh Dickinson,6,3,NA,303522612,2010-12-18
201,2,15:13,913,913,Nate Gibbs missed Two Point Layup.,31,28,3,0,0.6322171102296629,0.6322171102296629,Saint Peter's,Fairleigh Dickinson,6,3,NA,303522612,2010-12-18
202,2,15:13,913,913,Jack Hill Block.,31,28,3,1,0.6322171102296629,0.6322171102296629,Saint Peter's,Fairleigh Dickinson,6,3,NA,303522612,2010-12-18
203,2,15:12,912,912,John Galvin Offensive Rebound.,31,28,3,0,0.6322804551514172,0.6322804551514172,Saint Peter's,Fairleigh Dickinson,6,3,NA,303522612,2010-12-18
204,2,15:12,912,912,John Galvin made Two Point Layup.,31,30,1,0,0.5450452456015694,0.5450452456015694,Saint Peter's,Fairleigh Dickinson,6,3,NA,303522612,2010-12-18
205,2,15:12,912,912,Foul on Brandon Hall,31,30,1,0,0.5450452456015694,0.5450452456015694,Saint Peter's,Fairleigh Dickinson,6,3,NA,303522612,2010-12-18
206,2,15:12,912,912,John Galvin made Free Throw.,31,31,0,15,0.5,0.5,Saint Peter's,Fairleigh Dickinson,6,3,NA,303522612,2010-12-18
207,2,14:57,897,897,Foul on Nate Gibbs,31,31,0,0,0.5,0.5,Saint Peter's,Fairleigh Dickinson,6,3,NA,303522612,2010-12-18
208,2,14:57,897,897,Jeron Belin made Free Throw.,32,31,1,0,0.5453770182838606,0.5453770182838606,Saint Peter's,Fairleigh Dickinson,6,3,NA,303522612,2010-12-18
209,2,14:57,897,897,Jeron Belin missed Free Throw.,32,31,1,0,0.5453770182838606,0.5453770182838606,Saint Peter's,Fairleigh Dickinson,6,3,NA,303522612,2010-12-18
210,2,14:57,897,897,Yvon Raymond Offensive Rebound.,32,31,1,6,0.5453770182838606,0.5453770182838606,Saint Peter's,Fairleigh Dickinson,6,3,NA,303522612,2010-12-18
211,2,14:51,891,891,Wesley Jenkins missed Three Point Jumper.,32,31,1,0,0.5455074909259239,0.5455074909259239,Saint Peter's,Fairleigh Dickinson,6,3,NA,303522612,2010-12-18
212,2,14:51,891,891,Mike Scott Defensive Rebound.,32,31,1,7,0.5455074909259239,0.5455074909259239,Saint Peter's,Fairleigh Dickinson,6,3,NA,303522612,2010-12-18
213,2,14:44,884,884,Mike Scott missed Two Point Layup.,32,31,1,0,0.5456589400006763,0.5456589400006763,Saint Peter's,Fairleigh Dickinson,6,3,NA,303522612,2010-12-18
214,2,14:44,884,884,Wesley Jenkins Block.,32,31,1,3,0.5456589400006763,0.5456589400006763,Saint Peter's,Fairleigh Dickinson,6,3,NA,303522612,2010-12-18
215,2,14:41,881,881,Yvon Raymond Defensive Rebound.,32,31,1,4,0.5457237525968424,0.5457237525968424,Saint Peter's,Fairleigh Dickinson,6,3,NA,303522612,2010-12-18
216,2,14:37,877,877,Yvon Raymond missed Two Point Layup.,32,31,1,0,0.5458102116487893,0.5458102116487893,Saint Peter's,Fairleigh Dickinson,6,3,NA,303522612,2010-12-18
217,2,14:37,877,877,Tyler Reynolds Block.,32,31,1,1,0.5458102116487893,0.5458102116487893,Saint Peter's,Fairleigh Dickinson,6,3,NA,303522612,2010-12-18
218,2,14:36,876,876,Yvon Raymond Offensive Rebound.,32,31,1,3,0.5458318472347176,0.5458318472347176,Saint Peter's,Fairleigh Dickinson,6,3,NA,303522612,2010-12-18
219,2,14:33,873,873,Wesley Jenkins Turnover.,32,31,1,0,0.5458968358296434,0.5458968358296434,Saint Peter's,Fairleigh Dickinson,6,3,NA,303522612,2010-12-18
220,2,14:33,873,873,Foul on Wesley Jenkins,32,31,1,0,0.5458968358296434,0.5458968358296434,Saint Peter's,Fairleigh Dickinson,6,3,NA,303522612,2010-12-18
221,2,14:33,873,873,Technical Foul on Wesley Jenkins,32,31,1,0,0.5458968358296434,0.5458968358296434,Saint Peter's,Fairleigh Dickinson,6,3,NA,303522612,2010-12-18
222,2,14:33,873,873,Foul on Wesley Jenkins,32,31,1,0,0.5458968358296434,0.5458968358296434,Saint Peter's,Fairleigh Dickinson,6,3,NA,303522612,2010-12-18
223,2,14:33,873,873,Mike Scott made Free Throw.,32,32,0,0,0.5,0.5,Saint Peter's,Fairleigh Dickinson,6,3,NA,303522612,2010-12-18
224,2,14:33,873,873,Mike Scott made Free Throw.,32,33,-1,12,0.4541031641703567,0.4541031641703567,Saint Peter's,Fairleigh Dickinson,6,3,NA,303522612,2010-12-18
225,2,14:21,861,861,Briahn Smith made Three Point Jumper.  Assisted by Mike Scott.,32,36,-4,24,0.32286148197672065,0.32286148197672065,Saint Peter's,Fairleigh Dickinson,6,3,NA,303522612,2010-12-18
226,2,13:57,837,837,Steven Samuels made Three Point Jumper.  Assisted by Nick Leon.,35,36,-1,35,0.4532950935762643,0.4532950935762643,Saint Peter's,Fairleigh Dickinson,6,3,NA,303522612,2010-12-18
227,2,13:22,802,802,John Galvin made Two Point Layup.  Assisted by Mike Scott.,35,38,-3,19,0.3605558775588056,0.3605558775588056,Saint Peter's,Fairleigh Dickinson,6,3,NA,303522612,2010-12-18
228,2,13:03,783,783,Steven Samuels Turnover.,35,38,-3,18,0.35898518655832945,0.35898518655832945,Saint Peter's,Fairleigh Dickinson,6,3,NA,303522612,2010-12-18
229,2,12:45,765,765,Nate Gibbs missed Two Point Jumper.,35,38,-3,0,0.35731757090731847,0.35731757090731847,Saint Peter's,Fairleigh Dickinson,6,3,NA,303522612,2010-12-18
230,2,12:45,765,765,Jack Hill Defensive Rebound.,35,38,-3,13,0.35731757090731847,0.35731757090731847,Saint Peter's,Fairleigh Dickinson,6,3,NA,303522612,2010-12-18
231,2,12:32,752,752,Jeron Belin missed Three Point Jumper.,35,38,-3,0,0.3559865957770163,0.3559865957770163,Saint Peter's,Fairleigh Dickinson,6,3,NA,303522612,2010-12-18
232,2,12:32,752,752,Mike Scott Defensive Rebound.,35,38,-3,8,0.3559865957770163,0.3559865957770163,Saint Peter's,Fairleigh Dickinson,6,3,NA,303522612,2010-12-18
233,2,12:24,744,744,Briahn Smith missed Three Point Jumper.,35,38,-3,0,0.3551090076512775,0.3551090076512775,Saint Peter's,Fairleigh Dickinson,6,3,NA,303522612,2010-12-18
234,2,12:24,744,744,Nate Gibbs Offensive Rebound.,35,38,-3,3,0.3551090076512775,0.3551090076512775,Saint Peter's,Fairleigh Dickinson,6,3,NA,303522612,2010-12-18
235,2,12:21,741,741,Foul on Jeron Belin,35,38,-3,0,0.35476772693674924,0.35476772693674924,Saint Peter's,Fairleigh Dickinson,6,3,NA,303522612,2010-12-18
236,2,12:21,741,741,Nate Gibbs made Free Throw.,35,39,-4,0,0.3105542434304984,0.3105542434304984,Saint Peter's,Fairleigh Dickinson,6,3,NA,303522612,2010-12-18
237,2,12:21,741,741,Nate Gibbs made Free Throw.,35,40,-5,22,0.26954903134651187,0.26954903134651187,Saint Peter's,Fairleigh Dickinson,6,3,NA,303522612,2010-12-18
238,2,11:59,719,719,Jeron Belin missed Two Point Jumper.,35,40,-5,0,0.26581303231539405,0.26581303231539405,Saint Peter's,Fairleigh Dickinson,6,3,NA,303522612,2010-12-18
239,2,11:59,719,719,Briahn Smith Defensive Rebound.,35,40,-5,7,0.26581303231539405,0.26581303231539405,Saint Peter's,Fairleigh Dickinson,6,3,NA,303522612,2010-12-18
240,2,11:52,712,712,Mike Scott made Three Point Jumper.,35,43,-8,18,0.16319959049347857,0.16319959049347857,Saint Peter's,Fairleigh Dickinson,6,3,NA,303522612,2010-12-18
241,2,11:34,694,694,Nick Leon missed Two Point Jumper.,35,43,-8,0,0.16027638181176593,0.16027638181176593,Saint Peter's,Fairleigh Dickinson,6,3,NA,303522612,2010-12-18
242,2,11:34,694,694,Jack Hill Offensive Rebound.,35,43,-8,3,0.16027638181176593,0.16027638181176593,Saint Peter's,Fairleigh Dickinson,6,3,NA,303522612,2010-12-18
243,2,11:31,691,691,Jack Hill made Two Point Layup.,37,43,-6,14,0.22362207361642,0.22362207361642,Saint Peter's,Fairleigh Dickinson,6,3,NA,303522612,2010-12-18
244,2,11:17,677,677,Nate Gibbs missed Two Point Jumper.,37,43,-6,0,0.2216226718474279,0.2216226718474279,Saint Peter's,Fairleigh Dickinson,6,3,NA,303522612,2010-12-18
245,2,11:17,677,677,null,37,43,-6,1,0.2216226718474279,0.2216226718474279,Saint Peter's,Fairleigh Dickinson,6,3,NA,303522612,2010-12-18
246,2,11:16,676,676,Foul on Kamil Svrdlik,37,43,-6,0,0.2214831993409447,0.2214831993409447,Saint Peter's,Fairleigh Dickinson,6,3,NA,303522612,2010-12-18
247,2,11:16,676,676,Official TV Timeout.,37,43,-6,0,0.2214831993409447,0.2214831993409447,Saint Peter's,Fairleigh Dickinson,6,3,NA,303522612,2010-12-18
248,2,11:16,676,676,Jack Hill made Free Throw.,38,43,-5,0,0.25969843539548476,0.25969843539548476,Saint Peter's,Fairleigh Dickinson,6,3,NA,303522612,2010-12-18
249,2,11:16,676,676,Jack Hill made Free Throw.,39,43,-4,13,0.3019500146565086,0.3019500146565086,Saint Peter's,Fairleigh Dickinson,6,3,NA,303522612,2010-12-18
250,2,11:03,663,663,Mike Scott made Two Point Jumper.,39,45,-6,18,0.2196909182568114,0.2196909182568114,Saint Peter's,Fairleigh Dickinson,6,3,NA,303522612,2010-12-18
251,2,10:45,645,645,Yvon Raymond made Two Point Layup.,41,45,-4,10,0.2984513163804,0.2984513163804,Saint Peter's,Fairleigh Dickinson,6,3,NA,303522612,2010-12-18
252,2,10:35,635,635,Foul on Yvon Raymond,41,45,-4,0,0.297279897056913,0.297279897056913,Saint Peter's,Fairleigh Dickinson,6,3,NA,303522612,2010-12-18
253,2,10:35,635,635,Mike Scott made Free Throw.,41,46,-5,0,0.2543859138454395,0.2543859138454395,Saint Peter's,Fairleigh Dickinson,6,3,NA,303522612,2010-12-18
254,2,10:35,635,635,Mike Scott made Free Throw.,41,47,-6,0,0.21578057335189918,0.21578057335189918,Saint Peter's,Fairleigh Dickinson,6,3,NA,303522612,2010-12-18
255,2,10:35,635,635,Foul on Tyler Reynolds,41,47,-6,0,0.21578057335189918,0.21578057335189918,Saint Peter's,Fairleigh Dickinson,6,3,NA,303522612,2010-12-18
256,2,10:35,635,635,Nick Leon made Free Throw.,42,47,-5,0,0.2543859138454395,0.2543859138454395,Saint Peter's,Fairleigh Dickinson,6,3,NA,303522612,2010-12-18
257,2,10:35,635,635,Nick Leon made Free Throw.,43,47,-4,35,0.297279897056913,0.297279897056913,Saint Peter's,Fairleigh Dickinson,6,3,NA,303522612,2010-12-18
258,2,10:00,600,600,Foul on Wesley Jenkins,43,47,-4,0,0.2926546588354372,0.2926546588354372,Saint Peter's,Fairleigh Dickinson,6,3,NA,303522612,2010-12-18
259,2,10:00,600,600,John Galvin made Free Throw.,43,48,-5,0,0.2491488044213999,0.2491488044213999,Saint Peter's,Fairleigh Dickinson,6,3,NA,303522612,2010-12-18
260,2,10:00,600,600,John Galvin missed Free Throw.,43,48,-5,0,0.2491488044213999,0.2491488044213999,Saint Peter's,Fairleigh Dickinson,6,3,NA,303522612,2010-12-18
261,2,10:00,600,600,Jack Hill Defensive Rebound.,43,48,-5,10,0.2491488044213999,0.2491488044213999,Saint Peter's,Fairleigh Dickinson,6,3,NA,303522612,2010-12-18
262,2,9:50,590,590,Nick Leon missed Two Point Layup.,43,48,-5,0,0.2474056824152516,0.2474056824152516,Saint Peter's,Fairleigh Dickinson,6,3,NA,303522612,2010-12-18
263,2,9:50,590,590,Nate Gibbs Block.,43,48,-5,1,0.2474056824152516,0.2474056824152516,Saint Peter's,Fairleigh Dickinson,6,3,NA,303522612,2010-12-18
264,2,9:49,589,589,Tyler Reynolds Defensive Rebound.,43,48,-5,7,0.24722373890605226,0.24722373890605226,Saint Peter's,Fairleigh Dickinson,6,3,NA,303522612,2010-12-18
265,2,9:42,582,582,Foul on Jack Hill,43,48,-5,0,0.24590821820566344,0.24590821820566344,Saint Peter's,Fairleigh Dickinson,6,3,NA,303522612,2010-12-18
266,2,9:42,582,582,Nate Gibbs made Free Throw.,43,49,-6,0,0.20674364252649063,0.20674364252649063,Saint Peter's,Fairleigh Dickinson,6,3,NA,303522612,2010-12-18
267,2,9:42,582,582,Nate Gibbs made Free Throw.,43,50,-7,21,0.17239066663222385,0.17239066663222385,Saint Peter's,Fairleigh Dickinson,6,3,NA,303522612,2010-12-18
268,2,9:21,561,561,Jeron Belin Turnover.,43,50,-7,1,0.16763521135221676,0.16763521135221676,Saint Peter's,Fairleigh Dickinson,6,3,NA,303522612,2010-12-18
269,2,9:20,560,560,Nate Gibbs Steal.,43,50,-7,16,0.16738845575489975,0.16738845575489975,Saint Peter's,Fairleigh Dickinson,6,3,NA,303522612,2010-12-18
270,2,9:04,544,544,Mike Scott missed Three Point Jumper.,43,50,-7,0,0.16326750279478644,0.16326750279478644,Saint Peter's,Fairleigh Dickinson,6,3,NA,303522612,2010-12-18
271,2,9:04,544,544,Jeron Belin Defensive Rebound.,43,50,-7,7,0.16326750279478644,0.16326750279478644,Saint Peter's,Fairleigh Dickinson,6,3,NA,303522612,2010-12-18
272,2,8:57,537,537,Steven Samuels missed Three Point Jumper.,43,50,-7,0,0.16161188212314434,0.16161188212314434,Saint Peter's,Fairleigh Dickinson,6,3,NA,303522612,2010-12-18
273,2,8:57,537,537,Mike Scott Defensive Rebound.,43,50,-7,4,0.16161188212314434,0.16161188212314434,Saint Peter's,Fairleigh Dickinson,6,3,NA,303522612,2010-12-18
274,2,8:53,533,533,Foul on Steven Samuels,43,50,-7,0,0.16072551877355337,0.16072551877355337,Saint Peter's,Fairleigh Dickinson,6,3,NA,303522612,2010-12-18
275,2,8:53,533,533,Mike Scott missed Free Throw.,43,50,-7,0,0.16072551877355337,0.16072551877355337,Saint Peter's,Fairleigh Dickinson,6,3,NA,303522612,2010-12-18
276,2,8:53,533,533,null,43,50,-7,0,0.16072551877355337,0.16072551877355337,Saint Peter's,Fairleigh Dickinson,6,3,NA,303522612,2010-12-18
277,2,8:53,533,533,Mike Scott made Free Throw.,43,51,-8,12,0.1313631279087374,0.1313631279087374,Saint Peter's,Fairleigh Dickinson,6,3,NA,303522612,2010-12-18
278,2,8:41,521,521,Yvon Raymond made Two Point Layup.,45,51,-6,33,0.1927191075732782,0.1927191075732782,Saint Peter's,Fairleigh Dickinson,6,3,NA,303522612,2010-12-18
279,2,8:08,488,488,Marco Porcher made Two Point Layup.  Assisted by Mike Scott.,45,53,-8,7,0.12310156687394605,0.12310156687394605,Saint Peter's,Fairleigh Dickinson,6,3,NA,303522612,2010-12-18
280,2,8:01,481,481,Foul on Marco Porcher,45,53,-8,0,0.1218040573970811,0.1218040573970811,Saint Peter's,Fairleigh Dickinson,6,3,NA,303522612,2010-12-18
281,2,8:01,481,481,Yvon Raymond made Free Throw.,46,53,-7,0,0.1507764657193929,0.1507764657193929,Saint Peter's,Fairleigh Dickinson,6,3,NA,303522612,2010-12-18
282,2,8:01,481,481,Yvon Raymond made Free Throw.,47,53,-6,14,0.1851870694437006,0.1851870694437006,Saint Peter's,Fairleigh Dickinson,6,3,NA,303522612,2010-12-18
283,2,7:47,467,467,Foul on Yvon Raymond,47,53,-6,0,0.18219821064618846,0.18219821064618846,Saint Peter's,Fairleigh Dickinson,6,3,NA,303522612,2010-12-18
284,2,7:47,467,467,Official TV Timeout.,47,53,-6,0,0.18219821064618846,0.18219821064618846,Saint Peter's,Fairleigh Dickinson,6,3,NA,303522612,2010-12-18
285,2,7:47,467,467,Mike Scott made Free Throw.,47,54,-7,0,0.14782295830125539,0.14782295830125539,Saint Peter's,Fairleigh Dickinson,6,3,NA,303522612,2010-12-18
286,2,7:47,467,467,Mike Scott made Free Throw.,47,55,-8,16,0.1189896237956438,0.1189896237956438,Saint Peter's,Fairleigh Dickinson,6,3,NA,303522612,2010-12-18
287,2,7:31,451,451,Marco Porcher missed Two Point Layup.,47,55,-8,0,0.11524765766709684,0.11524765766709684,Saint Peter's,Fairleigh Dickinson,6,3,NA,303522612,2010-12-18
288,2,7:31,451,451,St. Peter's Defensive Rebound.,47,55,-8,32,0.11524765766709684,0.11524765766709684,Saint Peter's,Fairleigh Dickinson,6,3,NA,303522612,2010-12-18
289,2,6:59,419,419,Wesley Jenkins made Two Point Layup.,49,55,-6,28,0.16783496383594562,0.16783496383594562,Saint Peter's,Fairleigh Dickinson,6,3,NA,303522612,2010-12-18
290,2,6:31,391,391,Nate Gibbs missed Two Point Jumper.,49,55,-6,0,0.1593304390826319,0.1593304390826319,Saint Peter's,Fairleigh Dickinson,6,3,NA,303522612,2010-12-18
291,2,6:31,391,391,Jeron Belin Block.,49,55,-6,1,0.1593304390826319,0.1593304390826319,Saint Peter's,Fairleigh Dickinson,6,3,NA,303522612,2010-12-18
292,2,6:30,390,390,Nick Leon Defensive Rebound.,49,55,-6,2,0.15903721814276592,0.15903721814276592,Saint Peter's,Fairleigh Dickinson,6,3,NA,303522612,2010-12-18
293,2,6:28,388,388,Foul on Nate Gibbs,49,55,-6,0,0.15845040447588385,0.15845040447588385,Saint Peter's,Fairleigh Dickinson,6,3,NA,303522612,2010-12-18
294,2,6:28,388,388,Nick Leon made Free Throw.,50,55,-5,0,0.199167958394049,0.199167958394049,Saint Peter's,Fairleigh Dickinson,6,3,NA,303522612,2010-12-18
295,2,6:28,388,388,Nick Leon made Free Throw.,51,55,-4,11,0.2472743803533312,0.2472743803533312,Saint Peter's,Fairleigh Dickinson,6,3,NA,303522612,2010-12-18
296,2,6:17,377,377,Mike Scott missed Two Point Layup.,51,55,-4,0,0.2442258111367014,0.2442258111367014,Saint Peter's,Fairleigh Dickinson,6,3,NA,303522612,2010-12-18
297,2,6:17,377,377,Wesley Jenkins Block.,51,55,-4,0,0.2442258111367014,0.2442258111367014,Saint Peter's,Fairleigh Dickinson,6,3,NA,303522612,2010-12-18
298,2,6:17,377,377,Fairleigh Dickinson Offensive Rebound.,51,55,-4,9,0.2442258111367014,0.2442258111367014,Saint Peter's,Fairleigh Dickinson,6,3,NA,303522612,2010-12-18
299,2,6:08,368,368,Kamil Svrdlik Turnover.,51,55,-4,2,0.24162440562109516,0.24162440562109516,Saint Peter's,Fairleigh Dickinson,6,3,NA,303522612,2010-12-18
300,2,6:06,366,366,Wesley Jenkins Steal.,51,55,-4,2,0.24102755082286398,0.24102755082286398,Saint Peter's,Fairleigh Dickinson,6,3,NA,303522612,2010-12-18
301,2,6:04,364,364,Wesley Jenkins missed Two Point Layup.,51,55,-4,0,0.24042268169331474,0.24042268169331474,Saint Peter's,Fairleigh Dickinson,6,3,NA,303522612,2010-12-18
302,2,6:04,364,364,Briahn Smith Defensive Rebound.,51,55,-4,8,0.24042268169331474,0.24042268169331474,Saint Peter's,Fairleigh Dickinson,6,3,NA,303522612,2010-12-18
303,2,5:56,356,356,Foul on Jeron Belin,51,55,-4,0,0.23791231893879092,0.23791231893879092,Saint Peter's,Fairleigh Dickinson,6,3,NA,303522612,2010-12-18
304,2,5:56,356,356,Kamil Svrdlik missed Free Throw.,51,55,-4,0,0.23791231893879092,0.23791231893879092,Saint Peter's,Fairleigh Dickinson,6,3,NA,303522612,2010-12-18
305,2,5:56,356,356,null,51,55,-4,0,0.23791231893879092,0.23791231893879092,Saint Peter's,Fairleigh Dickinson,6,3,NA,303522612,2010-12-18
306,2,5:56,356,356,Kamil Svrdlik made Free Throw.,51,56,-5,17,0.18920268232296547,0.18920268232296547,Saint Peter's,Fairleigh Dickinson,6,3,NA,303522612,2010-12-18
307,2,5:39,339,339,Darius Conley missed Two Point Layup.,51,56,-5,0,0.1829455590330852,0.1829455590330852,Saint Peter's,Fairleigh Dickinson,6,3,NA,303522612,2010-12-18
308,2,5:39,339,339,Kamil Svrdlik Block.,51,56,-5,1,0.1829455590330852,0.1829455590330852,Saint Peter's,Fairleigh Dickinson,6,3,NA,303522612,2010-12-18
309,2,5:38,338,338,Mike Scott Defensive Rebound.,51,56,-5,9,0.18254714221447257,0.18254714221447257,Saint Peter's,Fairleigh Dickinson,6,3,NA,303522612,2010-12-18
310,2,5:29,329,329,Mike Scott missed Two Point Layup.,51,56,-5,0,0.1787874967600166,0.1787874967600166,Saint Peter's,Fairleigh Dickinson,6,3,NA,303522612,2010-12-18
311,2,5:29,329,329,Jeron Belin Block.,51,56,-5,2,0.1787874967600166,0.1787874967600166,Saint Peter's,Fairleigh Dickinson,6,3,NA,303522612,2010-12-18
312,2,5:27,327,327,Mike Scott Offensive Rebound.,51,56,-5,21,0.17790734344365142,0.17790734344365142,Saint Peter's,Fairleigh Dickinson,6,3,NA,303522612,2010-12-18
313,2,5:06,306,306,Mike Scott missed Three Point Jumper.,51,56,-5,0,0.1678643075262534,0.1678643075262534,Saint Peter's,Fairleigh Dickinson,6,3,NA,303522612,2010-12-18
314,2,5:06,306,306,Yvon Raymond Defensive Rebound.,51,56,-5,11,0.1678643075262534,0.1678643075262534,Saint Peter's,Fairleigh Dickinson,6,3,NA,303522612,2010-12-18
315,2,4:55,295,295,Wesley Jenkins missed Three Point Jumper.,51,56,-5,0,0.16503794854469053,0.16503794854469053,Saint Peter's,Fairleigh Dickinson,6,3,NA,303522612,2010-12-18
316,2,4:55,295,295,Mike Scott Defensive Rebound.,51,56,-5,8,0.16503794854469053,0.16503794854469053,Saint Peter's,Fairleigh Dickinson,6,3,NA,303522612,2010-12-18
317,2,4:47,287,287,Fairleigh Dickinson Full Timeout.,51,56,-5,13,0.1646229259184076,0.1646229259184076,Saint Peter's,Fairleigh Dickinson,5,3,NA,303522612,2010-12-18
318,2,4:34,274,274,Foul on Yvon Raymond,51,56,-5,0,0.1659489851250884,0.1659489851250884,Saint Peter's,Fairleigh Dickinson,5,3,NA,303522612,2010-12-18
319,2,4:34,274,274,Mike Scott missed Free Throw.,51,56,-5,0,0.1659489851250884,0.1659489851250884,Saint Peter's,Fairleigh Dickinson,5,3,NA,303522612,2010-12-18
320,2,4:34,274,274,null,51,56,-5,0,0.1659489851250884,0.1659489851250884,Saint Peter's,Fairleigh Dickinson,5,3,NA,303522612,2010-12-18
321,2,4:34,274,274,Mike Scott made Free Throw.,51,57,-6,14,0.12591869506494746,0.12591869506494746,Saint Peter's,Fairleigh Dickinson,5,3,NA,303522612,2010-12-18
322,2,4:20,260,260,Yvon Raymond made Two Point Layup.,53,57,-4,0,0.21832822452465964,0.21832822452465964,Saint Peter's,Fairleigh Dickinson,5,3,NA,303522612,2010-12-18
323,2,4:20,260,260,Foul on John Galvin,53,57,-4,0,0.21832822452465964,0.21832822452465964,Saint Peter's,Fairleigh Dickinson,5,3,NA,303522612,2010-12-18
324,2,4:20,260,260,Yvon Raymond missed Free Throw.,53,57,-4,0,0.21832822452465964,0.21832822452465964,Saint Peter's,Fairleigh Dickinson,5,3,NA,303522612,2010-12-18
325,2,4:20,260,260,Briahn Smith Defensive Rebound.,53,57,-4,8,0.21832822452465964,0.21832822452465964,Saint Peter's,Fairleigh Dickinson,5,3,NA,303522612,2010-12-18
326,2,4:12,252,252,Foul on Darius Conley,53,57,-4,0,0.2199078575520833,0.2199078575520833,Saint Peter's,Fairleigh Dickinson,5,3,NA,303522612,2010-12-18
327,2,4:12,252,252,Tyler Reynolds missed Free Throw.,53,57,-4,0,0.2199078575520833,0.2199078575520833,Saint Peter's,Fairleigh Dickinson,5,3,NA,303522612,2010-12-18
328,2,4:12,252,252,null,53,57,-4,0,0.2199078575520833,0.2199078575520833,Saint Peter's,Fairleigh Dickinson,5,3,NA,303522612,2010-12-18
329,2,4:12,252,252,Tyler Reynolds missed Free Throw.,53,57,-4,0,0.2199078575520833,0.2199078575520833,Saint Peter's,Fairleigh Dickinson,5,3,NA,303522612,2010-12-18
330,2,4:12,252,252,Darius Conley Defensive Rebound.,53,57,-4,24,0.2199078575520833,0.2199078575520833,Saint Peter's,Fairleigh Dickinson,5,3,NA,303522612,2010-12-18
331,2,3:48,228,228,Foul on Kamil Svrdlik,53,57,-4,0,0.22090833564289808,0.22090833564289808,Saint Peter's,Fairleigh Dickinson,5,3,NA,303522612,2010-12-18
332,2,3:48,228,228,Official TV Timeout.,53,57,-4,0,0.22090833564289808,0.22090833564289808,Saint Peter's,Fairleigh Dickinson,5,3,NA,303522612,2010-12-18
333,2,3:48,228,228,Darius Conley made Free Throw.,54,57,-3,0,0.2798339038892997,0.2798339038892997,Saint Peter's,Fairleigh Dickinson,5,3,NA,303522612,2010-12-18
334,2,3:48,228,228,Darius Conley made Free Throw.,55,57,-2,12,0.34746735923069466,0.34746735923069466,Saint Peter's,Fairleigh Dickinson,5,3,NA,303522612,2010-12-18
335,2,3:36,216,216,Marco Porcher Turnover.,55,57,-2,15,0.3450874167411034,0.3450874167411034,Saint Peter's,Fairleigh Dickinson,5,3,NA,303522612,2010-12-18
336,2,3:21,201,201,Foul on John Galvin,55,57,-2,0,0.3381860081245954,0.3381860081245954,Saint Peter's,Fairleigh Dickinson,5,3,NA,303522612,2010-12-18
337,2,3:21,201,201,Wesley Jenkins made Free Throw.,56,57,-1,0,0.4168557761199427,0.4168557761199427,Saint Peter's,Fairleigh Dickinson,5,3,NA,303522612,2010-12-18
338,2,3:21,201,201,Wesley Jenkins missed Free Throw.,56,57,-1,1,0.4168557761199427,0.4168557761199427,Saint Peter's,Fairleigh Dickinson,5,3,NA,303522612,2010-12-18
339,2,3:20,200,200,Jeron Belin Offensive Rebound.,56,57,-1,1,0.41650628579140525,0.41650628579140525,Saint Peter's,Fairleigh Dickinson,5,3,NA,303522612,2010-12-18
340,2,3:19,199,199,Jeron Belin made Two Point Layup.,58,57,1,33,0.5838569909956246,0.5838569909956246,Saint Peter's,Fairleigh Dickinson,5,3,NA,303522612,2010-12-18
341,2,2:46,166,166,Briahn Smith missed Two Point Jumper.,58,57,1,0,0.6001697375625566,0.6001697375625566,Saint Peter's,Fairleigh Dickinson,5,3,NA,303522612,2010-12-18
342,2,2:46,166,166,Darius Conley Defensive Rebound.,58,57,1,34,0.6001697375625566,0.6001697375625566,Saint Peter's,Fairleigh Dickinson,5,3,NA,303522612,2010-12-18
343,2,2:12,132,132,Wesley Jenkins missed Two Point Layup.,58,57,1,0,0.6208623966884318,0.6208623966884318,Saint Peter's,Fairleigh Dickinson,5,3,NA,303522612,2010-12-18
344,2,2:12,132,132,Mike Scott Defensive Rebound.,58,57,1,15,0.6208623966884318,0.6208623966884318,Saint Peter's,Fairleigh Dickinson,5,3,NA,303522612,2010-12-18
345,2,1:57,117,117,Fairleigh Dickinson 30 Second Timeout.,58,57,1,20,0.6321393398886925,0.6321393398886925,Saint Peter's,Fairleigh Dickinson,5,2,NA,303522612,2010-12-18
346,2,1:37,97,97,Nate Gibbs missed Two Point Jumper.,58,57,1,0,0.6499976281978146,0.6499976281978146,Saint Peter's,Fairleigh Dickinson,5,2,NA,303522612,2010-12-18
347,2,1:37,97,97,John Galvin Offensive Rebound.,58,57,1,6,0.6499976281978146,0.6499976281978146,Saint Peter's,Fairleigh Dickinson,5,2,NA,303522612,2010-12-18
348,2,1:31,91,91,John Galvin Turnover.,58,57,1,1,0.6559958136677894,0.6559958136677894,Saint Peter's,Fairleigh Dickinson,5,2,NA,303522612,2010-12-18
349,2,1:30,90,90,Darius Conley Steal.,58,57,1,15,0.6570018505792787,0.6570018505792787,Saint Peter's,Fairleigh Dickinson,5,2,NA,303522612,2010-12-18
350,2,1:15,75,75,Jeron Belin Turnover.,58,57,1,0,0.6725290452471832,0.6725290452471832,Saint Peter's,Fairleigh Dickinson,5,2,NA,303522612,2010-12-18
351,2,1:15,75,75,Foul on Jeron Belin,58,57,1,18,0.6725290452471832,0.6725290452471832,Saint Peter's,Fairleigh Dickinson,5,2,NA,303522612,2010-12-18
352,2,0:57,57,57,Mike Scott missed Two Point Layup.,58,57,1,0,0.6927255802171515,0.6927255802171515,Saint Peter's,Fairleigh Dickinson,5,2,NA,303522612,2010-12-18
353,2,0:57,57,57,Darius Conley Defensive Rebound.,58,57,1,29,0.6927255802171515,0.6927255802171515,Saint Peter's,Fairleigh Dickinson,5,2,NA,303522612,2010-12-18
354,2,0:28,28,28,Foul on Nate Gibbs,58,57,1,0,0.7278998449677002,0.7278998449677002,Saint Peter's,Fairleigh Dickinson,5,2,NA,303522612,2010-12-18
355,2,0:28,28,28,Jeron Belin made Free Throw.,59,57,2,0,0.877394678444368,0.877394678444368,Saint Peter's,Fairleigh Dickinson,5,2,NA,303522612,2010-12-18
356,2,0:28,28,28,Jeron Belin missed Free Throw.,59,57,2,0,0.877394678444368,0.877394678444368,Saint Peter's,Fairleigh Dickinson,5,2,NA,303522612,2010-12-18
357,2,0:28,28,28,Briahn Smith Defensive Rebound.,59,57,2,18,0.877394678444368,0.877394678444368,Saint Peter's,Fairleigh Dickinson,5,2,NA,303522612,2010-12-18
358,2,0:10,10,10,Mike Scott missed Three Point Jumper.,59,57,2,0,0.9009619731336145,0.9009619731336145,Saint Peter's,Fairleigh Dickinson,5,2,NA,303522612,2010-12-18
359,2,0:10,10,10,Yvon Raymond Defensive Rebound.,59,57,2,2,0.9009619731336145,0.9009619731336145,Saint Peter's,Fairleigh Dickinson,5,2,NA,303522612,2010-12-18
360,2,0:08,8,8,Foul on John Galvin,59,57,2,0,0.9034622098895941,0.9034622098895941,Saint Peter's,Fairleigh Dickinson,5,2,NA,303522612,2010-12-18
361,2,0:08,8,8,Yvon Raymond missed Free Throw.,59,57,2,0,0.9034622098895941,0.9034622098895941,Saint Peter's,Fairleigh Dickinson,5,2,NA,303522612,2010-12-18
362,2,0:08,8,8,null,59,57,2,0,0.9034622098895941,0.9034622098895941,Saint Peter's,Fairleigh Dickinson,5,2,NA,303522612,2010-12-18
363,2,0:08,8,8,Yvon Raymond made Free Throw.,60,57,3,0,0.9662502423978944,0.9662502423978944,Saint Peter's,Fairleigh Dickinson,5,2,NA,303522612,2010-12-18
364,2,0:08,8,8,St. Peter's 30 Second Timeout.,60,57,3,0,0.9662502423978944,0.9662502423978944,Saint Peter's,Fairleigh Dickinson,5,1,NA,303522612,2010-12-18
365,2,0:08,8,8,Fairleigh Dickinson 30 Second Timeout.,60,57,3,6,0.9662502423978944,0.9662502423978944,Saint Peter's,Fairleigh Dickinson,5,0,NA,303522612,2010-12-18
366,2,0:02,2,2,Mathias Seilund missed Three Point Jumper.,60,57,3,0,0.9702365242832658,0.9702365242832658,Saint Peter's,Fairleigh Dickinson,5,0,NA,303522612,2010-12-18
367,2,0:02,2,2,Jeron Belin Block.,60,57,3,2,0.9702365242832658,0.9702365242832658,Saint Peter's,Fairleigh Dickinson,5,0,NA,303522612,2010-12-18
368,2,0:00,0,0,St. Peter's Defensive Rebound.,60,57,3,0,1,1,Saint Peter's,Fairleigh Dickinson,5,0,NA,303522612,2010-12-18
369,2,0:00,0,0,End of the 2nd Half.,60,57,3,0,1,1,Saint Peter's,Fairleigh Dickinson,5,0,NA,303522612,2010-12-18
370,2,0:00,0,0,End Game,60,57,3,0,1,1,Saint Peter's,Fairleigh Dickinson,5,0,NA,303522612,2010-12-18
