play_id,half,time_remaining_half,secs_remaining,secs_remaining_absolute,description,home_score,away_score,score_diff,play_length,win_prob,naive_win_prob,home,away,home_time_out_remaining,away_time_out_remaining,home_favored_by,game_id,date
1,1,20:00,2400,2400,PLAY,0,0,0,35,0.5,0.5,Arkansas,Alabama,6,6,NA,290290008,2009-01-29
2,1,19:25,2365,2365,Michael Sanchez made Two Point Layup.  Assisted by Courtney Fortson.,2,0,2,20,0.5447677378565356,0.5447677378565356,Arkansas,Alabama,6,6,NA,290290008,2009-01-29
3,1,19:05,2345,2345,JaMychal Green made Two Point Jumper.  Assisted by Senario Hillman.,2,2,0,11,0.5,0.5,Arkansas,Alabama,6,6,NA,290290008,2009-01-29
4,1,18:54,2334,2334,Courtney Fortson missed Two Point Jumper.,2,2,0,0,0.5,0.5,Arkansas,Alabama,6,6,NA,290290008,2009-01-29
5,1,18:54,2334,2334,Alabama Defensive Rebound.,2,2,0,1,0.5,0.5,Arkansas,Alabama,6,6,NA,290290008,2009-01-29
6,1,18:53,2333,2333,Foul on Courtney Fortson,2,2,0,17,0.5,0.5,Arkansas,Alabama,6,6,NA,290290008,2009-01-29
7,1,18:36,2316,2316,Justin Knox missed Two Point Layup.,2,2,0,0,0.5,0.5,Arkansas,Alabama,6,6,NA,290290008,2009-01-29
8,1,18:36,2316,2316,Courtney Fortson Defensive Rebound.,2,2,0,7,0.5,0.5,Arkansas,Alabama,6,6,NA,290290008,2009-01-29
9,1,18:29,2309,2309,Michael Washington made Two Point Jumper.,4,2,2,36,0.5459879404978363,0.5459879404978363,Arkansas,Alabama,6,6,NA,290290008,2009-01-29
10,1,17:53,2273,2273,Michael Washington missed Two Point Jumper.,4,2,2,0,0.5467906738870376,0.5467906738870376,Arkansas,Alabama,6,6,NA,290290008,2009-01-29
11,1,17:53,2273,2273,Justin Knox Defensive Rebound.,4,2,2,13,0.5467906738870376,0.5467906738870376,Arkansas,Alabama,6,6,NA,290290008,2009-01-29
12,1,17:40,2260,2260,Alonzo Gee missed Two Point Jumper.,4,2,2,0,0.5470834862749095,0.5470834862749095,Arkansas,Alabama,6,6,NA,290290008,2009-01-29
13,1,17:40,2260,2260,Michael Sanchez Defensive Rebound.,4,2,2,7,0.5470834862749095,0.5470834862749095,Arkansas,Alabama,6,6,NA,290290008,2009-01-29
14,1,17:33,2253,2253,Michael Washington made Two Point Layup.,6,2,4,18,0.5936474597581194,0.5936474597581194,Arkansas,Alabama,6,6,NA,290290008,2009-01-29
15,1,17:15,2235,2235,Justin Knox missed Two Point Jumper.,6,2,4,0,0.5944429487392987,0.5944429487392987,Arkansas,Alabama,6,6,NA,290290008,2009-01-29
16,1,17:15,2235,2235,Courtney Fortson Block.,6,2,4,0,0.5944429487392987,0.5944429487392987,Arkansas,Alabama,6,6,NA,290290008,2009-01-29
17,1,17:15,2235,2235,Michael Washington Defensive Rebound.,6,2,4,2,0.5944429487392987,0.5944429487392987,Arkansas,Alabama,6,6,NA,290290008,2009-01-29
18,1,17:13,2233,2233,Rotnei Clarke missed Three Point Jumper.,6,2,4,0,0.5945315899344339,0.5945315899344339,Arkansas,Alabama,6,6,NA,290290008,2009-01-29
19,1,17:13,2233,2233,Justin Knox Defensive Rebound.,6,2,4,19,0.5945315899344339,0.5945315899344339,Arkansas,Alabama,6,6,NA,290290008,2009-01-29
20,1,16:54,2214,2214,Foul on Alonzo Gee,6,2,4,12,0.5953759411688806,0.5953759411688806,Arkansas,Alabama,6,6,NA,290290008,2009-01-29
21,1,16:42,2202,2202,Rotnei Clarke missed Three Point Jumper.,6,2,4,0,0.5959111106401285,0.5959111106401285,Arkansas,Alabama,6,6,NA,290290008,2009-01-29
22,1,16:42,2202,2202,Justin Knox Defensive Rebound.,6,2,4,11,0.5959111106401285,0.5959111106401285,Arkansas,Alabama,6,6,NA,290290008,2009-01-29
23,1,16:31,2191,2191,Mikhail Torrance made Three Point Jumper.,6,5,1,6,0.5243868145672748,0.5243868145672748,Arkansas,Alabama,6,6,NA,290290008,2009-01-29
24,1,16:25,2185,2185,Alonzo Gee made Two Point Layup.,6,7,-1,18,0.4755436062176915,0.4755436062176915,Arkansas,Alabama,6,6,NA,290290008,2009-01-29
25,1,16:07,2167,2167,Michael Sanchez missed Two Point Jumper.,6,7,-1,0,0.47533440906265767,0.47533440906265767,Arkansas,Alabama,6,6,NA,290290008,2009-01-29
26,1,16:07,2167,2167,Alonzo Gee Defensive Rebound.,6,7,-1,9,0.47533440906265767,0.47533440906265767,Arkansas,Alabama,6,6,NA,290290008,2009-01-29
27,1,15:58,2158,2158,Alonzo Gee made Two Point Layup.,6,9,-3,19,0.42617116882724937,0.42617116882724937,Arkansas,Alabama,6,6,NA,290290008,2009-01-29
28,1,15:39,2139,2139,Andre Clark made Two Point Jumper.,8,9,-1,16,0.47500682841191577,0.47500682841191577,Arkansas,Alabama,6,6,NA,290290008,2009-01-29
29,1,15:23,2123,2123,Alonzo Gee missed Two Point Jumper.,8,9,-1,0,0.47481817078922034,0.47481817078922034,Arkansas,Alabama,6,6,NA,290290008,2009-01-29
30,1,15:23,2123,2123,Rotnei Clarke Defensive Rebound.,8,9,-1,23,0.47481817078922034,0.47481817078922034,Arkansas,Alabama,6,6,NA,290290008,2009-01-29
31,1,15:00,2100,2100,Foul on Andre Clark,8,9,-1,0,0.4745449333195799,0.4745449333195799,Arkansas,Alabama,6,6,NA,290290008,2009-01-29
32,1,15:00,2100,2100,Official TV Timeout.,8,9,-1,31,0.4745449333195799,0.4745449333195799,Arkansas,Alabama,6,6,NA,290290008,2009-01-29
33,1,14:29,2069,2069,JaMychal Green made Two Point Jumper.,8,11,-3,32,0.42306447075041204,0.42306447075041204,Arkansas,Alabama,6,6,NA,290290008,2009-01-29
34,1,13:57,2037,2037,Foul on JaMychal Green,8,11,-3,0,0.4219197274312312,0.4219197274312312,Arkansas,Alabama,6,6,NA,290290008,2009-01-29
35,1,13:57,2037,2037,Courtney Fortson made Free Throw.,9,11,-2,0,0.4477089600936891,0.4477089600936891,Arkansas,Alabama,6,6,NA,290290008,2009-01-29
36,1,13:57,2037,2037,Courtney Fortson missed Free Throw.,9,11,-2,0,0.4477089600936891,0.4477089600936891,Arkansas,Alabama,6,6,NA,290290008,2009-01-29
37,1,13:57,2037,2037,Demetrius Jemison Defensive Rebound.,9,11,-2,9,0.4477089600936891,0.4477089600936891,Arkansas,Alabama,6,6,NA,290290008,2009-01-29
38,1,13:48,2028,2028,Senario Hillman missed Three Point Jumper.,9,11,-2,0,0.44748929964234846,0.44748929964234846,Arkansas,Alabama,6,6,NA,290290008,2009-01-29
39,1,13:48,2028,2028,Alabama Offensive Rebound.,9,11,-2,6,0.44748929964234846,0.44748929964234846,Arkansas,Alabama,6,6,NA,290290008,2009-01-29
40,1,13:42,2022,2022,Senario Hillman missed Two Point Jumper.,9,11,-2,0,0.44734232206351526,0.44734232206351526,Arkansas,Alabama,6,6,NA,290290008,2009-01-29
41,1,13:42,2022,2022,Marcus Britt Defensive Rebound.,9,11,-2,10,0.44734232206351526,0.44734232206351526,Arkansas,Alabama,6,6,NA,290290008,2009-01-29
42,1,13:32,2012,2012,Foul on Yamene Coleman,9,11,-2,0,0.447096382003624,0.447096382003624,Arkansas,Alabama,6,6,NA,290290008,2009-01-29
43,1,13:32,2012,2012,Jason Henry made Free Throw.,10,11,-1,0,0.47347374054000907,0.47347374054000907,Arkansas,Alabama,6,6,NA,290290008,2009-01-29
44,1,13:32,2012,2012,Jason Henry missed Free Throw.,10,11,-1,0,0.47347374054000907,0.47347374054000907,Arkansas,Alabama,6,6,NA,290290008,2009-01-29
45,1,13:32,2012,2012,Anthony Brock Defensive Rebound.,10,11,-1,7,0.47347374054000907,0.47347374054000907,Arkansas,Alabama,6,6,NA,290290008,2009-01-29
46,1,13:25,2005,2005,Alonzo Gee missed Two Point Jumper.,10,11,-1,0,0.4733865552963753,0.4733865552963753,Arkansas,Alabama,6,6,NA,290290008,2009-01-29
47,1,13:25,2005,2005,Michael Washington Block.,10,11,-1,0,0.4733865552963753,0.4733865552963753,Arkansas,Alabama,6,6,NA,290290008,2009-01-29
48,1,13:25,2005,2005,Alabama Offensive Rebound.,10,11,-1,14,0.4733865552963753,0.4733865552963753,Arkansas,Alabama,6,6,NA,290290008,2009-01-29
49,1,13:11,1991,1991,Yamene Coleman missed Two Point Jumper.,10,11,-1,0,0.47321121992794035,0.47321121992794035,Arkansas,Alabama,6,6,NA,290290008,2009-01-29
50,1,13:11,1991,1991,null,10,11,-1,2,0.47321121992794035,0.47321121992794035,Arkansas,Alabama,6,6,NA,290290008,2009-01-29
51,1,13:09,1989,1989,Foul on Alonzo Gee,10,11,-1,12,0.47318606490886933,0.47318606490886933,Arkansas,Alabama,6,6,NA,290290008,2009-01-29
52,1,12:57,1977,1977,Rotnei Clarke made Three Point Jumper.  Assisted by Courtney Fortson.,13,11,2,22,0.5537744765316269,0.5537744765316269,Arkansas,Alabama,6,6,NA,290290008,2009-01-29
53,1,12:35,1955,1955,Senario Hillman missed Two Point Jumper.,13,11,2,0,0.5543303564086433,0.5543303564086433,Arkansas,Alabama,6,6,NA,290290008,2009-01-29
54,1,12:35,1955,1955,Jason Henry Defensive Rebound.,13,11,2,9,0.5543303564086433,0.5543303564086433,Arkansas,Alabama,6,6,NA,290290008,2009-01-29
55,1,12:26,1946,1946,Foul on Senario Hillman,13,11,2,6,0.554559751376137,0.554559751376137,Arkansas,Alabama,6,6,NA,290290008,2009-01-29
56,1,12:20,1940,1940,Rotnei Clarke missed Three Point Jumper.,13,11,2,0,0.5547133416051888,0.5547133416051888,Arkansas,Alabama,6,6,NA,290290008,2009-01-29
57,1,12:20,1940,1940,Jason Henry Offensive Rebound.,13,11,2,4,0.5547133416051888,0.5547133416051888,Arkansas,Alabama,6,6,NA,290290008,2009-01-29
58,1,12:16,1936,1936,Stefan Welsh missed Three Point Jumper.,13,11,2,0,0.5548160327452581,0.5548160327452581,Arkansas,Alabama,6,6,NA,290290008,2009-01-29
59,1,12:16,1936,1936,Rotnei Clarke Offensive Rebound.,13,11,2,5,0.5548160327452581,0.5548160327452581,Arkansas,Alabama,6,6,NA,290290008,2009-01-29
60,1,12:11,1931,1931,Rotnei Clarke made Two Point Jumper.,15,11,4,17,0.6085783118785121,0.6085783118785121,Arkansas,Alabama,6,6,NA,290290008,2009-01-29
61,1,11:54,1914,1914,Official TV Timeout.,15,11,4,8,0.6094227457695932,0.6094227457695932,Arkansas,Alabama,6,6,NA,290290008,2009-01-29
62,1,11:46,1906,1906,JaMychal Green made Two Point Jumper.  Assisted by Justin Knox.,15,13,2,12,0.5555883462174267,0.5555883462174267,Arkansas,Alabama,6,6,NA,290290008,2009-01-29
63,1,11:34,1894,1894,Michael Washington made Two Point Jumper.,17,13,4,28,0.610413558467812,0.610413558467812,Arkansas,Alabama,6,6,NA,290290008,2009-01-29
64,1,11:06,1866,1866,Mikhail Torrance missed Three Point Jumper.,17,13,4,0,0.6118001680963009,0.6118001680963009,Arkansas,Alabama,6,6,NA,290290008,2009-01-29
65,1,11:06,1866,1866,Jason Henry Defensive Rebound.,17,13,4,14,0.6118001680963009,0.6118001680963009,Arkansas,Alabama,6,6,NA,290290008,2009-01-29
66,1,10:52,1852,1852,Rotnei Clarke made Two Point Layup.,19,13,6,17,0.6652364875662785,0.6652364875662785,Arkansas,Alabama,6,6,NA,290290008,2009-01-29
67,1,10:35,1835,1835,Justin Knox missed Two Point Jumper.,19,13,6,0,0.6664275563286414,0.6664275563286414,Arkansas,Alabama,6,6,NA,290290008,2009-01-29
68,1,10:35,1835,1835,Justin Knox Offensive Rebound.,19,13,6,3,0.6664275563286414,0.6664275563286414,Arkansas,Alabama,6,6,NA,290290008,2009-01-29
69,1,10:32,1832,1832,Justin Knox missed Two Point Jumper.,19,13,6,0,0.6666382321706462,0.6666382321706462,Arkansas,Alabama,6,6,NA,290290008,2009-01-29
70,1,10:32,1832,1832,Jason Henry Defensive Rebound.,19,13,6,13,0.6666382321706462,0.6666382321706462,Arkansas,Alabama,6,6,NA,290290008,2009-01-29
71,1,10:19,1819,1819,Foul on Justin Knox,19,13,6,0,0.6675533134860241,0.6675533134860241,Arkansas,Alabama,6,6,NA,290290008,2009-01-29
72,1,10:19,1819,1819,Courtney Fortson made Free Throw.,20,13,7,0,0.6928185911128718,0.6928185911128718,Arkansas,Alabama,6,6,NA,290290008,2009-01-29
73,1,10:19,1819,1819,Courtney Fortson missed Free Throw.,20,13,7,0,0.6928185911128718,0.6928185911128718,Arkansas,Alabama,6,6,NA,290290008,2009-01-29
74,1,10:19,1819,1819,Justin Knox Defensive Rebound.,20,13,7,29,0.6928185911128718,0.6928185911128718,Arkansas,Alabama,6,6,NA,290290008,2009-01-29
75,1,9:50,1790,1790,Foul on Brandon Hollinger,20,13,7,0,0.6951194262119926,0.6951194262119926,Arkansas,Alabama,6,6,NA,290290008,2009-01-29
76,1,9:50,1790,1790,Rotnei Clarke made Free Throw.,21,13,8,0,0.7194835259793881,0.7194835259793881,Arkansas,Alabama,6,6,NA,290290008,2009-01-29
77,1,9:50,1790,1790,Rotnei Clarke made Free Throw.,22,13,9,0,0.742621517736663,0.742621517736663,Arkansas,Alabama,6,6,NA,290290008,2009-01-29
78,1,9:50,1790,1790,Alabama 30 Second Timeout.,22,13,9,19,0.742621517736663,0.742621517736663,Arkansas,Alabama,5,6,NA,290290008,2009-01-29
79,1,9:31,1771,1771,Brandon Hollinger missed Two Point Jumper.,22,13,9,0,0.7443870321080351,0.7443870321080351,Arkansas,Alabama,5,6,NA,290290008,2009-01-29
80,1,9:31,1771,1771,Alonzo Gee Offensive Rebound.,22,13,9,22,0.7443870321080351,0.7443870321080351,Arkansas,Alabama,5,6,NA,290290008,2009-01-29
81,1,9:09,1749,1749,Mikhail Torrance made Two Point Layup.,22,15,7,0,0.6984285393129795,0.6984285393129795,Arkansas,Alabama,5,6,NA,290290008,2009-01-29
82,1,9:09,1749,1749,Foul on Michael Washington,22,15,7,0,0.6984285393129795,0.6984285393129795,Arkansas,Alabama,5,6,NA,290290008,2009-01-29
83,1,9:09,1749,1749,Mikhail Torrance made Free Throw.,22,16,6,13,0.6725741479475851,0.6725741479475851,Arkansas,Alabama,5,6,NA,290290008,2009-01-29
84,1,8:56,1736,1736,Stefan Welsh missed Three Point Jumper.,22,16,6,1,0.6735307765102028,0.6735307765102028,Arkansas,Alabama,5,6,NA,290290008,2009-01-29
85,1,8:55,1735,1735,Justin Knox Block.,22,16,6,1,0.6736047537085805,0.6736047537085805,Arkansas,Alabama,5,6,NA,290290008,2009-01-29
86,1,8:54,1734,1734,Mikhail Torrance Defensive Rebound.,22,16,6,14,0.6736787886062936,0.6736787886062936,Arkansas,Alabama,5,6,NA,290290008,2009-01-29
87,1,8:40,1720,1720,Alonzo Gee missed Three Point Jumper.,22,16,6,0,0.6747215508385841,0.6747215508385841,Arkansas,Alabama,5,6,NA,290290008,2009-01-29
88,1,8:40,1720,1720,Stefan Welsh Defensive Rebound.,22,16,6,10,0.6747215508385841,0.6747215508385841,Arkansas,Alabama,5,6,NA,290290008,2009-01-29
89,1,8:30,1710,1710,Stefan Welsh missed Three Point Jumper.,22,16,6,0,0.6754739337532675,0.6754739337532675,Arkansas,Alabama,5,6,NA,290290008,2009-01-29
90,1,8:30,1710,1710,Brandon Hollinger Defensive Rebound.,22,16,6,33,0.6754739337532675,0.6754739337532675,Arkansas,Alabama,5,6,NA,290290008,2009-01-29
91,1,7:57,1677,1677,Official TV Timeout.,22,16,6,1,0.6779892209330605,0.6779892209330605,Arkansas,Alabama,5,6,NA,290290008,2009-01-29
92,1,7:56,1676,1676,Michael Washington made Two Point Jumper.,24,16,8,44,0.729717227370393,0.729717227370393,Arkansas,Alabama,5,6,NA,290290008,2009-01-29
93,1,7:12,1632,1632,Jason Henry missed Three Point Jumper.,24,16,8,0,0.733589664391333,0.733589664391333,Arkansas,Alabama,5,6,NA,290290008,2009-01-29
94,1,7:12,1632,1632,null,24,16,8,4,0.733589664391333,0.733589664391333,Arkansas,Alabama,5,6,NA,290290008,2009-01-29
95,1,7:08,1628,1628,Foul on Michael Washington,24,16,8,23,0.7339329635128692,0.7339329635128692,Arkansas,Alabama,5,6,NA,290290008,2009-01-29
96,1,6:45,1605,1605,Alonzo Gee missed Two Point Jumper.,24,16,8,0,0.7358915731901907,0.7358915731901907,Arkansas,Alabama,5,6,NA,290290008,2009-01-29
97,1,6:45,1605,1605,JaMychal Green Offensive Rebound.,24,16,8,4,0.7358915731901907,0.7358915731901907,Arkansas,Alabama,5,6,NA,290290008,2009-01-29
98,1,6:41,1601,1601,Foul on Jason Henry,24,16,8,0,0.7362304950717292,0.7362304950717292,Arkansas,Alabama,5,6,NA,290290008,2009-01-29
99,1,6:41,1601,1601,JaMychal Green made Free Throw.,24,17,7,0,0.7105710619647859,0.7105710619647859,Arkansas,Alabama,5,6,NA,290290008,2009-01-29
100,1,6:41,1601,1601,JaMychal Green made Free Throw.,24,18,6,15,0.6834885975550439,0.6834885975550439,Arkansas,Alabama,5,6,NA,290290008,2009-01-29
101,1,6:26,1586,1586,Michael Sanchez made Two Point Layup.  Assisted by Stefan Welsh.,26,18,8,14,0.7375003699901973,0.7375003699901973,Arkansas,Alabama,5,6,NA,290290008,2009-01-29
102,1,6:12,1572,1572,Mikhail Torrance made Three Point Jumper.,26,21,5,32,0.6568920966971669,0.6568920966971669,Arkansas,Alabama,5,6,NA,290290008,2009-01-29
103,1,5:40,1540,1540,Michael Sanchez missed Two Point Jumper.,26,21,5,0,0.6589010440387655,0.6589010440387655,Arkansas,Alabama,5,6,NA,290290008,2009-01-29
104,1,5:40,1540,1540,Alonzo Gee Defensive Rebound.,26,21,5,4,0.6589010440387655,0.6589010440387655,Arkansas,Alabama,5,6,NA,290290008,2009-01-29
105,1,5:36,1536,1536,Alonzo Gee missed Three Point Jumper.,26,21,5,0,0.6591565603320823,0.6591565603320823,Arkansas,Alabama,5,6,NA,290290008,2009-01-29
106,1,5:36,1536,1536,Jason Henry Defensive Rebound.,26,21,5,9,0.6591565603320823,0.6591565603320823,Arkansas,Alabama,5,6,NA,290290008,2009-01-29
107,1,5:27,1527,1527,Rotnei Clarke made Three Point Jumper.  Assisted by Courtney Fortson.,29,21,8,16,0.7425738726777052,0.7425738726777052,Arkansas,Alabama,5,6,NA,290290008,2009-01-29
108,1,5:11,1511,1511,Foul on Senario Hillman,29,21,8,9,0.7440009334281167,0.7440009334281167,Arkansas,Alabama,5,6,NA,290290008,2009-01-29
109,1,5:02,1502,1502,Rotnei Clarke made Two Point Jumper.  Assisted by Courtney Fortson.,31,21,10,25,0.7923181412421829,0.7923181412421829,Arkansas,Alabama,5,6,NA,290290008,2009-01-29
110,1,4:37,1477,1477,Demetrius Jemison made Two Point Dunk Shot.,31,23,8,14,0.7471551821630227,0.7471551821630227,Arkansas,Alabama,5,6,NA,290290008,2009-01-29
111,1,4:23,1463,1463,Jason Henry made Two Point Layup.  Assisted by Stefan Welsh.,33,23,10,0,0.7963072857812479,0.7963072857812479,Arkansas,Alabama,5,6,NA,290290008,2009-01-29
112,1,4:23,1463,1463,Foul on Senario Hillman,33,23,10,0,0.7963072857812479,0.7963072857812479,Arkansas,Alabama,5,6,NA,290290008,2009-01-29
113,1,4:23,1463,1463,Jason Henry made Free Throw.,34,23,11,10,0.8175311977691684,0.8175311977691684,Arkansas,Alabama,5,6,NA,290290008,2009-01-29
114,1,4:13,1453,1453,Mikhail Torrance missed Three Point Jumper.,34,23,11,0,0.8186138632522958,0.8186138632522958,Arkansas,Alabama,5,6,NA,290290008,2009-01-29
115,1,4:13,1453,1453,Michael Sanchez Defensive Rebound.,34,23,11,11,0.8186138632522958,0.8186138632522958,Arkansas,Alabama,5,6,NA,290290008,2009-01-29
116,1,4:02,1442,1442,Rotnei Clarke missed Three Point Jumper.,34,23,11,0,0.8198132879579983,0.8198132879579983,Arkansas,Alabama,5,6,NA,290290008,2009-01-29
117,1,4:02,1442,1442,Anthony Brock Defensive Rebound.,34,23,11,11,0.8198132879579983,0.8198132879579983,Arkansas,Alabama,5,6,NA,290290008,2009-01-29
118,1,3:51,1431,1431,Anthony Brock made Two Point Jumper.,34,25,9,19,0.7766236977814414,0.7766236977814414,Arkansas,Alabama,5,6,NA,290290008,2009-01-29
119,1,3:32,1412,1412,Official TV Timeout.,34,25,9,29,0.7785098919924666,0.7785098919924666,Arkansas,Alabama,5,6,NA,290290008,2009-01-29
120,1,3:03,1383,1383,JaMychal Green missed Two Point Layup.,34,25,9,0,0.7812850003378762,0.7812850003378762,Arkansas,Alabama,5,6,NA,290290008,2009-01-29
121,1,3:03,1383,1383,Alonzo Gee Offensive Rebound.,34,25,9,6,0.7812850003378762,0.7812850003378762,Arkansas,Alabama,5,6,NA,290290008,2009-01-29
122,1,2:57,1377,1377,Alonzo Gee made Two Point Dunk Shot.,34,27,7,20,0.7296436019044682,0.7296436019044682,Arkansas,Alabama,5,6,NA,290290008,2009-01-29
123,1,2:37,1357,1357,Stephen Cox missed Two Point Layup.,34,27,7,0,0.7313293232460509,0.7313293232460509,Arkansas,Alabama,5,6,NA,290290008,2009-01-29
124,1,2:37,1357,1357,Justin Knox Block.,34,27,7,1,0.7313293232460509,0.7313293232460509,Arkansas,Alabama,5,6,NA,290290008,2009-01-29
125,1,2:36,1356,1356,null,34,27,7,0,0.7314136191030302,0.7314136191030302,Arkansas,Alabama,5,6,NA,290290008,2009-01-29
126,1,2:36,1356,1356,Foul on Stephen Cox,34,27,7,30,0.7314136191030302,0.7314136191030302,Arkansas,Alabama,5,6,NA,290290008,2009-01-29
127,1,2:06,1326,1326,Alonzo Gee made Two Point Dunk Shot.  Assisted by Anthony Brock.,34,29,5,16,0.6736802146089116,0.6736802146089116,Arkansas,Alabama,5,6,NA,290290008,2009-01-29
128,1,1:50,1310,1310,Arkansas 30 Second Timeout.,34,29,5,17,0.6748009605259525,0.6748009605259525,Arkansas,Alabama,5,5,NA,290290008,2009-01-29
129,1,1:33,1293,1293,Courtney Fortson missed Two Point Jumper.,34,29,5,0,0.6760259300613655,0.6760259300613655,Arkansas,Alabama,5,5,NA,290290008,2009-01-29
130,1,1:33,1293,1293,Justin Knox Block.,34,29,5,2,0.6760259300613655,0.6760259300613655,Arkansas,Alabama,5,5,NA,290290008,2009-01-29
131,1,1:31,1291,1291,Michael Sanchez Offensive Rebound.,34,29,5,0,0.6761728262857619,0.6761728262857619,Arkansas,Alabama,5,5,NA,290290008,2009-01-29
132,1,1:31,1291,1291,Foul on Justin Knox,34,29,5,0,0.6761728262857619,0.6761728262857619,Arkansas,Alabama,5,5,NA,290290008,2009-01-29
133,1,1:31,1291,1291,Michael Sanchez missed Free Throw.,34,29,5,0,0.6761728262857619,0.6761728262857619,Arkansas,Alabama,5,5,NA,290290008,2009-01-29
134,1,1:31,1291,1291,null,34,29,5,0,0.6761728262857619,0.6761728262857619,Arkansas,Alabama,5,5,NA,290290008,2009-01-29
135,1,1:31,1291,1291,Michael Sanchez made Free Throw.,35,29,6,25,0.7075441868655216,0.7075441868655216,Arkansas,Alabama,5,5,NA,290290008,2009-01-29
136,1,1:06,1266,1266,Mikhail Torrance missed Three Point Jumper.,35,29,6,0,0.7096929078592094,0.7096929078592094,Arkansas,Alabama,5,5,NA,290290008,2009-01-29
137,1,1:06,1266,1266,Jason Henry Defensive Rebound.,35,29,6,23,0.7096929078592094,0.7096929078592094,Arkansas,Alabama,5,5,NA,290290008,2009-01-29
138,1,0:43,1243,1243,Anthony Brock made Two Point Layup.,35,31,4,32,0.646287409702919,0.646287409702919,Arkansas,Alabama,5,5,NA,290290008,2009-01-29
139,1,0:11,1211,1211,Jason Henry made Three Point Jumper.  Assisted by Marcus Monk.,38,31,7,11,0.7451736376490605,0.7451736376490605,Arkansas,Alabama,5,5,NA,290290008,2009-01-29
140,1,0:00,1200,1200,End of the 1st Half.,38,31,7,0,0.7464201950257411,0.7464201950257411,Arkansas,Alabama,5,5,NA,290290008,2009-01-29
141,2,20:00,1200,1200,PLAY,38,31,7,11,0.7464201950257411,0.7464201950257411,Arkansas,Alabama,5,5,NA,290290008,2009-01-29
142,2,19:49,1189,1189,Michael Sanchez missed Three Point Jumper.,38,31,7,0,0.7476362178104372,0.7476362178104372,Arkansas,Alabama,5,5,NA,290290008,2009-01-29
143,2,19:49,1189,1189,Mikhail Torrance Defensive Rebound.,38,31,7,6,0.7476362178104372,0.7476362178104372,Arkansas,Alabama,5,5,NA,290290008,2009-01-29
144,2,19:43,1183,1183,Alonzo Gee made Three Point Jumper.,38,34,4,27,0.6508036620507852,0.6508036620507852,Arkansas,Alabama,5,5,NA,290290008,2009-01-29
145,2,19:16,1156,1156,Michael Sanchez made Two Point Layup.  Assisted by Courtney Fortson.,40,34,6,20,0.7204971065659819,0.7204971065659819,Arkansas,Alabama,5,5,NA,290290008,2009-01-29
146,2,18:56,1136,1136,Senario Hillman missed Three Point Jumper.,40,34,6,0,0.7224117368444137,0.7224117368444137,Arkansas,Alabama,5,5,NA,290290008,2009-01-29
147,2,18:56,1136,1136,Stefan Welsh Defensive Rebound.,40,34,6,26,0.7224117368444137,0.7224117368444137,Arkansas,Alabama,5,5,NA,290290008,2009-01-29
148,2,18:30,1110,1110,Justin Knox made Two Point Jumper.  Assisted by Mikhail Torrance.,40,36,4,19,0.6560914168015014,0.6560914168015014,Arkansas,Alabama,5,5,NA,290290008,2009-01-29
149,2,18:11,1091,1091,Foul on JaMychal Green,40,36,4,0,0.657484043492174,0.657484043492174,Arkansas,Alabama,5,5,NA,290290008,2009-01-29
150,2,18:11,1091,1091,Michael Washington made Free Throw.,41,36,5,0,0.6932011323974688,0.6932011323974688,Arkansas,Alabama,5,5,NA,290290008,2009-01-29
151,2,18:11,1091,1091,Michael Washington missed Free Throw.,41,36,5,0,0.6932011323974688,0.6932011323974688,Arkansas,Alabama,5,5,NA,290290008,2009-01-29
152,2,18:11,1091,1091,JaMychal Green Defensive Rebound.,41,36,5,14,0.6932011323974688,0.6932011323974688,Arkansas,Alabama,5,5,NA,290290008,2009-01-29
153,2,17:57,1077,1077,Justin Knox made Two Point Jumper.,41,38,3,26,0.6207134695807823,0.6207134695807823,Arkansas,Alabama,5,5,NA,290290008,2009-01-29
154,2,17:31,1051,1051,Stefan Welsh made Three Point Jumper.  Assisted by Michael Washington.,44,38,6,18,0.7308062872896397,0.7308062872896397,Arkansas,Alabama,5,5,NA,290290008,2009-01-29
155,2,17:13,1033,1033,JaMychal Green missed Two Point Jumper.,44,38,6,0,0.732757222334513,0.732757222334513,Arkansas,Alabama,5,5,NA,290290008,2009-01-29
156,2,17:13,1033,1033,Stefan Welsh Defensive Rebound.,44,38,6,6,0.732757222334513,0.732757222334513,Arkansas,Alabama,5,5,NA,290290008,2009-01-29
157,2,17:07,1027,1027,Foul on JaMychal Green,44,38,6,0,0.7334289565217957,0.7334289565217957,Arkansas,Alabama,5,5,NA,290290008,2009-01-29
158,2,17:07,1027,1027,Stefan Welsh made Free Throw.,45,38,7,0,0.7650865125685247,0.7650865125685247,Arkansas,Alabama,5,5,NA,290290008,2009-01-29
159,2,17:07,1027,1027,Stefan Welsh made Free Throw.,46,38,8,13,0.7940402295504758,0.7940402295504758,Arkansas,Alabama,5,5,NA,290290008,2009-01-29
160,2,16:54,1014,1014,Yamene Coleman made Two Point Layup.,46,40,6,7,0.7349255845484202,0.7349255845484202,Arkansas,Alabama,5,5,NA,290290008,2009-01-29
161,2,16:47,1007,1007,Courtney Fortson missed Two Point Jumper.,46,40,6,0,0.7357565613406836,0.7357565613406836,Arkansas,Alabama,5,5,NA,290290008,2009-01-29
162,2,16:47,1007,1007,Arkansas Offensive Rebound.,46,40,6,9,0.7357565613406836,0.7357565613406836,Arkansas,Alabama,5,5,NA,290290008,2009-01-29
163,2,16:38,998,998,Rotnei Clarke made Three Point Jumper.,49,40,9,17,0.8241196044101076,0.8241196044101076,Arkansas,Alabama,5,5,NA,290290008,2009-01-29
164,2,16:21,981,981,Senario Hillman made Two Point Jumper.,49,42,7,15,0.7710648067425626,0.7710648067425626,Arkansas,Alabama,5,5,NA,290290008,2009-01-29
165,2,16:06,966,966,Senario Hillman made Two Point Dunk Shot.,49,44,5,17,0.7060075018465871,0.7060075018465871,Arkansas,Alabama,5,5,NA,290290008,2009-01-29
166,2,15:49,949,949,Michael Sanchez missed Two Point Jumper.,49,44,5,0,0.7079440002859485,0.7079440002859485,Arkansas,Alabama,5,5,NA,290290008,2009-01-29
167,2,15:49,949,949,Alonzo Gee Defensive Rebound.,49,44,5,18,0.7079440002859485,0.7079440002859485,Arkansas,Alabama,5,5,NA,290290008,2009-01-29
168,2,15:31,931,931,Rotnei Clarke made Three Point Jumper.  Assisted by Courtney Fortson.,52,44,8,13,0.8070824693073032,0.8070824693073032,Arkansas,Alabama,5,5,NA,290290008,2009-01-29
169,2,15:18,918,918,Senario Hillman missed Two Point Jumper.,52,44,8,0,0.8086058624279262,0.8086058624279262,Arkansas,Alabama,5,5,NA,290290008,2009-01-29
170,2,15:18,918,918,Stefan Welsh Defensive Rebound.,52,44,8,15,0.8086058624279262,0.8086058624279262,Arkansas,Alabama,5,5,NA,290290008,2009-01-29
171,2,15:03,903,903,Michael Washington made Two Point Layup.,54,44,10,8,0.8599390345720233,0.8599390345720233,Arkansas,Alabama,5,5,NA,290290008,2009-01-29
172,2,14:55,895,895,Alabama Full Timeout.,54,44,10,13,0.860787567049878,0.860787567049878,Arkansas,Alabama,4,5,NA,290290008,2009-01-29
173,2,14:42,882,882,Mikhail Torrance missed Three Point Jumper.,54,44,10,0,0.8621428160355206,0.8621428160355206,Arkansas,Alabama,4,5,NA,290290008,2009-01-29
174,2,14:42,882,882,Jason Henry Defensive Rebound.,54,44,10,9,0.8621428160355206,0.8621428160355206,Arkansas,Alabama,4,5,NA,290290008,2009-01-29
175,2,14:33,873,873,Official TV Timeout.,54,44,10,33,0.8630735584342699,0.8630735584342699,Arkansas,Alabama,4,5,NA,290290008,2009-01-29
176,2,14:00,840,840,Anthony Brock missed Three Point Jumper.,54,44,10,0,0.866552350949182,0.866552350949182,Arkansas,Alabama,4,5,NA,290290008,2009-01-29
177,2,14:00,840,840,Yamene Coleman Offensive Rebound.,54,44,10,10,0.866552350949182,0.866552350949182,Arkansas,Alabama,4,5,NA,290290008,2009-01-29
178,2,13:50,830,830,Mikhail Torrance missed Two Point Jumper.,54,44,10,0,0.8676603149270753,0.8676603149270753,Arkansas,Alabama,4,5,NA,290290008,2009-01-29
179,2,13:50,830,830,Michael Washington Block.,54,44,10,0,0.8676603149270753,0.8676603149270753,Arkansas,Alabama,4,5,NA,290290008,2009-01-29
180,2,13:50,830,830,Arkansas Defensive Rebound.,54,44,10,19,0.8676603149270753,0.8676603149270753,Arkansas,Alabama,4,5,NA,290290008,2009-01-29
181,2,13:31,811,811,Rotnei Clarke made Three Point Jumper.  Assisted by Courtney Fortson.,57,44,13,26,0.9220043084766041,0.9220043084766041,Arkansas,Alabama,4,5,NA,290290008,2009-01-29
182,2,13:05,785,785,JaMychal Green made Two Point Jumper.,57,46,11,0,0.8931241811358687,0.8931241811358687,Arkansas,Alabama,4,5,NA,290290008,2009-01-29
183,2,13:05,785,785,Foul on Marcus Britt,57,46,11,0,0.8931241811358687,0.8931241811358687,Arkansas,Alabama,4,5,NA,290290008,2009-01-29
184,2,13:05,785,785,JaMychal Green made Free Throw.,57,47,10,31,0.8732552601724624,0.8732552601724624,Arkansas,Alabama,4,5,NA,290290008,2009-01-29
185,2,12:34,754,754,JaMychal Green made Two Point Dunk Shot.,57,49,8,17,0.8289781153865478,0.8289781153865478,Arkansas,Alabama,4,5,NA,290290008,2009-01-29
186,2,12:17,737,737,Michael Washington made Two Point Jumper.,59,49,10,29,0.8808608690149073,0.8808608690149073,Arkansas,Alabama,4,5,NA,290290008,2009-01-29
187,2,11:48,708,708,Andrew Steele missed Two Point Jumper.,59,49,10,0,0.8858971610754807,0.8858971610754807,Arkansas,Alabama,4,5,NA,290290008,2009-01-29
188,2,11:48,708,708,Michael Washington Defensive Rebound.,59,49,10,25,0.8858971610754807,0.8858971610754807,Arkansas,Alabama,4,5,NA,290290008,2009-01-29
189,2,11:23,683,683,Michael Washington missed Three Point Jumper.,59,49,10,0,0.8894930727101553,0.8894930727101553,Arkansas,Alabama,4,5,NA,290290008,2009-01-29
190,2,11:23,683,683,JaMychal Green Defensive Rebound.,59,49,10,27,0.8894930727101553,0.8894930727101553,Arkansas,Alabama,4,5,NA,290290008,2009-01-29
191,2,10:56,656,656,Mikhail Torrance missed Three Point Jumper.,59,49,10,0,0.8930038066763114,0.8930038066763114,Arkansas,Alabama,4,5,NA,290290008,2009-01-29
192,2,10:56,656,656,Michael Washington Defensive Rebound.,59,49,10,11,0.8930038066763114,0.8930038066763114,Arkansas,Alabama,4,5,NA,290290008,2009-01-29
193,2,10:45,645,645,Marcus Britt made Two Point Layup.,61,49,12,11,0.9285117817526045,0.9285117817526045,Arkansas,Alabama,4,5,NA,290290008,2009-01-29
194,2,10:34,634,634,JaMychal Green made Two Point Jumper.  Assisted by Mikhail Torrance.,61,51,10,2,0.8958689533603967,0.8958689533603967,Arkansas,Alabama,4,5,NA,290290008,2009-01-29
195,2,10:32,632,632,Alabama 30 Second Timeout.,61,51,10,10,0.896137842529131,0.896137842529131,Arkansas,Alabama,3,5,NA,290290008,2009-01-29
196,2,10:22,622,622,Rotnei Clarke made Three Point Jumper.,64,51,13,21,0.9437949605940354,0.9437949605940354,Arkansas,Alabama,3,5,NA,290290008,2009-01-29
197,2,10:01,601,601,Anthony Brock made Three Point Jumper.,64,54,10,11,0.9006554253939932,0.9006554253939932,Arkansas,Alabama,3,5,NA,290290008,2009-01-29
198,2,9:50,590,590,Foul on Demetrius Jemison,64,54,10,0,0.9024716171737753,0.9024716171737753,Arkansas,Alabama,3,5,NA,290290008,2009-01-29
199,2,9:50,590,590,Official TV Timeout.,64,54,10,0,0.9024716171737753,0.9024716171737753,Arkansas,Alabama,3,5,NA,290290008,2009-01-29
200,2,9:50,590,590,Michael Sanchez missed Free Throw.,64,54,10,0,0.9024716171737753,0.9024716171737753,Arkansas,Alabama,3,5,NA,290290008,2009-01-29
201,2,9:50,590,590,null,64,54,10,0,0.9024716171737753,0.9024716171737753,Arkansas,Alabama,3,5,NA,290290008,2009-01-29
202,2,9:50,590,590,Michael Sanchez missed Free Throw.,64,54,10,0,0.9024716171737753,0.9024716171737753,Arkansas,Alabama,3,5,NA,290290008,2009-01-29
203,2,9:50,590,590,Demetrius Jemison Defensive Rebound.,64,54,10,25,0.9024716171737753,0.9024716171737753,Arkansas,Alabama,3,5,NA,290290008,2009-01-29
204,2,9:25,565,565,Andre Clark missed Two Point Dunk Shot.,64,54,10,0,0.9071542411618653,0.9071542411618653,Arkansas,Alabama,3,5,NA,290290008,2009-01-29
205,2,9:25,565,565,Anthony Brock Defensive Rebound.,64,54,10,4,0.9071542411618653,0.9071542411618653,Arkansas,Alabama,3,5,NA,290290008,2009-01-29
206,2,9:21,561,561,JaMychal Green made Two Point Dunk Shot.,64,56,8,6,0.8619291750224194,0.8619291750224194,Arkansas,Alabama,3,5,NA,290290008,2009-01-29
207,2,9:15,555,555,Arkansas 30 Second Timeout.,64,56,8,23,0.8633998833028351,0.8633998833028351,Arkansas,Alabama,3,4,NA,290290008,2009-01-29
208,2,8:52,532,532,Foul on JaMychal Green,64,56,8,0,0.8688453039443385,0.8688453039443385,Arkansas,Alabama,3,4,NA,290290008,2009-01-29
209,2,8:52,532,532,Courtney Fortson made Free Throw.,65,56,9,0,0.8935128150687436,0.8935128150687436,Arkansas,Alabama,3,4,NA,290290008,2009-01-29
210,2,8:52,532,532,Courtney Fortson made Free Throw.,66,56,10,26,0.9140000943894752,0.9140000943894752,Arkansas,Alabama,3,4,NA,290290008,2009-01-29
211,2,8:26,506,506,Justin Knox made Two Point Jumper.,66,58,8,8,0.8737153545893427,0.8737153545893427,Arkansas,Alabama,3,4,NA,290290008,2009-01-29
212,2,8:18,498,498,Foul on Justin Knox,66,58,8,0,0.8751175759391732,0.8751175759391732,Arkansas,Alabama,3,4,NA,290290008,2009-01-29
213,2,8:18,498,498,Marcus Britt made Free Throw.,67,58,9,0,0.8993803770085909,0.8993803770085909,Arkansas,Alabama,3,4,NA,290290008,2009-01-29
214,2,8:18,498,498,Marcus Britt made Free Throw.,68,58,10,15,0.9193636313056681,0.9193636313056681,Arkansas,Alabama,3,4,NA,290290008,2009-01-29
215,2,8:03,483,483,Brandon Hollinger missed Three Point Jumper.,68,58,10,0,0.9216460857598667,0.9216460857598667,Arkansas,Alabama,3,4,NA,290290008,2009-01-29
216,2,8:03,483,483,Alonzo Gee Offensive Rebound.,68,58,10,5,0.9216460857598667,0.9216460857598667,Arkansas,Alabama,3,4,NA,290290008,2009-01-29
217,2,7:58,478,478,Anthony Brock missed Three Point Jumper.,68,58,10,0,0.9224460633242131,0.9224460633242131,Arkansas,Alabama,3,4,NA,290290008,2009-01-29
218,2,7:58,478,478,Marcus Britt Defensive Rebound.,68,58,10,17,0.9224460633242131,0.9224460633242131,Arkansas,Alabama,3,4,NA,290290008,2009-01-29
219,2,7:41,461,461,Michael Sanchez made Two Point Layup.,70,58,12,17,0.9535638698369931,0.9535638698369931,Arkansas,Alabama,3,4,NA,290290008,2009-01-29
220,2,7:24,444,444,Stefan Welsh missed Two Point Layup.,70,58,12,0,0.9562675294320643,0.9562675294320643,Arkansas,Alabama,3,4,NA,290290008,2009-01-29
221,2,7:24,444,444,Michael Washington Offensive Rebound.,70,58,12,3,0.9562675294320643,0.9562675294320643,Arkansas,Alabama,3,4,NA,290290008,2009-01-29
222,2,7:21,441,441,Michael Washington made Two Point Tip Shot.,72,58,14,10,0.9737602922929586,0.9737602922929586,Arkansas,Alabama,3,4,NA,290290008,2009-01-29
223,2,7:11,431,431,Justin Knox made Two Point Jumper.  Assisted by Alonzo Gee.,72,60,12,18,0.9586685498601752,0.9586685498601752,Arkansas,Alabama,3,4,NA,290290008,2009-01-29
224,2,6:53,413,413,Marcus Britt missed Two Point Layup.,72,60,12,0,0.9619339905310098,0.9619339905310098,Arkansas,Alabama,3,4,NA,290290008,2009-01-29
225,2,6:53,413,413,Demetrius Jemison Defensive Rebound.,72,60,12,5,0.9619339905310098,0.9619339905310098,Arkansas,Alabama,3,4,NA,290290008,2009-01-29
226,2,6:48,408,408,Alonzo Gee missed Two Point Jumper.,72,60,12,0,0.9627451223844148,0.9627451223844148,Arkansas,Alabama,3,4,NA,290290008,2009-01-29
227,2,6:48,408,408,Michael Sanchez Defensive Rebound.,72,60,12,3,0.9627451223844148,0.9627451223844148,Arkansas,Alabama,3,4,NA,290290008,2009-01-29
228,2,6:45,405,405,Foul on Justin Knox,72,60,12,0,0.9632176102284827,0.9632176102284827,Arkansas,Alabama,3,4,NA,290290008,2009-01-29
229,2,6:45,405,405,Official TV Timeout.,72,60,12,8,0.9632176102284827,0.9632176102284827,Arkansas,Alabama,3,4,NA,290290008,2009-01-29
230,2,6:37,397,397,Marcus Britt missed Two Point Jumper.,72,60,12,0,0.9644373286479829,0.9644373286479829,Arkansas,Alabama,3,4,NA,290290008,2009-01-29
231,2,6:37,397,397,Marcus Britt Offensive Rebound.,72,60,12,4,0.9644373286479829,0.9644373286479829,Arkansas,Alabama,3,4,NA,290290008,2009-01-29
232,2,6:33,393,393,Stefan Welsh missed Three Point Jumper.,72,60,12,0,0.9650308207336106,0.9650308207336106,Arkansas,Alabama,3,4,NA,290290008,2009-01-29
233,2,6:33,393,393,Mikhail Torrance Defensive Rebound.,72,60,12,8,0.9650308207336106,0.9650308207336106,Arkansas,Alabama,3,4,NA,290290008,2009-01-29
234,2,6:25,385,385,Foul on Marcus Britt,72,60,12,0,0.9661987052744433,0.9661987052744433,Arkansas,Alabama,3,4,NA,290290008,2009-01-29
235,2,6:25,385,385,Alonzo Gee missed Free Throw.,72,60,12,0,0.9661987052744433,0.9661987052744433,Arkansas,Alabama,3,4,NA,290290008,2009-01-29
236,2,6:25,385,385,null,72,60,12,0,0.9661987052744433,0.9661987052744433,Arkansas,Alabama,3,4,NA,290290008,2009-01-29
237,2,6:25,385,385,Alonzo Gee made Free Throw.,72,61,11,30,0.9557848158917378,0.9557848158917378,Arkansas,Alabama,3,4,NA,290290008,2009-01-29
238,2,5:55,355,355,Jason Henry missed Two Point Jumper.,72,61,11,0,0.9610733565267948,0.9610733565267948,Arkansas,Alabama,3,4,NA,290290008,2009-01-29
239,2,5:55,355,355,JaMychal Green Block.,72,61,11,0,0.9610733565267948,0.9610733565267948,Arkansas,Alabama,3,4,NA,290290008,2009-01-29
240,2,5:55,355,355,Jason Henry Offensive Rebound.,72,61,11,20,0.9610733565267948,0.9610733565267948,Arkansas,Alabama,3,4,NA,290290008,2009-01-29
241,2,5:35,335,335,Justin Knox made Two Point Jumper.,72,63,9,14,0.9378046123497884,0.9378046123497884,Arkansas,Alabama,3,4,NA,290290008,2009-01-29
242,2,5:21,321,321,Stefan Welsh made Three Point Jumper.  Assisted by Rotnei Clarke.,75,63,12,19,0.9763098730495493,0.9763098730495493,Arkansas,Alabama,3,4,NA,290290008,2009-01-29
243,2,5:02,302,302,Alonzo Gee missed Two Point Jumper.,75,63,12,0,0.9794832173450162,0.9794832173450162,Arkansas,Alabama,3,4,NA,290290008,2009-01-29
244,2,5:02,302,302,Justin Knox Offensive Rebound.,75,63,12,4,0.9794832173450162,0.9794832173450162,Arkansas,Alabama,3,4,NA,290290008,2009-01-29
245,2,4:58,298,298,Justin Knox made Two Point Tip Shot.,75,65,10,28,0.9621464015267439,0.9621464015267439,Arkansas,Alabama,3,4,NA,290290008,2009-01-29
246,2,4:30,270,270,Courtney Fortson missed Three Point Jumper.,75,65,10,0,0.961531448534808,0.961531448534808,Arkansas,Alabama,3,4,NA,290290008,2009-01-29
247,2,4:30,270,270,Demetrius Jemison Defensive Rebound.,75,65,10,9,0.961531448534808,0.961531448534808,Arkansas,Alabama,3,4,NA,290290008,2009-01-29
248,2,4:21,261,261,Alonzo Gee made Two Point Dunk Shot.,75,67,8,26,0.9277967630761593,0.9277967630761593,Arkansas,Alabama,3,4,NA,290290008,2009-01-29
249,2,3:55,235,235,Michael Washington missed Two Point Dunk Shot.,75,67,8,0,0.9250992972031368,0.9250992972031368,Arkansas,Alabama,3,4,NA,290290008,2009-01-29
250,2,3:55,235,235,Mikhail Torrance Defensive Rebound.,75,67,8,9,0.9250992972031368,0.9250992972031368,Arkansas,Alabama,3,4,NA,290290008,2009-01-29
251,2,3:46,226,226,Official TV Timeout.,75,67,8,8,0.9258702847747867,0.9258702847747867,Arkansas,Alabama,3,4,NA,290290008,2009-01-29
252,2,3:38,218,218,Senario Hillman missed Two Point Jumper.,75,67,8,0,0.9277585802924826,0.9277585802924826,Arkansas,Alabama,3,4,NA,290290008,2009-01-29
253,2,3:38,218,218,Courtney Fortson Defensive Rebound.,75,67,8,15,0.9277585802924826,0.9277585802924826,Arkansas,Alabama,3,4,NA,290290008,2009-01-29
254,2,3:23,203,203,Mikhail Torrance made Two Point Jumper.,75,69,6,12,0.8805781273024351,0.8805781273024351,Arkansas,Alabama,3,4,NA,290290008,2009-01-29
255,2,3:11,191,191,Foul on Alonzo Gee,75,69,6,0,0.8924978531284166,0.8924978531284166,Arkansas,Alabama,3,4,NA,290290008,2009-01-29
256,2,3:11,191,191,Michael Sanchez made Free Throw.,76,69,7,0,0.9219589338418707,0.9219589338418707,Arkansas,Alabama,3,4,NA,290290008,2009-01-29
257,2,3:11,191,191,Michael Sanchez made Free Throw.,77,69,8,11,0.9438540883734136,0.9438540883734136,Arkansas,Alabama,3,4,NA,290290008,2009-01-29
258,2,3:00,180,180,Foul on Michael Washington,77,69,8,0,0.952846239766277,0.952846239766277,Arkansas,Alabama,3,4,NA,290290008,2009-01-29
259,2,3:00,180,180,JaMychal Green made Free Throw.,77,70,7,0,0.9327854087282642,0.9327854087282642,Arkansas,Alabama,3,4,NA,290290008,2009-01-29
260,2,3:00,180,180,JaMychal Green made Free Throw.,77,71,6,22,0.9050405544889799,0.9050405544889799,Arkansas,Alabama,3,4,NA,290290008,2009-01-29
261,2,2:38,158,158,Mikhail Torrance missed Three Point Jumper.,77,71,6,0,0.9274087506837033,0.9274087506837033,Arkansas,Alabama,3,4,NA,290290008,2009-01-29
262,2,2:38,158,158,Marcus Britt Defensive Rebound.,77,71,6,33,0.9274087506837033,0.9274087506837033,Arkansas,Alabama,3,4,NA,290290008,2009-01-29
263,2,2:05,125,125,Michael Sanchez missed Two Point Jumper.,77,71,6,0,0.9564192167456673,0.9564192167456673,Arkansas,Alabama,3,4,NA,290290008,2009-01-29
264,2,2:05,125,125,Michael Washington Offensive Rebound.,77,71,6,5,0.9564192167456673,0.9564192167456673,Arkansas,Alabama,3,4,NA,290290008,2009-01-29
265,2,2:00,120,120,Foul on Demetrius Jemison,77,71,6,0,0.9603379619083864,0.9603379619083864,Arkansas,Alabama,3,4,NA,290290008,2009-01-29
266,2,2:00,120,120,Michael Washington made Free Throw.,78,71,7,0,0.9762940838878517,0.9762940838878517,Arkansas,Alabama,3,4,NA,290290008,2009-01-29
267,2,2:00,120,120,Michael Washington made Free Throw.,79,71,8,0,0.9859251049221351,0.9859251049221351,Arkansas,Alabama,3,4,NA,290290008,2009-01-29
268,2,2:00,120,120,Alabama 30 Second Timeout.,79,71,8,13,0.9859251049221351,0.9859251049221351,Arkansas,Alabama,2,4,NA,290290008,2009-01-29
269,2,1:47,107,107,Anthony Brock missed Two Point Jumper.,79,71,8,0,0.9902895622656068,0.9902895622656068,Arkansas,Alabama,2,4,NA,290290008,2009-01-29
270,2,1:47,107,107,Michael Sanchez Defensive Rebound.,79,71,8,3,0.9902895622656068,0.9902895622656068,Arkansas,Alabama,2,4,NA,290290008,2009-01-29
271,2,1:44,104,104,Foul on Anthony Brock,79,71,8,0,0.9911573457289029,0.9911573457289029,Arkansas,Alabama,2,4,NA,290290008,2009-01-29
272,2,1:44,104,104,Michael Sanchez made Free Throw.,80,71,9,0,0.9950784447461183,0.9950784447461183,Arkansas,Alabama,2,4,NA,290290008,2009-01-29
273,2,1:44,104,104,Michael Sanchez made Free Throw.,81,71,10,15,0.9972656072525596,0.9972656072525596,Arkansas,Alabama,2,4,NA,290290008,2009-01-29
274,2,1:29,89,89,Alonzo Gee made Two Point Jumper.,81,73,8,18,0.9947040426640813,0.9947040426640813,Arkansas,Alabama,2,4,NA,290290008,2009-01-29
275,2,1:11,71,71,Foul on Anthony Brock,81,73,8,0,0.9973125231327212,0.9973125231327212,Arkansas,Alabama,2,4,NA,290290008,2009-01-29
276,2,1:11,71,71,Courtney Fortson made Free Throw.,82,73,9,0,0.9987153956455938,0.9987153956455938,Arkansas,Alabama,2,4,NA,290290008,2009-01-29
277,2,1:11,71,71,Courtney Fortson made Free Throw.,83,73,10,16,0.9993864142441027,0.9993864142441027,Arkansas,Alabama,2,4,NA,290290008,2009-01-29
278,2,0:55,55,55,JaMychal Green made Two Point Dunk Shot.  Assisted by Mikhail Torrance.,83,75,8,2,0.9986284108405723,0.9986284108405723,Arkansas,Alabama,2,4,NA,290290008,2009-01-29
279,2,0:53,53,53,Foul on Mikhail Torrance,83,75,8,0,0.9987441166815605,0.9987441166815605,Arkansas,Alabama,2,4,NA,290290008,2009-01-29
280,2,0:53,53,53,Marcus Britt made Free Throw.,84,75,9,0,0.9994546252559033,0.9994546252559033,Arkansas,Alabama,2,4,NA,290290008,2009-01-29
281,2,0:53,53,53,Marcus Britt made Free Throw.,85,75,10,7,0.9997632630780706,0.9997632630780706,Arkansas,Alabama,2,4,NA,290290008,2009-01-29
282,2,0:46,46,46,Foul on Stefan Welsh,85,75,10,4,0.9998407206054769,0.9998407206054769,Arkansas,Alabama,2,4,NA,290290008,2009-01-29
283,2,0:42,42,42,Anthony Brock missed Three Point Jumper.,85,75,10,0,0.999873995906871,0.999873995906871,Arkansas,Alabama,2,4,NA,290290008,2009-01-29
284,2,0:42,42,42,Courtney Fortson Defensive Rebound.,85,75,10,5,0.999873995906871,0.999873995906871,Arkansas,Alabama,2,4,NA,290290008,2009-01-29
285,2,0:37,37,37,Foul on Alonzo Gee,85,75,10,0,0.9999067214808122,0.9999067214808122,Arkansas,Alabama,2,4,NA,290290008,2009-01-29
286,2,0:37,37,37,Courtney Fortson made Free Throw.,86,75,11,0,0.999963120217277,0.999963120217277,Arkansas,Alabama,2,4,NA,290290008,2009-01-29
287,2,0:37,37,37,Courtney Fortson made Free Throw.,87,75,12,5,0.9999854192368997,0.9999854192368997,Arkansas,Alabama,2,4,NA,290290008,2009-01-29
288,2,0:32,32,32,Mikhail Torrance missed Two Point Jumper.,87,75,12,0,0.9999899300971531,0.9999899300971531,Arkansas,Alabama,2,4,NA,290290008,2009-01-29
289,2,0:32,32,32,JaMychal Green Offensive Rebound.,87,75,12,5,0.9999899300971531,0.9999899300971531,Arkansas,Alabama,2,4,NA,290290008,2009-01-29
290,2,0:27,27,27,JaMychal Green made Two Point Layup.,87,77,10,1,0.9999500007185261,0.9999500007185261,Arkansas,Alabama,2,4,NA,290290008,2009-01-29
291,2,0:26,26,26,Foul on Senario Hillman,87,77,10,0,0.9999530884094572,0.9999530884094572,Arkansas,Alabama,2,4,NA,290290008,2009-01-29
292,2,0:26,26,26,Marcus Britt made Free Throw.,88,77,11,0,0.9999826849773006,0.9999826849773006,Arkansas,Alabama,2,4,NA,290290008,2009-01-29
293,2,0:26,26,26,Marcus Britt made Free Throw.,89,77,12,8,0.9999936091612062,0.9999936091612062,Arkansas,Alabama,2,4,NA,290290008,2009-01-29
294,2,0:18,18,18,Foul on Courtney Fortson,89,77,12,0,0.9999965824078055,0.9999965824078055,Arkansas,Alabama,2,4,NA,290290008,2009-01-29
295,2,0:18,18,18,JaMychal Green made Free Throw.,89,78,11,0,0.9999902446989487,0.9999902446989487,Arkansas,Alabama,2,4,NA,290290008,2009-01-29
296,2,0:18,18,18,JaMychal Green missed Free Throw.,89,78,11,0,0.9999902446989487,0.9999902446989487,Arkansas,Alabama,2,4,NA,290290008,2009-01-29
297,2,0:18,18,18,Alonzo Gee Offensive Rebound.,89,78,11,6,0.9999902446989487,0.9999902446989487,Arkansas,Alabama,2,4,NA,290290008,2009-01-29
298,2,0:12,12,12,Alonzo Gee made Two Point Jumper.,89,80,9,0,0.9999450812311699,0.9999450812311699,Arkansas,Alabama,2,4,NA,290290008,2009-01-29
299,2,0:12,12,12,Alabama 30 Second Timeout.,89,80,9,12,0.9999450812311699,0.9999450812311699,Arkansas,Alabama,1,4,NA,290290008,2009-01-29
300,2,0:00,0,0,End Game,89,80,9,0,1,1,Arkansas,Alabama,1,4,NA,290290008,2009-01-29
