play_id,half,time_remaining_half,secs_remaining,secs_remaining_absolute,description,home_score,away_score,score_diff,play_length,win_prob,naive_win_prob,home,away,home_time_out_remaining,away_time_out_remaining,home_favored_by,game_id,date
1,1,20:00,2400,2400,PLAY,0,0,0,23,0.8456090149741653,0.5,Valparaiso,Milwaukee,4,4,10.6,400945410,2017-03-04
2,1,19:37,2377,2377,Brett Prahl missed Layup.,0,0,0,0,0.8450947756871093,0.5,Valparaiso,Milwaukee,4,4,10.6,400945410,2017-03-04
3,1,19:37,2377,2377,Milwaukee Offensive Rebound.,0,0,0,30,0.8450947756871093,0.5,Valparaiso,Milwaukee,4,4,10.6,400945410,2017-03-04
4,1,19:07,2347,2347,Jeremy Johnson made Jumper. Assisted by Brett Prahl.,0,2,-2,32,0.8190942622611186,0.4548442812246321,Valparaiso,Milwaukee,4,4,10.6,400945410,2017-03-04
5,1,18:35,2315,2315,Tevonn Walker missed Jumper.,0,2,-2,0,0.8178037026200928,0.4541445652219872,Valparaiso,Milwaukee,4,4,10.6,400945410,2017-03-04
6,1,18:35,2315,2315,Cody Wichmann Defensive Rebound.,0,2,-2,33,0.8178037026200928,0.4541445652219872,Valparaiso,Milwaukee,4,4,10.6,400945410,2017-03-04
7,1,18:02,2282,2282,Brett Prahl missed Layup.,0,2,-2,0,0.8164219081204449,0.45341117649875384,Valparaiso,Milwaukee,4,4,10.6,400945410,2017-03-04
8,1,18:02,2282,2282,John Kiser Defensive Rebound.,0,2,-2,14,0.8164219081204449,0.45341117649875384,Valparaiso,Milwaukee,4,4,10.6,400945410,2017-03-04
9,1,17:48,2268,2268,Shane Hammink missed Dunk.,0,2,-2,0,0.8158197885837284,0.45309687598260123,Valparaiso,Milwaukee,4,4,10.6,400945410,2017-03-04
10,1,17:48,2268,2268,John Kiser Offensive Rebound.,0,2,-2,18,0.8158197885837284,0.45309687598260123,Valparaiso,Milwaukee,4,4,10.6,400945410,2017-03-04
11,1,17:30,2250,2250,Valparaiso  Turnover.,0,2,-2,9,0.8150315009629582,0.4526903320869115,Valparaiso,Milwaukee,4,4,10.6,400945410,2017-03-04
12,1,17:21,2241,2241,Cody Wichmann missed Three Point Jumper.,0,2,-2,0,0.8146313369867337,0.45248611667486166,Valparaiso,Milwaukee,4,4,10.6,400945410,2017-03-04
13,1,17:21,2241,2241,Tevonn Walker Defensive Rebound.,0,2,-2,14,0.8146313369867337,0.45248611667486166,Valparaiso,Milwaukee,4,4,10.6,400945410,2017-03-04
14,1,17:07,2227,2227,Foul on Jeremy Johnson.,0,2,-2,0,0.8140008053191522,0.4521673136698952,Valparaiso,Milwaukee,4,4,10.6,400945410,2017-03-04
15,1,17:07,2227,2227,Jaume Sorolla missed Free Throw.,0,2,-2,0,0.8140008053191522,0.4521673136698952,Valparaiso,Milwaukee,4,4,10.6,400945410,2017-03-04
16,1,17:07,2227,2227,Valparaiso Deadball Team Rebound.,0,2,-2,0,0.8140008053191522,0.4521673136698952,Valparaiso,Milwaukee,4,4,10.6,400945410,2017-03-04
17,1,17:07,2227,2227,Jaume Sorolla missed Free Throw.,0,2,-2,0,0.8140008053191522,0.4521673136698952,Valparaiso,Milwaukee,4,4,10.6,400945410,2017-03-04
18,1,17:07,2227,2227,Brett Prahl Defensive Rebound.,0,2,-2,10,0.8140008053191522,0.4521673136698952,Valparaiso,Milwaukee,4,4,10.6,400945410,2017-03-04
19,1,16:57,2217,2217,Foul on John Kiser.,0,2,-2,21,0.8135443755517714,0.45193882090682996,Valparaiso,Milwaukee,4,4,10.6,400945410,2017-03-04
20,1,16:36,2196,2196,Jeremy Johnson Turnover.,0,2,-2,9,0.8125692873801631,0.4514571366167739,Valparaiso,Milwaukee,4,4,10.6,400945410,2017-03-04
21,1,16:27,2187,2187,Lexus Williams Turnover.,0,2,-2,25,0.8121444482953325,0.451250027875351,Valparaiso,Milwaukee,4,4,10.6,400945410,2017-03-04
22,1,16:02,2162,2162,Cody Wichmann Turnover.,0,2,-2,20,0.81094219894836606,0.4506728879503894,Valparaiso,Milwaukee,4,4,10.6,400945410,2017-03-04
23,1,15:42,2142,2142,Foul on Jeremy Johnson.,0,2,-2,1,0.8099567877182707,0.45020821827645324,Valparaiso,Milwaukee,4,4,10.6,400945410,2017-03-04
24,1,15:41,2141,2141,John Kiser Turnover.,0,2,-2,0,0.8099069642565178,0.450184901425108,Valparaiso,Milwaukee,4,4,10.6,400945410,2017-03-04
25,1,15:41,2141,2141,August Haas Steal.,0,2,-2,0,0.8099069642565178,0.450184901425108,Valparaiso,Milwaukee,4,4,10.6,400945410,2017-03-04
26,1,15:41,2141,2141,Foul on Tevonn Walker.,0,2,-2,19,0.8099069642565178,0.450184901425108,Valparaiso,Milwaukee,4,4,10.6,400945410,2017-03-04
27,1,15:22,2122,2122,Cody Wichmann missed Three Point Jumper.,0,2,-2,0,0.8089502815011349,0.4497402875553294,Valparaiso,Milwaukee,4,4,10.6,400945410,2017-03-04
28,1,15:22,2122,2122,Bryce Nze Offensive Rebound.,0,2,-2,3,0.8089502815011349,0.4497402875553294,Valparaiso,Milwaukee,4,4,10.6,400945410,2017-03-04
29,1,15:19,2119,2119,Foul on John Kiser.,0,2,-2,16,0.8087974798225731,0.44966980006767543,Valparaiso,Milwaukee,4,4,10.6,400945410,2017-03-04
30,1,15:03,2103,2103,Cody Wichmann missed Three Point Jumper.,0,2,-2,0,0.807974468129435,0.4492924880609492,Valparaiso,Milwaukee,4,4,10.6,400945410,2017-03-04
31,1,15:03,2103,2103,Max Joseph Defensive Rebound.,0,2,-2,21,0.807974468129435,0.4492924880609492,Valparaiso,Milwaukee,4,4,10.6,400945410,2017-03-04
32,1,14:42,2082,2082,Foul on Max Joseph.,0,2,-2,0,0.80687357265272,0.4487935683174232,Valparaiso,Milwaukee,4,4,10.6,400945410,2017-03-04
33,1,14:42,2082,2082,Max Joseph Turnover.,0,2,-2,27,0.80687357265272,0.4487935683174232,Valparaiso,Milwaukee,4,4,10.6,400945410,2017-03-04
34,1,14:15,2055,2055,Brock Stull missed Layup.,0,2,-2,0,0.8054234375771471,0.4481454690334274,Valparaiso,Milwaukee,4,4,10.6,400945410,2017-03-04
35,1,14:15,2055,2055,Derrik Smits Block.,0,2,-2,3,0.8054234375771471,0.4481454690334274,Valparaiso,Milwaukee,4,4,10.6,400945410,2017-03-04
36,1,14:12,2052,2052,Derrik Smits Defensive Rebound.,0,2,-2,16,0.8052598915692004,0.44807297189182055,Valparaiso,Milwaukee,4,4,10.6,400945410,2017-03-04
37,1,13:56,2036,2036,Micah Bradford missed Three Point Jumper.,0,2,-2,0,0.8043794405589664,0.44768460051119835,Valparaiso,Milwaukee,4,4,10.6,400945410,2017-03-04
38,1,13:56,2036,2036,Derrik Smits Offensive Rebound.,0,2,-2,4,0.8043794405589664,0.44768460051119835,Valparaiso,Milwaukee,4,4,10.6,400945410,2017-03-04
39,1,13:52,2032,2032,Foul on Bryce Nze.,0,2,-2,11,0.8041571642084242,0.44758704479099776,Valparaiso,Milwaukee,4,4,10.6,400945410,2017-03-04
40,1,13:41,2021,2021,Micah Bradford missed Three Point Jumper.,0,2,-2,0,0.8035414300225434,0.4473177833885138,Valparaiso,Milwaukee,4,4,10.6,400945410,2017-03-04
41,1,13:41,2021,2021,Bryce Nze Defensive Rebound.,0,2,-2,9,0.8035414300225434,0.4473177833885138,Valparaiso,Milwaukee,4,4,10.6,400945410,2017-03-04
42,1,13:32,2012,2012,Jeremiah Bell made Layup.,0,4,-4,19,0.7672679973102715,0.3953641799254241,Valparaiso,Milwaukee,4,4,10.6,400945410,2017-03-04
43,1,13:13,1993,1993,Foul on Brock Stull.,0,4,-4,12,0.7656980684061244,0.39445397344799726,Valparaiso,Milwaukee,4,4,10.6,400945410,2017-03-04
44,1,13:01,1981,1981,Nick Davidson made Three Point Jumper. Assisted by Max Joseph.,3,4,-1,31,0.8178530279818612,0.4730851716124837,Valparaiso,Milwaukee,4,4,10.6,400945410,2017-03-04
45,1,12:30,1950,1950,Jeremiah Bell Turnover.,3,4,-1,12,0.8163704988293117,0.4726899404581429,Valparaiso,Milwaukee,4,4,10.6,400945410,2017-03-04
46,1,12:18,1938,1938,Shane Hammink Turnover.,3,4,-1,2,0.8157851209472117,0.4725350508553408,Valparaiso,Milwaukee,4,4,10.6,400945410,2017-03-04
47,1,12:16,1936,1936,Bryce Barnes Steal.,3,4,-1,8,0.8156869345079019,0.47250912941693224,Valparaiso,Milwaukee,4,4,10.6,400945410,2017-03-04
48,1,12:08,1928,1928,Jeremiah Bell missed Three Point Jumper.,3,4,-1,0,0.8152923889939986,0.4724051551939024,Valparaiso,Milwaukee,4,4,10.6,400945410,2017-03-04
49,1,12:08,1928,1928,Shane Hammink Defensive Rebound.,3,4,-1,10,0.8152923889939986,0.4724051551939024,Valparaiso,Milwaukee,4,4,10.6,400945410,2017-03-04
50,1,11:58,1918,1918,Shane Hammink Turnover.,3,4,-1,2,0.8147945708869085,0.4722751693621137,Valparaiso,Milwaukee,4,4,10.6,400945410,2017-03-04
51,1,11:56,1916,1916,Jeremiah Bell Steal.,3,4,-1,4,0.8146943633597886,0.4722491952868305,Valparaiso,Milwaukee,4,4,10.6,400945410,2017-03-04
52,1,11:52,1912,1912,Jeremiah Bell missed Layup.,3,4,-1,0,0.8144933067460413,0.472197265256179,Valparaiso,Milwaukee,4,4,10.6,400945410,2017-03-04
53,1,11:52,1912,1912,Shane Hammink Block.,3,4,-1,3,0.8144933067460413,0.472197265256179,Valparaiso,Milwaukee,4,4,10.6,400945410,2017-03-04
54,1,11:49,1909,1909,Max Joseph Defensive Rebound.,3,4,-1,22,0.814341954080235,0.4721583311415061,Valparaiso,Milwaukee,4,4,10.6,400945410,2017-03-04
55,1,11:27,1887,1887,Derrik Smits missed Jumper.,3,4,-1,0,0.81321746091211,0.4718729590160034,Valparaiso,Milwaukee,4,4,10.6,400945410,2017-03-04
56,1,11:27,1887,1887,Cody Wichmann Defensive Rebound.,3,4,-1,31,0.81321746091211,0.4718729590160034,Valparaiso,Milwaukee,4,4,10.6,400945410,2017-03-04
57,1,10:56,1856,1856,Jeremiah Bell missed Three Point Jumper.,3,4,-1,0,0.8115899874351427,0.4714700853215193,Valparaiso,Milwaukee,4,4,10.6,400945410,2017-03-04
58,1,10:56,1856,1856,Derrik Smits Defensive Rebound.,3,4,-1,24,0.8115899874351427,0.4714700853215193,Valparaiso,Milwaukee,4,4,10.6,400945410,2017-03-04
59,1,10:32,1832,1832,Shane Hammink missed Three Point Jumper.,3,4,-1,0,0.8102961397293905,0.4711562587091964,Valparaiso,Milwaukee,4,4,10.6,400945410,2017-03-04
60,1,10:32,1832,1832,Max Joseph Offensive Rebound.,3,4,-1,19,0.8102961397293905,0.4711562587091964,Valparaiso,Milwaukee,4,4,10.6,400945410,2017-03-04
61,1,10:13,1813,1813,Derrik Smits missed Layup.,3,4,-1,0,0.8092512744166116,0.47090583954998644,Valparaiso,Milwaukee,4,4,10.6,400945410,2017-03-04
62,1,10:13,1813,1813,Derrik Smits Offensive Rebound.,3,4,-1,3,0.8092512744166116,0.47090583954998644,Valparaiso,Milwaukee,4,4,10.6,400945410,2017-03-04
63,1,10:10,1810,1810,Foul on Bryce Nze.,3,4,-1,0,0.8090846541469002,0.470866101029719,Valparaiso,Milwaukee,4,4,10.6,400945410,2017-03-04
64,1,10:10,1810,1810,Official TV Timeout,3,4,-1,0,0.8090846541469002,0.470866101029719,Valparaiso,Milwaukee,4,4,10.6,400945410,2017-03-04
65,1,10:10,1810,1810,Derrik Smits missed Free Throw.,3,4,-1,0,0.8090846541469002,0.470866101029719,Valparaiso,Milwaukee,4,4,10.6,400945410,2017-03-04
66,1,10:10,1810,1810,Valparaiso Deadball Team Rebound.,3,4,-1,0,0.8090846541469002,0.470866101029719,Valparaiso,Milwaukee,4,4,10.6,400945410,2017-03-04
67,1,10:10,1810,1810,Derrik Smits missed Free Throw.,3,4,-1,0,0.8090846541469002,0.470866101029719,Valparaiso,Milwaukee,4,4,10.6,400945410,2017-03-04
68,1,10:10,1810,1810,Cody Wichmann Defensive Rebound.,3,4,-1,15,0.8090846541469002,0.470866101029719,Valparaiso,Milwaukee,4,4,10.6,400945410,2017-03-04
69,1,9:55,1795,1795,Brett Prahl made Layup.,3,6,-3,0,0.7691837673404117,0.4127988323161505,Valparaiso,Milwaukee,4,4,10.6,400945410,2017-03-04
70,1,9:55,1795,1795,Foul on Derrik Smits.,3,6,-3,0,0.7691837673404117,0.4127988323161505,Valparaiso,Milwaukee,4,4,10.6,400945410,2017-03-04
71,1,9:55,1795,1795,Brett Prahl made Free Throw.,3,7,-4,14,0.7476728430082988,0.38464556779568737,Valparaiso,Milwaukee,4,4,10.6,400945410,2017-03-04
72,1,9:41,1781,1781,Tevonn Walker missed Three Point Jumper.,3,7,-4,0,0.7462788228026936,0.3839317117299906,Valparaiso,Milwaukee,4,4,10.6,400945410,2017-03-04
73,1,9:41,1781,1781,Cody Wichmann Defensive Rebound.,3,7,-4,32,0.7462788228026936,0.3839317117299906,Valparaiso,Milwaukee,4,4,10.6,400945410,2017-03-04
74,1,9:09,1749,1749,Jeremiah Bell missed Three Point Jumper.,3,7,-4,0,0.7430259134774674,0.38227562270206356,Valparaiso,Milwaukee,4,4,10.6,400945410,2017-03-04
75,1,9:09,1749,1749,Jaume Sorolla Defensive Rebound.,3,7,-4,18,0.7430259134774674,0.38227562270206356,Valparaiso,Milwaukee,4,4,10.6,400945410,2017-03-04
76,1,8:51,1731,1731,Foul on Brett Prahl.,3,7,-4,16,0.7411540618145475,0.38132638244792155,Valparaiso,Milwaukee,4,4,10.6,400945410,2017-03-04
77,1,8:35,1715,1715,Jaume Sorolla missed Jumper.,3,7,-4,0,0.7394638768382006,0.3804702083098148,Valparaiso,Milwaukee,4,4,10.6,400945410,2017-03-04
78,1,8:35,1715,1715,Brock Stull Defensive Rebound.,3,7,-4,19,0.7394638768382006,0.3804702083098148,Valparaiso,Milwaukee,4,4,10.6,400945410,2017-03-04
79,1,8:16,1696,1696,Cameron Harvey made Jumper.,3,9,-6,17,0.6871118114140762,0.3234613465142708,Valparaiso,Milwaukee,4,4,10.6,400945410,2017-03-04
80,1,7:59,1679,1679,Max Joseph made Three Point Jumper. Assisted by Nick Davidson.,6,9,-3,31,0.7589704275842999,0.408075344540222,Valparaiso,Milwaukee,4,4,10.6,400945410,2017-03-04
81,1,7:28,1648,1648,Brock Stull missed Jumper.,6,9,-3,0,0.756065462727832,0.4068051340231543,Valparaiso,Milwaukee,4,4,10.6,400945410,2017-03-04
82,1,7:28,1648,1648,Lexus Williams Defensive Rebound.,6,9,-3,9,0.756065462727832,0.4068051340231543,Valparaiso,Milwaukee,4,4,10.6,400945410,2017-03-04
83,1,7:19,1639,1639,Tevonn Walker made Jumper. Assisted by Max Joseph.,8,9,-1,23,0.7988374093917258,0.46848475159592495,Valparaiso,Milwaukee,4,4,10.6,400945410,2017-03-04
84,1,6:56,1616,1616,August Haas Turnover.,8,9,-1,1,0.7973162361163882,0.4681705229978664,Valparaiso,Milwaukee,4,4,10.6,400945410,2017-03-04
85,1,6:55,1615,1615,Nick Davidson Steal.,8,9,-1,7,0.7972492629760469,0.4681569280907135,Valparaiso,Milwaukee,4,4,10.6,400945410,2017-03-04
86,1,6:48,1608,1608,Jaume Sorolla missed Jumper.,8,9,-1,0,0.7967785766167969,0.4680618410972221,Valparaiso,Milwaukee,4,4,10.6,400945410,2017-03-04
87,1,6:48,1608,1608,Brock Stull Defensive Rebound.,8,9,-1,32,0.7967785766167969,0.4680618410972221,Valparaiso,Milwaukee,4,4,10.6,400945410,2017-03-04
88,1,6:16,1576,1576,Jeremiah Bell missed Jumper.,8,9,-1,0,0.7945872688780713,0.46762659729917844,Valparaiso,Milwaukee,4,4,10.6,400945410,2017-03-04
89,1,6:16,1576,1576,Jaume Sorolla Defensive Rebound.,8,9,-1,18,0.7945872688780713,0.46762659729917844,Valparaiso,Milwaukee,4,4,10.6,400945410,2017-03-04
90,1,5:58,1558,1558,Lexus Williams missed Three Point Jumper.,8,9,-1,0,0.7933283689435601,0.4673790215152715,Valparaiso,Milwaukee,4,4,10.6,400945410,2017-03-04
91,1,5:58,1558,1558,Brock Stull Defensive Rebound.,8,9,-1,11,0.7933283689435601,0.4673790215152715,Valparaiso,Milwaukee,4,4,10.6,400945410,2017-03-04
92,1,5:47,1547,1547,Cameron Harvey made Three Point Jumper. Assisted by Brett Prahl.,8,12,-4,28,0.7204136733494965,0.3716513033945313,Valparaiso,Milwaukee,4,4,10.6,400945410,2017-03-04
93,1,5:19,1519,1519,Nick Davidson missed Layup.,8,12,-4,0,0.7169835552606234,0.3701548322151836,Valparaiso,Milwaukee,4,4,10.6,400945410,2017-03-04
94,1,5:19,1519,1519,Jaume Sorolla Offensive Rebound.,8,12,-4,3,0.7169835552606234,0.3701548322151836,Valparaiso,Milwaukee,4,4,10.6,400945410,2017-03-04
95,1,5:16,1516,1516,Jaume Sorolla missed Layup.,8,12,-4,0,0.7166107084944772,0.3699910200156768,Valparaiso,Milwaukee,4,4,10.6,400945410,2017-03-04
96,1,5:16,1516,1516,Jaume Sorolla Offensive Rebound.,8,12,-4,4,0.7166107084944772,0.3699910200156768,Valparaiso,Milwaukee,4,4,10.6,400945410,2017-03-04
97,1,5:12,1512,1512,Jaume Sorolla missed Layup.,8,12,-4,0,0.7161119154320299,0.36977139179168356,Valparaiso,Milwaukee,4,4,10.6,400945410,2017-03-04
98,1,5:12,1512,1512,Cameron Harvey Defensive Rebound.,8,12,-4,27,0.7161119154320299,0.36977139179168356,Valparaiso,Milwaukee,4,4,10.6,400945410,2017-03-04
99,1,4:45,1485,1485,Foul on Max Joseph.,8,12,-4,0,0.71269361055888,0.3682478901347292,Valparaiso,Milwaukee,4,4,10.6,400945410,2017-03-04
100,1,4:45,1485,1485,Official TV Timeout,8,12,-4,11,0.71269361055888,0.3682478901347292,Valparaiso,Milwaukee,4,4,10.6,400945410,2017-03-04
101,1,4:34,1474,1474,Brett Prahl missed Jumper.,8,12,-4,0,0.7112742084659903,0.3676037832054188,Valparaiso,Milwaukee,4,4,10.6,400945410,2017-03-04
102,1,4:34,1474,1474,Shane Hammink Defensive Rebound.,8,12,-4,19,0.7112742084659903,0.3676037832054188,Valparaiso,Milwaukee,4,4,10.6,400945410,2017-03-04
103,1,4:15,1455,1455,Derrik Smits Turnover.,8,12,-4,13,0.7087840289065788,0.3664538835096488,Valparaiso,Milwaukee,4,4,10.6,400945410,2017-03-04
104,1,4:02,1442,1442,August Haas missed Three Point Jumper.,8,12,-4,0,0.7070561035587787,0.3656465167977244,Valparaiso,Milwaukee,4,4,10.6,400945410,2017-03-04
105,1,4:02,1442,1442,Tevonn Walker Defensive Rebound.,8,12,-4,11,0.7070561035587787,0.3656465167977244,Valparaiso,Milwaukee,4,4,10.6,400945410,2017-03-04
106,1,3:51,1431,1431,Tevonn Walker made Layup.,10,12,-2,20,0.7596914695251547,0.4312113224457935,Valparaiso,Milwaukee,4,4,10.6,400945410,2017-03-04
107,1,3:31,1411,1411,Cody Wichmann missed Jumper.,10,12,-2,0,0.7578189647392595,0.43058621182609685,Valparaiso,Milwaukee,4,4,10.6,400945410,2017-03-04
108,1,3:31,1411,1411,Tevonn Walker Defensive Rebound.,10,12,-2,7,0.7578189647392595,0.43058621182609685,Valparaiso,Milwaukee,4,4,10.6,400945410,2017-03-04
109,1,3:24,1404,1404,Nick Davidson Turnover.,10,12,-2,2,0.7571591521621228,0.4303716241730649,Valparaiso,Milwaukee,4,4,10.6,400945410,2017-03-04
110,1,3:22,1402,1402,Brock Stull Steal.,10,12,-2,4,0.7569701809060146,0.43031062939964254,Valparaiso,Milwaukee,4,4,10.6,400945410,2017-03-04
111,1,3:18,1398,1398,Cody Wichmann made Layup. Assisted by Brock Stull.,10,14,-4,2,0.7011967035369987,0.36304780850275326,Valparaiso,Milwaukee,4,4,10.6,400945410,2017-03-04
112,1,3:16,1396,1396,Official TV Timeout,10,14,-4,23,0.7009291517639483,0.3629334043478855,Valparaiso,Milwaukee,4,4,10.6,400945410,2017-03-04
113,1,2:53,1373,1373,Micah Bradford missed Layup.,10,14,-4,0,0.6978367780636059,0.3616288897924611,Valparaiso,Milwaukee,4,4,10.6,400945410,2017-03-04
114,1,2:53,1373,1373,Derrik Smits Offensive Rebound.,10,14,-4,2,0.6978367780636059,0.3616288897924611,Valparaiso,Milwaukee,4,4,10.6,400945410,2017-03-04
115,1,2:51,1371,1371,Foul on Cody Wichmann.,10,14,-4,0,0.6975662509515814,0.3615160117646235,Valparaiso,Milwaukee,4,4,10.6,400945410,2017-03-04
116,1,2:51,1371,1371,Derrik Smits missed Free Throw.,10,14,-4,0,0.6975662509515814,0.3615160117646235,Valparaiso,Milwaukee,4,4,10.6,400945410,2017-03-04
117,1,2:51,1371,1371,Brett Prahl Defensive Rebound.,10,14,-4,17,0.6975662509515814,0.3615160117646235,Valparaiso,Milwaukee,4,4,10.6,400945410,2017-03-04
118,1,2:34,1354,1354,Cameron Harvey Turnover.,10,14,-4,12,0.6952534816889168,0.3605560446326711,Valparaiso,Milwaukee,4,4,10.6,400945410,2017-03-04
119,1,2:22,1342,1342,Shane Hammink Turnover.,10,14,-4,2,0.6936043728117197,0.3598746225346102,Valparaiso,Milwaukee,4,4,10.6,400945410,2017-03-04
120,1,2:20,1340,1340,August Haas Steal.,10,14,-4,3,0.6933280061065676,0.3597604852544776,Valparaiso,Milwaukee,4,4,10.6,400945410,2017-03-04
121,1,2:17,1337,1337,Foul on Micah Bradford.,10,14,-4,0,0.6929125903222612,0.3595888990340697,Valparaiso,Milwaukee,4,4,10.6,400945410,2017-03-04
122,1,2:17,1337,1337,Brock Stull made Free Throw.,10,15,-5,0,0.6613876553289597,0.3270768213572879,Valparaiso,Milwaukee,4,4,10.6,400945410,2017-03-04
123,1,2:17,1337,1337,Brock Stull made Free Throw.,10,16,-6,10,0.6283621907181361,0.2961449675663771,Valparaiso,Milwaukee,4,4,10.6,400945410,2017-03-04
124,1,2:07,1327,1327,Micah Bradford Turnover.,10,16,-6,1,0.6265418662977923,0.29536346290003196,Valparaiso,Milwaukee,4,4,10.6,400945410,2017-03-04
125,1,2:06,1326,1326,Valparaiso  Timeout,10,16,-6,14,0.6263588737205239,0.29528484013865325,Valparaiso,Milwaukee,3,4,10.6,400945410,2017-03-04
126,1,1:52,1312,1312,Cody Wichmann missed Three Point Jumper.,10,16,-6,0,0.623776619528228,0.2941730020995604,Valparaiso,Milwaukee,3,4,10.6,400945410,2017-03-04
127,1,1:52,1312,1312,Lexus Williams Defensive Rebound.,10,16,-6,25,0.623776619528228,0.2941730020995604,Valparaiso,Milwaukee,3,4,10.6,400945410,2017-03-04
128,1,1:27,1287,1287,Lexus Williams Turnover.,10,16,-6,1,0.6190557353817469,0.29212046569890726,Valparaiso,Milwaukee,3,4,10.6,400945410,2017-03-04
129,1,1:26,1286,1286,Brett Prahl Steal.,10,16,-6,16,0.6188635662501417,0.29203616476136535,Valparaiso,Milwaukee,3,4,10.6,400945410,2017-03-04
130,1,1:10,1270,1270,Brock Stull missed Three Point Jumper.,10,16,-6,0,0.6157494611260543,0.29065988718517793,Valparaiso,Milwaukee,3,4,10.6,400945410,2017-03-04
131,1,1:10,1270,1270,Tevonn Walker Defensive Rebound.,10,16,-6,20,0.6157494611260543,0.29065988718517793,Valparaiso,Milwaukee,3,4,10.6,400945410,2017-03-04
132,1,0:50,1250,1250,Derrik Smits made Layup.,12,16,-4,18,0.6802573356425257,0.35419976786628665,Valparaiso,Milwaukee,3,4,10.6,400945410,2017-03-04
133,1,0:32,1232,1232,Brock Stull missed Jumper.,12,16,-4,0,0.6774467790179292,0.3529248315731932,Valparaiso,Milwaukee,3,4,10.6,400945410,2017-03-04
134,1,0:32,1232,1232,Derrik Smits Defensive Rebound.,12,16,-4,31,0.6774467790179292,0.3529248315731932,Valparaiso,Milwaukee,3,4,10.6,400945410,2017-03-04
135,1,0:01,1201,1201,Nick Davidson Turnover.,12,16,-4,0,0.672423390884706,0.35055922478285695,Valparaiso,Milwaukee,3,4,10.6,400945410,2017-03-04
136,1,0:01,1201,1201,Brock Stull Steal.,12,16,-4,1,0.672423390884706,0.35055922478285695,Valparaiso,Milwaukee,3,4,10.6,400945410,2017-03-04
137,1,0:00,1200,1200,End of 1st half,12,16,-4,0,0.6722605259406832,0.3504822574627354,Valparaiso,Milwaukee,3,4,10.6,400945410,2017-03-04
138,2,20:00,1200,1200,PLAY,12,16,-4,14,0.6722605259406832,0.3504822574627354,Valparaiso,Milwaukee,4,4,10.6,400945410,2017-03-04
139,2,19:46,1186,1186,Brett Prahl made Layup. Assisted by Cody Wichmann.,12,18,-6,18,0.5980554702896967,0.28244179701139616,Valparaiso,Milwaukee,4,4,10.6,400945410,2017-03-04
140,2,19:28,1168,1168,Shane Hammink missed Jumper.,12,18,-6,0,0.5942200565123713,0.2806649560319863,Valparaiso,Milwaukee,4,4,10.6,400945410,2017-03-04
141,2,19:28,1168,1168,Jaume Sorolla Offensive Rebound.,12,18,-6,1,0.5942200565123713,0.2806649560319863,Valparaiso,Milwaukee,4,4,10.6,400945410,2017-03-04
142,2,19:27,1167,1167,Foul on Brett Prahl.,12,18,-6,5,0.5940082681227603,0.28056754742086115,Valparaiso,Milwaukee,4,4,10.6,400945410,2017-03-04
143,2,19:22,1162,1162,Tevonn Walker missed Layup.,12,18,-6,0,0.5929508256913301,0.2800821596606147,Valparaiso,Milwaukee,4,4,10.6,400945410,2017-03-04
144,2,19:22,1162,1162,Cody Wichmann Defensive Rebound.,12,18,-6,27,0.5929508256913301,0.2800821596606147,Valparaiso,Milwaukee,4,4,10.6,400945410,2017-03-04
145,2,18:55,1135,1135,Cody Wichmann Turnover.,12,18,-6,12,0.5872623361425561,0.2774928755529162,Valparaiso,Milwaukee,4,4,10.6,400945410,2017-03-04
146,2,18:43,1123,1123,Shane Hammink missed Three Point Jumper.,12,18,-6,0,0.5847302371285749,0.2763479638353914,Valparaiso,Milwaukee,4,4,10.6,400945410,2017-03-04
147,2,18:43,1123,1123,Jeremy Johnson Defensive Rebound.,12,18,-6,26,0.5847302371285749,0.2763479638353914,Valparaiso,Milwaukee,4,4,10.6,400945410,2017-03-04
148,2,18:17,1097,1097,Brock Stull Turnover.,12,18,-6,3,0.5791865419067688,0.2738448659586592,Valparaiso,Milwaukee,4,4,10.6,400945410,2017-03-04
149,2,18:14,1094,1094,John Kiser Steal.,12,18,-6,2,0.5785390595836782,0.2735521614211906,Valparaiso,Milwaukee,4,4,10.6,400945410,2017-03-04
150,2,18:12,1092,1092,John Kiser made Layup.,14,18,-4,22,0.654954791357233,0.3425900900830488,Valparaiso,Milwaukee,4,4,10.6,400945410,2017-03-04
151,2,17:50,1070,1070,Brock Stull missed Jumper.,14,18,-4,0,0.6513089633040301,0.34093020053475304,Valparaiso,Milwaukee,4,4,10.6,400945410,2017-03-04
152,2,17:50,1070,1070,Lexus Williams Defensive Rebound.,14,18,-4,27,0.6513089633040301,0.34093020053475304,Valparaiso,Milwaukee,4,4,10.6,400945410,2017-03-04
153,2,17:23,1043,1043,Tevonn Walker made Jumper.,16,18,-2,32,0.7188552672419029,0.41718081357292236,Valparaiso,Milwaukee,4,4,10.6,400945410,2017-03-04
154,2,16:51,1011,1011,Cody Wichmann made Three Point Jumper. Assisted by August Haas.,16,21,-5,25,0.60080183612793,0.29915742550330054,Valparaiso,Milwaukee,4,4,10.6,400945410,2017-03-04
155,2,16:26,986,986,Tevonn Walker missed Layup.,16,21,-5,0,0.5951117869868732,0.29638363519296423,Valparaiso,Milwaukee,4,4,10.6,400945410,2017-03-04
156,2,16:26,986,986,Cody Wichmann Defensive Rebound.,16,21,-5,1,0.5951117869868732,0.29638363519296423,Valparaiso,Milwaukee,4,4,10.6,400945410,2017-03-04
157,2,16:25,985,985,Foul on Tevonn Walker.,16,21,-5,9,0.5948762911398993,0.29626764366124836,Valparaiso,Milwaukee,4,4,10.6,400945410,2017-03-04
158,2,16:16,976,976,Cody Wichmann missed Layup.,16,21,-5,0,0.5927272996047566,0.2952049312853515,Valparaiso,Milwaukee,4,4,10.6,400945410,2017-03-04
159,2,16:16,976,976,Bryce Nze Offensive Rebound.,16,21,-5,14,0.5927272996047566,0.2952049312853515,Valparaiso,Milwaukee,4,4,10.6,400945410,2017-03-04
160,2,16:02,962,962,Jeremy Johnson missed Three Point Jumper.,16,21,-5,0,0.5893328746791693,0.2935195583688833,Valparaiso,Milwaukee,4,4,10.6,400945410,2017-03-04
161,2,16:02,962,962,John Kiser Defensive Rebound.,16,21,-5,4,0.5893328746791693,0.2935195583688833,Valparaiso,Milwaukee,4,4,10.6,400945410,2017-03-04
162,2,15:58,958,958,Foul on Bryce Nze.,16,21,-5,8,0.5883934326860654,0.29305768062971044,Valparaiso,Milwaukee,4,4,10.6,400945410,2017-03-04
163,2,15:50,950,950,Shane Hammink made Three Point Jumper. Assisted by Lexus Williams.,19,21,-2,18,0.7069693142684682,0.4124231468916144,Valparaiso,Milwaukee,4,4,10.6,400945410,2017-03-04
164,2,15:32,932,932,Bryce Nze made Layup. Assisted by August Haas.,19,23,-4,24,0.6253821412625526,0.3284521697111317,Valparaiso,Milwaukee,4,4,10.6,400945410,2017-03-04
165,2,15:08,908,908,Lexus Williams Turnover.,19,23,-4,0,0.6211968300043668,0.32648480989425627,Valparaiso,Milwaukee,4,4,10.6,400945410,2017-03-04
166,2,15:08,908,908,Official TV Timeout,19,23,-4,22,0.6211968300043668,0.32648480989425627,Valparaiso,Milwaukee,4,4,10.6,400945410,2017-03-04
167,2,14:46,886,886,August Haas Turnover.,19,23,-4,10,0.617517081583702,0.32478087679900375,Valparaiso,Milwaukee,4,4,10.6,400945410,2017-03-04
168,2,14:36,876,876,Tevonn Walker made Jumper.,21,23,-2,19,0.698403054641164,0.40910006792894604,Valparaiso,Milwaukee,4,4,10.6,400945410,2017-03-04
169,2,14:17,857,857,Foul on Max Joseph.,21,23,-2,24,0.6962879728069346,0.40828954898838804,Valparaiso,Milwaukee,4,4,10.6,400945410,2017-03-04
170,2,13:53,833,833,Bryce Barnes made Jumper.,21,25,-4,26,0.6085430160075987,0.3206031525045181,Valparaiso,Milwaukee,4,4,10.6,400945410,2017-03-04
171,2,13:27,807,807,Shane Hammink made Layup.,23,25,-2,23,0.6903454250670901,0.40592100105495804,Valparaiso,Milwaukee,4,4,10.6,400945410,2017-03-04
172,2,13:04,784,784,Brett Prahl made Layup.,23,27,-4,27,0.5989389953026868,0.3159335254786994,Valparaiso,Milwaukee,4,4,10.6,400945410,2017-03-04
173,2,12:37,757,757,Foul on Brett Prahl.,23,27,-4,9,0.5925982270334595,0.31273136118270706,Valparaiso,Milwaukee,4,4,10.6,400945410,2017-03-04
174,2,12:28,748,748,Micah Bradford made Three Point Jumper. Assisted by Derrik Smits.,26,27,-1,21,0.723076644835054,0.4506020341242074,Valparaiso,Milwaukee,4,4,10.6,400945410,2017-03-04
175,2,12:07,727,727,Cody Wichmann missed Three Point Jumper.,26,27,-1,0,0.7203248236486084,0.4497136577077934,Valparaiso,Milwaukee,4,4,10.6,400945410,2017-03-04
176,2,12:07,727,727,Max Joseph Defensive Rebound.,26,27,-1,14,0.7203248236486084,0.4497136577077934,Valparaiso,Milwaukee,4,4,10.6,400945410,2017-03-04
177,2,11:53,713,713,Shane Hammink missed Three Point Jumper.,26,27,-1,0,0.718482446513238,0.44913456968997295,Valparaiso,Milwaukee,4,4,10.6,400945410,2017-03-04
178,2,11:53,713,713,Cody Wichmann Defensive Rebound.,26,27,-1,26,0.718482446513238,0.44913456968997295,Valparaiso,Milwaukee,4,4,10.6,400945410,2017-03-04
179,2,11:27,687,687,Foul on Derrik Smits.,26,27,-1,0,0.7152392962381605,0.4481851582846728,Valparaiso,Milwaukee,4,4,10.6,400945410,2017-03-04
180,2,11:27,687,687,Official TV Timeout,26,27,-1,19,0.7152392962381605,0.4481851582846728,Valparaiso,Milwaukee,4,4,10.6,400945410,2017-03-04
181,2,11:08,668,668,Cameron Harvey missed Three Point Jumper.,26,27,-1,0,0.7129387570692233,0.4475490744229892,Valparaiso,Milwaukee,4,4,10.6,400945410,2017-03-04
182,2,11:08,668,668,Max Joseph Defensive Rebound.,26,27,-1,22,0.7129387570692233,0.4475490744229892,Valparaiso,Milwaukee,4,4,10.6,400945410,2017-03-04
183,2,10:46,646,646,John Kiser made Layup. Assisted by Jaume Sorolla.,28,27,1,23,0.7897938957213814,0.5531814756481493,Valparaiso,Milwaukee,4,4,10.6,400945410,2017-03-04
184,2,10:23,623,623,Bryce Barnes missed Layup.,28,27,1,0,0.7885260029302549,0.5539985041462944,Valparaiso,Milwaukee,4,4,10.6,400945410,2017-03-04
185,2,10:23,623,623,Bryce Nze Offensive Rebound.,28,27,1,4,0.7885260029302549,0.5539985041462944,Valparaiso,Milwaukee,4,4,10.6,400945410,2017-03-04
186,2,10:19,619,619,Bryce Nze made Two Point Tip Shot.,28,29,-1,13,0.7067828543722633,0.4458490471778671,Valparaiso,Milwaukee,4,4,10.6,400945410,2017-03-04
187,2,10:06,606,606,Micah Bradford Turnover.,28,29,-1,23,0.7049899860614117,0.44532439021673725,Valparaiso,Milwaukee,4,4,10.6,400945410,2017-03-04
188,2,9:43,583,583,Bryce Nze missed Layup.,28,29,-1,0,0.7015367174722263,0.4442568036314174,Valparaiso,Milwaukee,4,4,10.6,400945410,2017-03-04
189,2,9:43,583,583,Jeremiah Bell Offensive Rebound.,28,29,-1,6,0.7015367174722263,0.4442568036314174,Valparaiso,Milwaukee,4,4,10.6,400945410,2017-03-04
190,2,9:37,577,577,Brock Stull missed Layup.,28,29,-1,0,0.7005642446991727,0.44394241950673563,Valparaiso,Milwaukee,4,4,10.6,400945410,2017-03-04
191,2,9:37,577,577,Jaume Sorolla Block.,28,29,-1,2,0.7005642446991727,0.44394241950673563,Valparaiso,Milwaukee,4,4,10.6,400945410,2017-03-04
192,2,9:35,575,575,Milwaukee Offensive Rebound.,28,29,-1,25,0.7002326393299898,0.443833877882457,Valparaiso,Milwaukee,4,4,10.6,400945410,2017-03-04
193,2,9:10,550,550,Jeremiah Bell made Three Point Jumper. Assisted by Bryce Barnes.,28,32,-4,24,0.5328410652230735,0.2834631540779841,Valparaiso,Milwaukee,4,4,10.6,400945410,2017-03-04
194,2,8:46,526,526,Micah Bradford missed Three Point Jumper.,28,32,-4,0,0.5233422618610987,0.2787418516299912,Valparaiso,Milwaukee,4,4,10.6,400945410,2017-03-04
195,2,8:46,526,526,Cameron Harvey Defensive Rebound.,28,32,-4,33,0.5233422618610987,0.2787418516299912,Valparaiso,Milwaukee,4,4,10.6,400945410,2017-03-04
196,2,8:13,493,493,Jeremiah Bell missed Jumper.,28,32,-4,0,0.5117722501233547,0.27337925382392736,Valparaiso,Milwaukee,4,4,10.6,400945410,2017-03-04
197,2,8:13,493,493,John Kiser Block.,28,32,-4,3,0.5117722501233547,0.27337925382392736,Valparaiso,Milwaukee,4,4,10.6,400945410,2017-03-04
198,2,8:10,490,490,Max Joseph Defensive Rebound.,28,32,-4,5,0.5107045249573099,0.2728881198700366,Valparaiso,Milwaukee,4,4,10.6,400945410,2017-03-04
199,2,8:05,485,485,Max Joseph missed Jumper.,28,32,-4,0,0.5088933108813347,0.2720513129941554,Valparaiso,Milwaukee,4,4,10.6,400945410,2017-03-04
200,2,8:05,485,485,John Kiser Offensive Rebound.,28,32,-4,12,0.5088933108813347,0.2720513129941554,Valparaiso,Milwaukee,4,4,10.6,400945410,2017-03-04
201,2,7:53,473,473,Tevonn Walker missed Three Point Jumper.,28,32,-4,0,0.5043206789288872,0.2699087249685617,Valparaiso,Milwaukee,4,4,10.6,400945410,2017-03-04
202,2,7:53,473,473,Cody Wichmann Defensive Rebound.,28,32,-4,4,0.5043206789288872,0.2699087249685617,Valparaiso,Milwaukee,4,4,10.6,400945410,2017-03-04
203,2,7:49,469,469,Foul on Shane Hammink.,28,32,-4,0,0.5027045173472412,0.2691390024649423,Valparaiso,Milwaukee,4,4,10.6,400945410,2017-03-04
204,2,7:49,469,469,Official TV Timeout,28,32,-4,32,0.5027045173472412,0.2691390024649423,Valparaiso,Milwaukee,4,4,10.6,400945410,2017-03-04
205,2,7:17,437,437,Foul on John Kiser.,28,32,-4,0,0.48725326595009566,0.26144809479143405,Valparaiso,Milwaukee,4,4,10.6,400945410,2017-03-04
206,2,7:17,437,437,Cody Wichmann made Free Throw.,28,33,-5,0,0.42296539075377443,0.21449009398829064,Valparaiso,Milwaukee,4,4,10.6,400945410,2017-03-04
207,2,7:17,437,437,Cody Wichmann made Free Throw.,28,34,-6,0,0.36118472625555215,0.17397931310435974,Valparaiso,Milwaukee,4,4,10.6,400945410,2017-03-04
208,2,7:17,437,437,Cody Wichmann made Free Throw.,28,35,-7,10,0.30367896705450637,0.13975848943302918,Valparaiso,Milwaukee,4,4,10.6,400945410,2017-03-04
209,2,7:07,427,427,Foul on August Haas.,28,35,-7,2,0.29608751898253843,0.13639353343452226,Valparaiso,Milwaukee,4,4,10.6,400945410,2017-03-04
210,2,7:05,425,425,Max Joseph missed Three Point Jumper.,28,35,-7,0,0.29456488708595024,0.1357242160504166,Valparaiso,Milwaukee,4,4,10.6,400945410,2017-03-04
211,2,7:05,425,425,John Kiser Offensive Rebound.,28,35,-7,5,0.29456488708595024,0.1357242160504166,Valparaiso,Milwaukee,4,4,10.6,400945410,2017-03-04
212,2,7:00,420,420,John Kiser made Layup.,30,35,-5,0,0.411343146784579,0.20878576841928026,Valparaiso,Milwaukee,4,4,10.6,400945410,2017-03-04
213,2,7:00,420,420,Foul on Brock Stull.,30,35,-5,0,0.411343146784579,0.20878576841928026,Valparaiso,Milwaukee,4,4,10.6,400945410,2017-03-04
214,2,7:00,420,420,John Kiser made Free Throw.,31,35,-4,24,0.47702528124479454,0.25620109265500945,Valparaiso,Milwaukee,4,4,10.6,400945410,2017-03-04
215,2,6:36,396,396,Brock Stull made Three Point Jumper. Assisted by Jeremiah Bell.,31,38,-7,26,0.2739731475814521,0.12700676084141446,Valparaiso,Milwaukee,4,4,10.6,400945410,2017-03-04
216,2,6:10,370,370,Shane Hammink missed Three Point Jumper.,31,38,-7,0,0.25594345089278353,0.11962185989968209,Valparaiso,Milwaukee,4,4,10.6,400945410,2017-03-04
217,2,6:10,370,370,August Haas Defensive Rebound.,31,38,-7,7,0.25594345089278353,0.11962185989968209,Valparaiso,Milwaukee,4,4,10.6,400945410,2017-03-04
218,2,6:03,363,363,Cody Wichmann missed Three Point Jumper.,31,38,-7,0,0.2508533350504617,0.11752637751709454,Valparaiso,Milwaukee,4,4,10.6,400945410,2017-03-04
219,2,6:03,363,363,Brett Prahl Offensive Rebound.,31,38,-7,2,0.2508533350504617,0.11752637751709454,Valparaiso,Milwaukee,4,4,10.6,400945410,2017-03-04
220,2,6:01,361,361,Foul on Derrik Smits.,31,38,-7,18,0.24936883734428966,0.1169125826339382,Valparaiso,Milwaukee,4,4,10.6,400945410,2017-03-04
221,2,5:43,343,343,Brock Stull missed Layup.,31,38,-7,0,0.23524874493441902,0.11099826991025838,Valparaiso,Milwaukee,4,4,10.6,400945410,2017-03-04
222,2,5:43,343,343,Jaume Sorolla Defensive Rebound.,31,38,-7,17,0.23524874493441902,0.11099826991025838,Valparaiso,Milwaukee,4,4,10.6,400945410,2017-03-04
223,2,5:26,326,326,John Kiser missed Three Point Jumper.,31,38,-7,0,0.2203644411381657,0.1046021485651544,Valparaiso,Milwaukee,4,4,10.6,400945410,2017-03-04
224,2,5:26,326,326,Max Joseph Offensive Rebound.,31,38,-7,7,0.2203644411381657,0.1046021485651544,Valparaiso,Milwaukee,4,4,10.6,400945410,2017-03-04
225,2,5:19,319,319,Max Joseph made Layup.,33,38,-5,0,0.3362209337917369,0.17421284192800568,Valparaiso,Milwaukee,4,4,10.6,400945410,2017-03-04
226,2,5:19,319,319,Foul on Jeremiah Bell.,33,38,-5,0,0.3362209337917369,0.17421284192800568,Valparaiso,Milwaukee,4,4,10.6,400945410,2017-03-04
227,2,5:19,319,319,Max Joseph missed Free Throw.,33,38,-5,0,0.3362209337917369,0.17421284192800568,Valparaiso,Milwaukee,4,4,10.6,400945410,2017-03-04
228,2,5:19,319,319,Bryce Nze Defensive Rebound.,33,38,-5,8,0.3362209337917369,0.17421284192800568,Valparaiso,Milwaukee,4,4,10.6,400945410,2017-03-04
229,2,5:11,311,311,Milwaukee  Timeout,33,38,-5,10,0.32803417125161166,0.17022517189893346,Valparaiso,Milwaukee,4,3,10.6,400945410,2017-03-04
230,2,5:01,301,301,Cody Wichmann missed Jumper.,33,38,-5,0,0.3192904955377311,0.1662072095158606,Valparaiso,Milwaukee,4,3,10.6,400945410,2017-03-04
231,2,5:01,301,301,Bryce Nze Offensive Rebound.,33,38,-5,4,0.3192904955377311,0.1662072095158606,Valparaiso,Milwaukee,4,3,10.6,400945410,2017-03-04
232,2,4:57,297,297,Bryce Nze missed Layup.,33,38,-5,0,0.3169597450197373,0.16533701355914182,Valparaiso,Milwaukee,4,3,10.6,400945410,2017-03-04
233,2,4:57,297,297,Lexus Williams Defensive Rebound.,33,38,-5,27,0.3169597450197373,0.16533701355914182,Valparaiso,Milwaukee,4,3,10.6,400945410,2017-03-04
234,2,4:30,270,270,Jaume Sorolla made Layup. Assisted by Tevonn Walker.,35,38,-3,31,0.4639898755001575,0.27575721276738224,Valparaiso,Milwaukee,4,3,10.6,400945410,2017-03-04
235,2,3:59,239,239,Cody Wichmann made Three Point Jumper. Assisted by Jeremiah Bell.,35,41,-6,22,0.24971515725757076,0.13173461876790227,Valparaiso,Milwaukee,4,3,10.6,400945410,2017-03-04
236,2,3:37,217,217,Foul on Bryce Nze.,35,41,-6,0,0.23863000127032213,0.12806065900926863,Valparaiso,Milwaukee,4,3,10.6,400945410,2017-03-04
237,2,3:37,217,217,Official TV Timeout,35,41,-6,0,0.23863000127032213,0.12806065900926863,Valparaiso,Milwaukee,4,3,10.6,400945410,2017-03-04
238,2,3:37,217,217,Jaume Sorolla made Free Throw.,36,41,-5,0,0.3014289485230852,0.16818952196795453,Valparaiso,Milwaukee,4,3,10.6,400945410,2017-03-04
239,2,3:37,217,217,Jaume Sorolla missed Free Throw.,36,41,-5,0,0.3014289485230852,0.16818952196795453,Valparaiso,Milwaukee,4,3,10.6,400945410,2017-03-04
240,2,3:37,217,217,Brock Stull Defensive Rebound.,36,41,-5,16,0.3014289485230852,0.16818952196795453,Valparaiso,Milwaukee,4,3,10.6,400945410,2017-03-04
241,2,3:21,201,201,Foul on Shane Hammink.,36,41,-5,0,0.2804458559814137,0.15729801552972764,Valparaiso,Milwaukee,4,3,10.6,400945410,2017-03-04
242,2,3:21,201,201,Brett Prahl missed Free Throw.,36,41,-5,0,0.2804458559814137,0.15729801552972764,Valparaiso,Milwaukee,4,3,10.6,400945410,2017-03-04
243,2,3:21,201,201,Milwaukee Deadball Team Rebound.,36,41,-5,0,0.2804458559814137,0.15729801552972764,Valparaiso,Milwaukee,4,3,10.6,400945410,2017-03-04
244,2,3:21,201,201,Brett Prahl missed Free Throw.,36,41,-5,0,0.2804458559814137,0.15729801552972764,Valparaiso,Milwaukee,4,3,10.6,400945410,2017-03-04
245,2,3:21,201,201,John Kiser Defensive Rebound.,36,41,-5,24,0.2804458559814137,0.15729801552972764,Valparaiso,Milwaukee,4,3,10.6,400945410,2017-03-04
246,2,2:57,177,177,Tevonn Walker missed Layup.,36,41,-5,0,0.2296632917732065,0.1289074291715713,Valparaiso,Milwaukee,4,3,10.6,400945410,2017-03-04
247,2,2:57,177,177,Cody Wichmann Defensive Rebound.,36,41,-5,28,0.2296632917732065,0.1289074291715713,Valparaiso,Milwaukee,4,3,10.6,400945410,2017-03-04
248,2,2:29,149,149,Brock Stull missed Three Point Jumper.,36,41,-5,0,0.17123442715502887,0.09682088517707232,Valparaiso,Milwaukee,4,3,10.6,400945410,2017-03-04
249,2,2:29,149,149,Milwaukee Offensive Rebound.,36,41,-5,4,0.17123442715502887,0.09682088517707232,Valparaiso,Milwaukee,4,3,10.6,400945410,2017-03-04
250,2,2:25,145,145,Valparaiso  Timeout,36,41,-5,23,0.1631391343916813,0.09240194952497945,Valparaiso,Milwaukee,3,3,10.6,400945410,2017-03-04
251,2,2:02,122,122,Jeremiah Bell missed Jumper.,36,41,-5,0,0.11796509743907507,0.06770735361411886,Valparaiso,Milwaukee,3,3,10.6,400945410,2017-03-04
252,2,2:02,122,122,Jaume Sorolla Defensive Rebound.,36,41,-5,22,0.11796509743907507,0.06770735361411886,Valparaiso,Milwaukee,3,3,10.6,400945410,2017-03-04
253,2,1:40,100,100,Tevonn Walker missed Jumper.,36,41,-5,0,0.07868147858411022,0.04602830925978844,Valparaiso,Milwaukee,3,3,10.6,400945410,2017-03-04
254,2,1:40,100,100,Tevonn Walker Offensive Rebound.,36,41,-5,4,0.07868147858411022,0.04602830925978844,Valparaiso,Milwaukee,3,3,10.6,400945410,2017-03-04
255,2,1:36,96,96,Tevonn Walker missed Layup.,36,41,-5,0,0.07220046972954029,0.04241673392363711,Valparaiso,Milwaukee,3,3,10.6,400945410,2017-03-04
256,2,1:36,96,96,Max Joseph Offensive Rebound.,36,41,-5,0,0.07220046972954029,0.04241673392363711,Valparaiso,Milwaukee,3,3,10.6,400945410,2017-03-04
257,2,1:36,96,96,Foul on Jeremiah Bell.,36,41,-5,0,0.07220046972954029,0.04241673392363711,Valparaiso,Milwaukee,3,3,10.6,400945410,2017-03-04
258,2,1:36,96,96,Max Joseph made Free Throw.,37,41,-4,0,0.12675111264592234,0.07631540966549889,Valparaiso,Milwaukee,3,3,10.6,400945410,2017-03-04
259,2,1:36,96,96,Max Joseph made Free Throw.,38,41,-3,25,0.2130527815853298,0.1335276257099588,Valparaiso,Milwaukee,3,3,10.6,400945410,2017-03-04
260,2,1:11,71,71,Cody Wichmann missed Three Point Jumper.,38,41,-3,0,0.1540269165391366,0.09808613292255598,Valparaiso,Milwaukee,3,3,10.6,400945410,2017-03-04
261,2,1:11,71,71,Shane Hammink Defensive Rebound.,38,41,-3,3,0.1540269165391366,0.09808613292255598,Valparaiso,Milwaukee,3,3,10.6,400945410,2017-03-04
262,2,1:08,68,68,Foul on Brett Prahl.,38,41,-3,0,0.1473831716420004,0.09409727237702974,Valparaiso,Milwaukee,3,3,10.6,400945410,2017-03-04
263,2,1:08,68,68,Shane Hammink made Free Throw.,39,41,-2,0,0.26886144493967934,0.1809780323151103,Valparaiso,Milwaukee,3,3,10.6,400945410,2017-03-04
264,2,1:08,68,68,Shane Hammink made Free Throw.,40,41,-1,0,0.43892176027400814,0.31976159598171255,Valparaiso,Milwaukee,3,3,10.6,400945410,2017-03-04
265,2,1:08,68,68,Valparaiso  Timeout,40,41,-1,25,0.43892176027400814,0.31976159598171255,Valparaiso,Milwaukee,2,3,10.6,400945410,2017-03-04
266,2,0:43,43,43,Brock Stull made Jumper.,40,43,-3,21,0.09814398778911086,0.0644057065615769,Valparaiso,Milwaukee,2,3,10.6,400945410,2017-03-04
267,2,0:22,22,22,Valparaiso  Timeout,40,43,-3,2,0.06569180395380252,0.04447454653902041,Valparaiso,Milwaukee,1,3,10.6,400945410,2017-03-04
268,2,0:20,20,20,Tevonn Walker missed Three Point Jumper.,40,43,-3,0,0.06305567219447204,0.04283236356086821,Valparaiso,Milwaukee,1,3,10.6,400945410,2017-03-04
269,2,0:20,20,20,Max Joseph Offensive Rebound.,40,43,-3,6,0.06305567219447204,0.04283236356086821,Valparaiso,Milwaukee,1,3,10.6,400945410,2017-03-04
270,2,0:14,14,14,Tevonn Walker missed Three Point Jumper.,40,43,-3,0,0.055532892355700955,0.03811563608747347,Valparaiso,Milwaukee,1,3,10.6,400945410,2017-03-04
271,2,0:14,14,14,John Kiser Offensive Rebound.,40,43,-3,2,0.055532892355700955,0.03811563608747347,Valparaiso,Milwaukee,1,3,10.6,400945410,2017-03-04
272,2,0:12,12,12,Foul on Brock Stull.,40,43,-3,0,0.05316246409785497,0.036619526208933564,Valparaiso,Milwaukee,1,3,10.6,400945410,2017-03-04
273,2,0:12,12,12,Milwaukee  Timeout,40,43,-3,0,0.05316246409785497,0.036619526208933564,Valparaiso,Milwaukee,1,2,10.6,400945410,2017-03-04
274,2,0:12,12,12,John Kiser made Free Throw.,41,43,-2,0,0.14309487578194816,0.10156902934448049,Valparaiso,Milwaukee,1,2,10.6,400945410,2017-03-04
275,2,0:12,12,12,John Kiser missed Free Throw.,41,43,-2,0,0.14309487578194816,0.10156902934448049,Valparaiso,Milwaukee,1,2,10.6,400945410,2017-03-04
276,2,0:12,12,12,Milwaukee Defensive Rebound.,41,43,-2,4,0.14309487578194816,0.10156902934448049,Valparaiso,Milwaukee,1,2,10.6,400945410,2017-03-04
277,2,0:08,8,8,Foul on Shane Hammink.,41,43,-2,0,0.1352474641659959,0.09653779011040589,Valparaiso,Milwaukee,1,2,10.6,400945410,2017-03-04
278,2,0:08,8,8,Cody Wichmann missed Free Throw.,41,43,-2,0,0.1352474641659959,0.09653779011040589,Valparaiso,Milwaukee,1,2,10.6,400945410,2017-03-04
279,2,0:08,8,8,Shane Hammink Defensive Rebound.,41,43,-2,7,0.1352474641659959,0.09653779011040589,Valparaiso,Milwaukee,1,2,10.6,400945410,2017-03-04
280,2,0:01,1,1,Max Joseph missed Three Point Jumper.,41,43,-2,0,0.12210464639245987,0.08806836377885878,Valparaiso,Milwaukee,1,2,10.6,400945410,2017-03-04
281,2,0:01,1,1,Valparaiso Deadball Team Rebound.,41,43,-2,1,0.12210464639245987,0.08806836377885878,Valparaiso,Milwaukee,1,2,10.6,400945410,2017-03-04
282,2,0:00,0,0,End of Game,41,43,-2,0,6.1186064231605065e-18,4.248354255291589e-18,Valparaiso,Milwaukee,1,2,10.6,400945410,2017-03-04
