game_id,date,home,away,play_id,half,time_remaining_half,secs_remaining,secs_remaining_absolute,description,home_score,away_score,score_diff,play_length,win_prob,naive_win_prob,home_time_out_remaining,away_time_out_remaining,home_favored_by,shot_x,shot_y,shot_team,shot_outcome,shooter,assist,three_pt,free_throw,possession_before,possession_after
401019994,2018-03-08,Duke,Notre Dame,1,1,20:00:00,2400,2400,PLAY,0,0,0,0,0.851788525866385,0.5,4,4,10.9,NA,NA,NA,NA,NA,NA,NA,NA,NA,Duke
401019994,2018-03-08,Duke,Notre Dame,2,1,20:00:00,2400,2400,Jump Ball won by Duke,0,0,0,0,0.851788525866385,0.5,4,4,10.9,NA,NA,NA,NA,NA,NA,NA,NA,Duke,Duke
401019994,2018-03-08,Duke,Notre Dame,3,1,19:47:00,2387,2387,Wendell Carter Jr missed Jumper.,0,0,0,13,0.8515013928927196,0.5,4,4,10.9,30,84.80888888888889,Duke,missed,Wendell Carter Jr,NA,FALSE,FALSE,Duke,Notre Dame
401019994,2018-03-08,Duke,Notre Dame,4,1,19:47:00,2387,2387,Notre Dame Defensive Rebound.,0,0,0,0,0.8515013928927196,0.5,4,4,10.9,NA,NA,NA,NA,NA,NA,NA,NA,Duke,Notre Dame
401019994,2018-03-08,Duke,Notre Dame,5,1,19:28:00,2368,2368,Bonzie Colson missed Jumper.,0,0,0,19,0.8510727961431198,0.5,4,4,10.9,30,13.577777777777776,Notre Dame,missed,Bonzie Colson,NA,FALSE,FALSE,Notre Dame,Duke
401019994,2018-03-08,Duke,Notre Dame,6,1,19:28:00,2368,2368,Wendell Carter Jr Defensive Rebound.,0,0,0,0,0.8510727961431198,0.5,4,4,10.9,NA,NA,NA,NA,NA,NA,NA,NA,Notre Dame,Duke
401019994,2018-03-08,Duke,Notre Dame,7,1,19:14:00,2354,2354,Marvin Bagley III made Layup. Assisted by Wendell Carter Jr.,2,0,2,14,0.8722500835129461,0.5450043310338967,4,4,10.9,23,87.94222222222221,Duke,made,Marvin Bagley III,Wendell Carter Jr,FALSE,FALSE,Duke,Notre Dame
401019994,2018-03-08,Duke,Notre Dame,8,1,19:00:00,2340,2340,Rex Pflueger made Three Point Jumper. Assisted by Matt Farrell.,2,3,-1,14,0.8384910964018681,0.477299439779222,4,4,10.9,46,6.266666666666667,Notre Dame,made,Rex Pflueger,Matt Farrell,TRUE,FALSE,Notre Dame,Duke
401019994,2018-03-08,Duke,Notre Dame,9,1,18:45:00,2325,2325,Wendell Carter Jr missed Layup.,2,3,-1,15,0.8380190137192761,0.4771345410764835,4,4,10.9,26,86.89777777777778,Duke,missed,Wendell Carter Jr,NA,FALSE,FALSE,Duke,Notre Dame
401019994,2018-03-08,Duke,Notre Dame,10,1,18:45:00,2325,2325,Bonzie Colson Block.,2,3,-1,0,0.8380190137192761,0.4771345410764835,4,4,10.9,NA,NA,NA,NA,NA,NA,NA,NA,Duke,Notre Dame
401019994,2018-03-08,Duke,Notre Dame,11,1,18:45:00,2325,2325,Bonzie Colson Defensive Rebound.,2,3,-1,0,0.8380190137192761,0.4771345410764835,4,4,10.9,NA,NA,NA,NA,NA,NA,NA,NA,Duke,Notre Dame
401019994,2018-03-08,Duke,Notre Dame,12,1,18:45:00,2325,2325,Foul on Wendell Carter Jr.,2,3,-1,0,0.8380190137192761,0.4771345410764835,4,4,10.9,NA,NA,NA,NA,NA,NA,NA,NA,Duke,Notre Dame
401019994,2018-03-08,Duke,Notre Dame,13,1,18:37:00,2317,2317,Matt Farrell missed Jumper.,2,3,-1,8,0.8377636359969549,0.47704604854630217,4,4,10.9,31,17.755555555555556,Notre Dame,missed,Matt Farrell,NA,FALSE,FALSE,Notre Dame,Notre Dame
401019994,2018-03-08,Duke,Notre Dame,14,1,18:37:00,2317,2317,Martinas Geben Offensive Rebound.,2,3,-1,0,0.8377636359969549,0.47704604854630217,4,4,10.9,NA,NA,NA,NA,NA,NA,NA,NA,Notre Dame,Notre Dame
401019994,2018-03-08,Duke,Notre Dame,15,1,18:28:00,2308,2308,Martinas Geben Turnover.,2,3,-1,9,0.8374733077023608,0.47694606147987817,4,4,10.9,NA,NA,NA,NA,NA,NA,NA,NA,Notre Dame,Duke
401019994,2018-03-08,Duke,Notre Dame,16,1,18:28:00,2308,2308,Wendell Carter Jr Steal.,2,3,-1,0,0.8374733077023608,0.47694606147987817,4,4,10.9,NA,NA,NA,NA,NA,NA,NA,NA,Notre Dame,Duke
401019994,2018-03-08,Duke,Notre Dame,17,1,18:24:00,2304,2304,Marvin Bagley III made Dunk. Assisted by Grayson Allen.,4,3,1,4,0.8609869588071308,0.5230985195738199,4,4,10.9,28.000000000000004,87.94222222222221,Duke,made,Marvin Bagley III,Grayson Allen,FALSE,FALSE,Duke,Notre Dame
401019994,2018-03-08,Duke,Notre Dame,18,1,18:15:00,2295,2295,Matt Farrell missed Three Point Jumper.,4,3,1,9,0.8608243665251817,0.5231991359454641,4,4,10.9,40,22.977777777777774,Notre Dame,missed,Matt Farrell,NA,TRUE,FALSE,Notre Dame,Duke
401019994,2018-03-08,Duke,Notre Dame,19,1,18:15:00,2295,2295,Wendell Carter Jr Defensive Rebound.,4,3,1,0,0.8608243665251817,0.5231991359454641,4,4,10.9,NA,NA,NA,NA,NA,NA,NA,NA,Notre Dame,Duke
401019994,2018-03-08,Duke,Notre Dame,20,1,18:05:00,2285,2285,Gary Trent Jr. made Jumper.,6,3,3,10,0.8815563038995017,0.5695314959338853,4,4,10.9,13,74.36444444444444,Duke,made,Gary Trent Jr.,NA,FALSE,FALSE,Duke,Notre Dame
401019994,2018-03-08,Duke,Notre Dame,21,1,17:41:00,2261,2261,Bonzie Colson made Jumper. Assisted by Matt Farrell.,6,5,1,24,0.8601893454197029,0.523582801702291,4,4,10.9,29,12.533333333333331,Notre Dame,made,Bonzie Colson,Matt Farrell,FALSE,FALSE,Notre Dame,Duke
401019994,2018-03-08,Duke,Notre Dame,22,1,17:26:00,2246,2246,Marvin Bagley III made Three Point Jumper. Assisted by Wendell Carter Jr.,9,5,4,15,0.8908744609109434,0.5939563112114385,4,4,10.9,17,63.919999999999995,Duke,made,Marvin Bagley III,Wendell Carter Jr,TRUE,FALSE,Duke,Notre Dame
401019994,2018-03-08,Duke,Notre Dame,23,1,17:04:00,2224,2224,Bonzie Colson missed Jumper.,9,5,4,22,0.890815135297343,0.5949310531391636,4,4,10.9,27,13.577777777777776,Notre Dame,missed,Bonzie Colson,NA,FALSE,FALSE,Notre Dame,Duke
401019994,2018-03-08,Duke,Notre Dame,24,1,17:04:00,2224,2224,Wendell Carter Jr Defensive Rebound.,9,5,4,0,0.890815135297343,0.5949310531391636,4,4,10.9,NA,NA,NA,NA,NA,NA,NA,NA,Notre Dame,Duke
401019994,2018-03-08,Duke,Notre Dame,25,1,16:57:00,2217,2217,Grayson Allen made Three Point Jumper. Assisted by Trevon Duval.,12,5,7,7,0.915918432688116,0.6626085041508528,4,4,10.9,7,73.32,Duke,made,Grayson Allen,Trevon Duval,TRUE,FALSE,Duke,Notre Dame
401019994,2018-03-08,Duke,Notre Dame,26,1,16:29:00,2189,2189,Foul on Wendell Carter Jr.,12,5,7,28,0.9161436651748344,0.664636161238561,4,4,10.9,NA,NA,NA,NA,NA,NA,NA,NA,Notre Dame,Notre Dame
401019994,2018-03-08,Duke,Notre Dame,27,1,16:25:00,2185,2185,Rex Pflueger missed Three Point Jumper.,12,5,7,4,0.9161748377934584,0.6649263476051946,4,4,10.9,1.25,5.222222222222221,Notre Dame,missed,Rex Pflueger,NA,TRUE,FALSE,Notre Dame,Notre Dame
401019994,2018-03-08,Duke,Notre Dame,28,1,16:25:00,2185,2185,Martinas Geben Offensive Rebound.,12,5,7,0,0.9161748377934584,0.6649263476051946,4,4,10.9,NA,NA,NA,NA,NA,NA,NA,NA,Notre Dame,Notre Dame
401019994,2018-03-08,Duke,Notre Dame,29,1,16:20:00,2180,2180,Martinas Geben made Dunk.,12,7,5,5,0.8998630413479444,0.6202671196187596,4,4,10.9,26,6.266666666666667,Notre Dame,made,Martinas Geben,NA,FALSE,FALSE,Notre Dame,Duke
401019994,2018-03-08,Duke,Notre Dame,30,1,16:06:00,2166,2166,Gary Trent Jr. missed Three Point Jumper.,12,7,5,14,0.8998696782210086,0.6210355833302809,4,4,10.9,17,64.96444444444444,Duke,missed,Gary Trent Jr.,NA,TRUE,FALSE,Duke,Duke
401019994,2018-03-08,Duke,Notre Dame,31,1,16:06:00,2166,2166,Marques Bolden Offensive Rebound.,12,7,5,0,0.8998696782210086,0.6210355833302809,4,4,10.9,NA,NA,NA,NA,NA,NA,NA,NA,Duke,Duke
401019994,2018-03-08,Duke,Notre Dame,32,1,16:00:00,2160,2160,Marvin Bagley III made Dunk. Assisted by Trevon Duval.,14,7,7,6,0.916363756801741,0.6667424234372659,4,4,10.9,24,84.80888888888889,Duke,made,Marvin Bagley III,Trevon Duval,FALSE,FALSE,Duke,Notre Dame
401019994,2018-03-08,Duke,Notre Dame,33,1,15:50:00,2150,2150,TJ Gibbs Jr. made Three Point Jumper. Assisted by Matt Farrell.,14,10,4,10,0.8905408007511959,0.5982440747147776,4,4,10.9,40,22.977777777777774,Notre Dame,made,TJ Gibbs Jr.,Matt Farrell,TRUE,FALSE,Notre Dame,Duke
401019994,2018-03-08,Duke,Notre Dame,34,1,15:23:00,2123,2123,Marques Bolden made Jumper. Assisted by Trevon Duval.,16,10,6,27,0.908594615052076,0.6467709887303781,4,4,10.9,33,87.94222222222221,Duke,made,Marques Bolden,Trevon Duval,FALSE,FALSE,Duke,Notre Dame
401019994,2018-03-08,Duke,Notre Dame,35,1,15:02:00,2102,2102,Martinas Geben made Dunk. Assisted by Matt Farrell.,16,12,4,21,0.8903053958787882,0.600428474146825,4,4,10.9,27,5.222222222222221,Notre Dame,made,Martinas Geben,Matt Farrell,FALSE,FALSE,Notre Dame,Duke
401019994,2018-03-08,Duke,Notre Dame,36,1,14:39:00,2079,2079,Marvin Bagley III missed Jumper.,16,12,4,23,0.8901790968183483,0.6014886956381457,4,4,10.9,18,86.89777777777778,Duke,missed,Marvin Bagley III,NA,FALSE,FALSE,Duke,Duke
401019994,2018-03-08,Duke,Notre Dame,37,1,14:39:00,2079,2079,Marques Bolden Offensive Rebound.,16,12,4,0,0.8901790968183483,0.6014886956381457,4,4,10.9,NA,NA,NA,NA,NA,NA,NA,NA,Duke,Duke
401019994,2018-03-08,Duke,Notre Dame,38,1,14:32:00,2072,2072,Gary Trent Jr. missed Three Point Jumper.,16,12,4,7,0.8901390509260833,0.6018132833172037,4,4,10.9,10,67.05333333333333,Duke,missed,Gary Trent Jr.,NA,TRUE,FALSE,Duke,Notre Dame
401019994,2018-03-08,Duke,Notre Dame,39,1,14:32:00,2072,2072,Martinas Geben Defensive Rebound.,16,12,4,0,0.8901390509260833,0.6018132833172037,4,4,10.9,NA,NA,NA,NA,NA,NA,NA,NA,Duke,Notre Dame
401019994,2018-03-08,Duke,Notre Dame,40,1,14:16:00,2056,2056,TJ Gibbs Jr. missed Three Point Jumper.,16,12,4,16,0.8900448349392267,0.6025587243344606,4,4,10.9,36,27.15555555555555,Notre Dame,missed,TJ Gibbs Jr.,NA,TRUE,FALSE,Notre Dame,Notre Dame
401019994,2018-03-08,Duke,Notre Dame,41,1,14:16:00,2056,2056,Rex Pflueger Offensive Rebound.,16,12,4,0,0.8900448349392267,0.6025587243344606,4,4,10.9,NA,NA,NA,NA,NA,NA,NA,NA,Notre Dame,Notre Dame
401019994,2018-03-08,Duke,Notre Dame,42,1,14:16:00,2056,2056,Rex Pflueger missed Two Point Tip Shot.,16,12,4,0,0.8900448349392267,0.6025587243344606,4,4,10.9,25,5.222222222222221,Notre Dame,missed,Rex Pflueger,NA,FALSE,FALSE,Notre Dame,Duke
401019994,2018-03-08,Duke,Notre Dame,43,1,14:16:00,2056,2056,Marques Bolden Defensive Rebound.,16,12,4,0,0.8900448349392267,0.6025587243344606,4,4,10.9,NA,NA,NA,NA,NA,NA,NA,NA,Notre Dame,Duke
401019994,2018-03-08,Duke,Notre Dame,44,1,14:05:00,2045,2045,Trevon Duval Turnover.,16,12,4,11,0.8899779762978731,0.6030741659814896,4,4,10.9,NA,NA,NA,NA,NA,NA,NA,NA,Duke,Notre Dame
401019994,2018-03-08,Duke,Notre Dame,45,1,14:05:00,2045,2045,Rex Pflueger Steal.,16,12,4,0,0.8899779762978731,0.6030741659814896,4,4,10.9,NA,NA,NA,NA,NA,NA,NA,NA,Duke,Notre Dame
401019994,2018-03-08,Duke,Notre Dame,46,1,13:57:00,2037,2037,Bonzie Colson made Layup. Assisted by TJ Gibbs Jr..,16,14,2,8,0.8676200193474889,0.5522910399063109,4,4,10.9,23,6.266666666666667,Notre Dame,made,Bonzie Colson,TJ Gibbs Jr.,FALSE,FALSE,Notre Dame,Duke
401019994,2018-03-08,Duke,Notre Dame,47,1,13:37:00,2017,2017,Grayson Allen made Three Point Jumper. Assisted by Marques Bolden.,19,14,5,20,0.8997691007668563,0.6294314758889934,4,4,10.9,40,69.14222222222222,Duke,made,Grayson Allen,Marques Bolden,TRUE,FALSE,Duke,Notre Dame
401019994,2018-03-08,Duke,Notre Dame,48,1,13:20:00,2000,2000,Matt Farrell made Three Point Jumper. Assisted by TJ Gibbs Jr..,19,17,2,17,0.8669146757872204,0.5532003999535374,4,4,10.9,26,33.422222222222224,Notre Dame,made,Matt Farrell,TJ Gibbs Jr.,TRUE,FALSE,Notre Dame,Duke
401019994,2018-03-08,Duke,Notre Dame,49,1,13:10:00,1990,1990,Grayson Allen made Three Point Jumper. Assisted by Trevon Duval.,22,17,5,10,0.8997255986229545,0.6310074815978705,4,4,10.9,8,61.8311111111111,Duke,made,Grayson Allen,Trevon Duval,TRUE,FALSE,Duke,Notre Dame
401019994,2018-03-08,Duke,Notre Dame,50,1,12:51:00,1971,1971,Bonzie Colson missed Jumper.,22,17,5,19,0.8996917973982372,0.6321286467087771,4,4,10.9,18,14.622222222222222,Notre Dame,missed,Bonzie Colson,NA,FALSE,FALSE,Notre Dame,Duke
401019994,2018-03-08,Duke,Notre Dame,51,1,12:51:00,1971,1971,Marques Bolden Defensive Rebound.,22,17,5,0,0.8996917973982372,0.6321286467087771,4,4,10.9,NA,NA,NA,NA,NA,NA,NA,NA,Notre Dame,Duke
401019994,2018-03-08,Duke,Notre Dame,52,1,12:43:00,1963,1963,Grayson Allen made Three Point Jumper.,25,17,8,8,0.9255101136599448,0.7046303967689662,4,4,10.9,9,62.87555555555555,Duke,made,Grayson Allen,NA,TRUE,FALSE,Duke,Notre Dame
401019994,2018-03-08,Duke,Notre Dame,53,1,12:42:00,1962,1962,Notre Dame  Timeout,25,17,8,1,0.9255192644679352,0.7047156924103721,3,4,10.9,NA,NA,NA,NA,NA,NA,NA,NA,Notre Dame,Notre Dame
401019994,2018-03-08,Duke,Notre Dame,54,1,12:42:00,1962,1962,Official TV Timeout,25,17,8,0,0.9255192644679352,0.7047156924103721,3,4,10.9,NA,NA,NA,NA,NA,NA,NA,NA,Notre Dame,Notre Dame
401019994,2018-03-08,Duke,Notre Dame,55,1,12:23:00,1943,1943,John Mooney missed Layup.,25,17,8,19,0.9256933181089778,0.7063429387278931,3,4,10.9,21.999999999999996,6.266666666666667,Notre Dame,missed,John Mooney,NA,FALSE,FALSE,Notre Dame,Duke
401019994,2018-03-08,Duke,Notre Dame,56,1,12:23:00,1943,1943,Javin DeLaurier Block.,25,17,8,0,0.9256933181089778,0.7063429387278931,3,4,10.9,NA,NA,NA,NA,NA,NA,NA,NA,Notre Dame,Duke
401019994,2018-03-08,Duke,Notre Dame,57,1,12:23:00,1943,1943,Javin DeLaurier Defensive Rebound.,25,17,8,0,0.9256933181089778,0.7063429387278931,3,4,10.9,NA,NA,NA,NA,NA,NA,NA,NA,Notre Dame,Duke
401019994,2018-03-08,Duke,Notre Dame,58,1,12:10:00,1930,1930,Trevon Duval Turnover.,25,17,8,13,0.925812734683859,0.7074637689668822,3,4,10.9,NA,NA,NA,NA,NA,NA,NA,NA,Duke,Notre Dame
401019994,2018-03-08,Duke,Notre Dame,59,1,12:10:00,1930,1930,Austin Torres Steal.,25,17,8,0,0.925812734683859,0.7074637689668822,3,4,10.9,NA,NA,NA,NA,NA,NA,NA,NA,Duke,Notre Dame
401019994,2018-03-08,Duke,Notre Dame,60,1,11:44:00,1904,1904,Rex Pflueger missed Three Point Jumper.,25,17,8,26,0.9260431152832652,0.7097022260325371,3,4,10.9,47,15.666666666666664,Notre Dame,missed,Rex Pflueger,NA,TRUE,FALSE,Notre Dame,Duke
401019994,2018-03-08,Duke,Notre Dame,61,1,11:44:00,1904,1904,Marvin Bagley III Defensive Rebound.,25,17,8,0,0.9260431152832652,0.7097022260325371,3,4,10.9,NA,NA,NA,NA,NA,NA,NA,NA,Notre Dame,Duke
401019994,2018-03-08,Duke,Notre Dame,62,1,11:34:00,1894,1894,Javin DeLaurier made Layup. Assisted by Trevon Duval.,27,17,10,10,0.9400936591304738,0.7544757292764152,3,4,10.9,21,86.89777777777778,Duke,made,Javin DeLaurier,Trevon Duval,FALSE,FALSE,Duke,Notre Dame
401019994,2018-03-08,Duke,Notre Dame,63,1,11:16:00,1876,1876,John Mooney missed Jumper.,27,17,10,18,0.9403200264692324,0.7562076717392472,3,4,10.9,26,9.4,Notre Dame,missed,John Mooney,NA,FALSE,FALSE,Notre Dame,Notre Dame
401019994,2018-03-08,Duke,Notre Dame,64,1,11:16:00,1876,1876,Javin DeLaurier Block.,27,17,10,0,0.9403200264692324,0.7562076717392472,3,4,10.9,NA,NA,NA,NA,NA,NA,NA,NA,Notre Dame,Notre Dame
401019994,2018-03-08,Duke,Notre Dame,65,1,11:16:00,1876,1876,John Mooney Offensive Rebound.,27,17,10,0,0.9403200264692324,0.7562076717392472,3,4,10.9,NA,NA,NA,NA,NA,NA,NA,NA,Notre Dame,Notre Dame
401019994,2018-03-08,Duke,Notre Dame,66,1,11:16:00,1876,1876,John Mooney missed Two Point Tip Shot.,27,17,10,0,0.9403200264692324,0.7562076717392472,3,4,10.9,25,5.222222222222221,Notre Dame,missed,John Mooney,NA,FALSE,FALSE,Notre Dame,Notre Dame
401019994,2018-03-08,Duke,Notre Dame,67,1,11:16:00,1876,1876,John Mooney Offensive Rebound.,27,17,10,0,0.9403200264692324,0.7562076717392472,3,4,10.9,NA,NA,NA,NA,NA,NA,NA,NA,Notre Dame,Notre Dame
401019994,2018-03-08,Duke,Notre Dame,68,1,11:16:00,1876,1876,John Mooney missed Two Point Tip Shot.,27,17,10,0,0.9403200264692324,0.7562076717392472,3,4,10.9,25,5.222222222222221,Notre Dame,missed,John Mooney,NA,FALSE,FALSE,Notre Dame,Duke
401019994,2018-03-08,Duke,Notre Dame,69,1,11:16:00,1876,1876,Marvin Bagley III Defensive Rebound.,27,17,10,0,0.9403200264692324,0.7562076717392472,3,4,10.9,NA,NA,NA,NA,NA,NA,NA,NA,Notre Dame,Duke
401019994,2018-03-08,Duke,Notre Dame,70,1,11:03:00,1863,1863,Marvin Bagley III missed Three Point Jumper.,27,17,10,13,0.9404806265337528,0.7574555184693564,3,4,10.9,25,63.919999999999995,Duke,missed,Marvin Bagley III,NA,TRUE,FALSE,Duke,Notre Dame
401019994,2018-03-08,Duke,Notre Dame,71,1,11:03:00,1863,1863,Matt Farrell Defensive Rebound.,27,17,10,0,0.9404806265337528,0.7574555184693564,3,4,10.9,NA,NA,NA,NA,NA,NA,NA,NA,Duke,Notre Dame
401019994,2018-03-08,Duke,Notre Dame,72,1,10:53:00,1853,1853,John Mooney made Layup. Assisted by Matt Farrell.,27,19,8,10,0.9264553871752372,0.7140642059682842,3,4,10.9,21.999999999999996,5.222222222222221,Notre Dame,made,John Mooney,Matt Farrell,FALSE,FALSE,Notre Dame,Duke
401019994,2018-03-08,Duke,Notre Dame,73,1,10:36:00,1836,1836,Javin DeLaurier made Layup. Assisted by Trevon Duval.,29,19,10,17,0.9408087712086564,0.7600449746897773,3,4,10.9,27,86.89777777777778,Duke,made,Javin DeLaurier,Trevon Duval,FALSE,FALSE,Duke,Notre Dame
401019994,2018-03-08,Duke,Notre Dame,74,1,10:20:00,1820,1820,Matt Farrell missed Three Point Jumper.,29,19,10,16,0.9410011933833692,0.7615815534960187,3,4,10.9,26,32.37777777777777,Notre Dame,missed,Matt Farrell,NA,TRUE,FALSE,Notre Dame,Duke
401019994,2018-03-08,Duke,Notre Dame,75,1,10:20:00,1820,1820,Marvin Bagley III Defensive Rebound.,29,19,10,0,0.9410011933833692,0.7615815534960187,3,4,10.9,NA,NA,NA,NA,NA,NA,NA,NA,Notre Dame,Duke
401019994,2018-03-08,Duke,Notre Dame,76,1,10:10:00,1810,1810,Grayson Allen made Three Point Jumper. Assisted by Trevon Duval.,32,19,13,10,0.9577747344498536,0.8200491839036123,3,4,10.9,43,71.2311111111111,Duke,made,Grayson Allen,Trevon Duval,TRUE,FALSE,Duke,Notre Dame
401019994,2018-03-08,Duke,Notre Dame,77,1,09:59:00,1799,1799,John Mooney made Jumper. Assisted by Rex Pflueger.,32,21,11,11,0.9474112493969576,0.7841136253463296,3,4,10.9,25,17.755555555555556,Notre Dame,made,John Mooney,Rex Pflueger,FALSE,FALSE,Notre Dame,Duke
401019994,2018-03-08,Duke,Notre Dame,78,1,09:42:00,1782,1782,Foul on Austin Torres.,32,21,11,17,0.9476412294447054,0.7858115840951742,3,4,10.9,NA,NA,NA,NA,NA,NA,NA,NA,Duke,Duke
401019994,2018-03-08,Duke,Notre Dame,79,1,09:42:00,1782,1782,Official TV Timeout,32,21,11,0,0.9476412294447054,0.7858115840951742,3,4,10.9,NA,NA,NA,NA,NA,NA,NA,NA,Duke,Duke
401019994,2018-03-08,Duke,Notre Dame,80,1,09:42:00,1782,1782,Marvin Bagley III missed Free Throw.,32,21,11,0,0.9476412294447054,0.7858115840951742,3,4,10.9,25,87.94222222222221,Duke,missed,Marvin Bagley III,NA,FALSE,TRUE,Duke,Duke
401019994,2018-03-08,Duke,Notre Dame,81,1,09:42:00,1782,1782,Duke Deadball Team Rebound.,32,21,11,0,0.9476412294447054,0.7858115840951742,3,4,10.9,NA,NA,NA,NA,NA,NA,NA,NA,Duke,Duke
401019994,2018-03-08,Duke,Notre Dame,82,1,09:42:00,1782,1782,Marvin Bagley III missed Free Throw.,32,21,11,0,0.9476412294447054,0.7858115840951742,3,4,10.9,25,87.94222222222221,Duke,missed,Marvin Bagley III,NA,FALSE,TRUE,Duke,Duke
401019994,2018-03-08,Duke,Notre Dame,83,1,09:42:00,1782,1782,Duke Deadball Team Rebound.,32,21,11,0,0.9476412294447054,0.7858115840951742,3,4,10.9,NA,NA,NA,NA,NA,NA,NA,NA,Duke,Duke
401019994,2018-03-08,Duke,Notre Dame,84,1,09:38:00,1778,1778,Foul on Martinas Geben.,32,21,11,4,0.9476955713351732,0.7862123523408373,3,4,10.9,NA,NA,NA,NA,NA,NA,NA,NA,Duke,Duke
401019994,2018-03-08,Duke,Notre Dame,85,1,09:38:00,1778,1778,Grayson Allen made Free Throw.,33,21,12,0,0.9532622593044856,0.8054370822013479,3,4,10.9,25,87.94222222222221,Duke,made,Grayson Allen,NA,FALSE,TRUE,Duke,Duke
401019994,2018-03-08,Duke,Notre Dame,86,1,09:38:00,1778,1778,Grayson Allen made Free Throw.,34,21,13,0,0.958262584653669,0.8233215310248652,3,4,10.9,25,87.94222222222221,Duke,made,Grayson Allen,NA,FALSE,TRUE,Duke,Notre Dame
401019994,2018-03-08,Duke,Notre Dame,87,1,09:22:00,1762,1762,Martinas Geben made Dunk. Assisted by Rex Pflueger.,34,23,11,16,0.9479142076231624,0.7878211839070683,3,4,10.9,24,5.222222222222221,Notre Dame,made,Martinas Geben,Rex Pflueger,FALSE,FALSE,Notre Dame,Duke
401019994,2018-03-08,Duke,Notre Dame,88,1,09:04:00,1744,1744,Marques Bolden missed Jumper.,34,23,11,18,0.9481633677444764,0.789644057053591,3,4,10.9,28.000000000000004,80.6311111111111,Duke,missed,Marques Bolden,NA,FALSE,FALSE,Duke,Notre Dame
401019994,2018-03-08,Duke,Notre Dame,89,1,09:04:00,1744,1744,Bonzie Colson Defensive Rebound.,34,23,11,0,0.9481633677444764,0.789644057053591,3,4,10.9,NA,NA,NA,NA,NA,NA,NA,NA,Duke,Notre Dame
401019994,2018-03-08,Duke,Notre Dame,90,1,08:52:00,1732,1732,TJ Gibbs Jr. made Jumper. Assisted by Rex Pflueger.,34,25,9,12,0.9351127090179208,0.7480649433776665,3,4,10.9,16,5.222222222222221,Notre Dame,made,TJ Gibbs Jr.,Rex Pflueger,FALSE,FALSE,Notre Dame,Duke
401019994,2018-03-08,Duke,Notre Dame,91,1,08:34:00,1714,1714,Foul on Rex Pflueger.,34,25,9,18,0.9353078237607976,0.7497930434634539,3,4,10.9,NA,NA,NA,NA,NA,NA,NA,NA,Duke,Duke
401019994,2018-03-08,Duke,Notre Dame,92,1,08:34:00,1714,1714,Gary Trent Jr. missed Free Throw.,34,25,9,0,0.9353078237607976,0.7497930434634539,3,4,10.9,25,87.94222222222221,Duke,missed,Gary Trent Jr.,NA,FALSE,TRUE,Duke,Duke
401019994,2018-03-08,Duke,Notre Dame,93,1,08:34:00,1714,1714,Duke Deadball Team Rebound.,34,25,9,0,0.9353078237607976,0.7497930434634539,3,4,10.9,NA,NA,NA,NA,NA,NA,NA,NA,Duke,Duke
401019994,2018-03-08,Duke,Notre Dame,94,1,08:34:00,1714,1714,Gary Trent Jr. made Free Throw.,35,25,10,0,0.9423062159503824,0.7719674932754471,3,4,10.9,25,87.94222222222221,Duke,made,Gary Trent Jr.,NA,FALSE,TRUE,Duke,Notre Dame
401019994,2018-03-08,Duke,Notre Dame,95,1,08:19:00,1699,1699,Bonzie Colson made Layup. Assisted by Martinas Geben.,35,27,8,15,0.9276539616166446,0.7276006217172444,3,4,10.9,23,6.266666666666667,Notre Dame,made,Bonzie Colson,Martinas Geben,FALSE,FALSE,Notre Dame,Duke
401019994,2018-03-08,Duke,Notre Dame,96,1,07:57:00,1677,1677,Trevon Duval Turnover.,35,27,8,22,0.9278419930771524,0.7296265136549582,3,4,10.9,NA,NA,NA,NA,NA,NA,NA,NA,Duke,Notre Dame
401019994,2018-03-08,Duke,Notre Dame,97,1,07:57:00,1677,1677,Official TV Timeout,35,27,8,0,0.9278419930771524,0.7296265136549582,3,4,10.9,NA,NA,NA,NA,NA,NA,NA,NA,Duke,Notre Dame
401019994,2018-03-08,Duke,Notre Dame,98,1,07:33:00,1653,1653,Rex Pflueger made Jumper. Assisted by Matt Farrell.,35,29,6,24,0.9093392438893044,0.6797677469392925,3,4,10.9,28,17.755555555555556,Notre Dame,made,Rex Pflueger,Matt Farrell,FALSE,FALSE,Notre Dame,Duke
401019994,2018-03-08,Duke,Notre Dame,99,1,07:15:00,1635,1635,Marvin Bagley III missed Jumper.,35,29,6,18,0.9093001921202286,0.681070034189169,3,4,10.9,19,86.89777777777778,Duke,missed,Marvin Bagley III,NA,FALSE,FALSE,Duke,Notre Dame
401019994,2018-03-08,Duke,Notre Dame,100,1,07:15:00,1635,1635,Bonzie Colson Defensive Rebound.,35,29,6,0,0.9093001921202286,0.681070034189169,3,4,10.9,NA,NA,NA,NA,NA,NA,NA,NA,Duke,Notre Dame
401019994,2018-03-08,Duke,Notre Dame,101,1,06:51:00,1611,1611,Bonzie Colson made Jumper. Assisted by Matt Farrell.,35,31,4,24,0.8858126534680991,0.6250532391158649,3,4,10.9,29,12.533333333333331,Notre Dame,made,Bonzie Colson,Matt Farrell,FALSE,FALSE,Notre Dame,Duke
401019994,2018-03-08,Duke,Notre Dame,102,1,06:31:00,1591,1591,Wendell Carter Jr missed Three Point Jumper.,35,31,4,20,0.8854959577115904,0.6260751932815923,3,4,10.9,25,63.919999999999995,Duke,missed,Wendell Carter Jr,NA,TRUE,FALSE,Duke,Duke
401019994,2018-03-08,Duke,Notre Dame,103,1,06:31:00,1591,1591,Duke Offensive Rebound.,35,31,4,0,0.8854959577115904,0.6260751932815923,3,4,10.9,NA,NA,NA,NA,NA,NA,NA,NA,Duke,Duke
401019994,2018-03-08,Duke,Notre Dame,104,1,06:19:00,1579,1579,Gary Trent Jr. made Three Point Jumper. Assisted by Marvin Bagley III.,38,31,7,12,0.9192461381384988,0.7122983174368087,3,4,10.9,8,73.32,Duke,made,Gary Trent Jr.,Marvin Bagley III,TRUE,FALSE,Duke,Notre Dame
401019994,2018-03-08,Duke,Notre Dame,105,1,06:03:00,1563,1563,Matt Farrell missed Three Point Jumper.,38,31,7,16,0.9192504699471176,0.7135612421696813,3,4,10.9,25,32.37777777777777,Notre Dame,missed,Matt Farrell,NA,TRUE,FALSE,Notre Dame,Duke
401019994,2018-03-08,Duke,Notre Dame,106,1,06:03:00,1563,1563,Marvin Bagley III Defensive Rebound.,38,31,7,0,0.9192504699471176,0.7135612421696813,3,4,10.9,NA,NA,NA,NA,NA,NA,NA,NA,Notre Dame,Duke
401019994,2018-03-08,Duke,Notre Dame,107,1,05:47:00,1547,1547,Marvin Bagley III missed Dunk.,38,31,7,16,0.919257253049004,0.7148370016530112,3,4,10.9,27,86.89777777777778,Duke,missed,Marvin Bagley III,NA,FALSE,FALSE,Duke,Notre Dame
401019994,2018-03-08,Duke,Notre Dame,108,1,05:47:00,1547,1547,Martinas Geben Defensive Rebound.,38,31,7,0,0.919257253049004,0.7148370016530112,3,4,10.9,NA,NA,NA,NA,NA,NA,NA,NA,Duke,Notre Dame
401019994,2018-03-08,Duke,Notre Dame,109,1,05:31:00,1531,1531,Foul on Wendell Carter Jr.,38,31,7,16,0.919269751053684,0.7161318827774067,3,4,10.9,NA,NA,NA,NA,NA,NA,NA,NA,Notre Dame,Notre Dame
401019994,2018-03-08,Duke,Notre Dame,110,1,05:30:00,1530,1530,Bonzie Colson missed Three Point Jumper.,38,31,7,1,0.9192707963918054,0.716213589973791,3,4,10.9,38,24.02222222222222,Notre Dame,missed,Bonzie Colson,NA,TRUE,FALSE,Notre Dame,Duke
401019994,2018-03-08,Duke,Notre Dame,111,1,05:30:00,1530,1530,Gary Trent Jr. Defensive Rebound.,38,31,7,0,0.9192707963918054,0.716213589973791,3,4,10.9,NA,NA,NA,NA,NA,NA,NA,NA,Notre Dame,Duke
401019994,2018-03-08,Duke,Notre Dame,112,1,05:21:00,1521,1521,Trevon Duval Turnover.,38,31,7,9,0.9192819135512706,0.7169536574272917,3,4,10.9,NA,NA,NA,NA,NA,NA,NA,NA,Duke,Notre Dame
401019994,2018-03-08,Duke,Notre Dame,113,1,05:21:00,1521,1521,Bonzie Colson Steal.,38,31,7,0,0.9192819135512706,0.7169536574272917,3,4,10.9,NA,NA,NA,NA,NA,NA,NA,NA,Duke,Notre Dame
401019994,2018-03-08,Duke,Notre Dame,114,1,05:14:00,1514,1514,Foul on Gary Trent Jr..,38,31,7,7,0.9192929394209722,0.717535593365921,3,4,10.9,NA,NA,NA,NA,NA,NA,NA,NA,Notre Dame,Notre Dame
401019994,2018-03-08,Duke,Notre Dame,115,1,05:14:00,1514,1514,Bonzie Colson missed Free Throw.,38,31,7,0,0.9192929394209722,0.717535593365921,3,4,10.9,25,4.177777777777778,Notre Dame,missed,Bonzie Colson,NA,FALSE,TRUE,Notre Dame,Notre Dame
401019994,2018-03-08,Duke,Notre Dame,116,1,05:14:00,1514,1514,Notre Dame Deadball Team Rebound.,38,31,7,0,0.9192929394209722,0.717535593365921,3,4,10.9,NA,NA,NA,NA,NA,NA,NA,NA,Notre Dame,Notre Dame
401019994,2018-03-08,Duke,Notre Dame,117,1,05:14:00,1514,1514,Bonzie Colson missed Free Throw.,38,31,7,0,0.9192929394209722,0.717535593365921,3,4,10.9,25,4.177777777777778,Notre Dame,missed,Bonzie Colson,NA,FALSE,TRUE,Notre Dame,Notre Dame
401019994,2018-03-08,Duke,Notre Dame,118,1,05:14:00,1514,1514,Marvin Bagley III Defensive Rebound.,38,31,7,0,0.9192929394209722,0.717535593365921,3,4,10.9,NA,NA,NA,NA,NA,NA,NA,NA,Notre Dame,Notre Dame
401019994,2018-03-08,Duke,Notre Dame,119,1,05:05:00,1505,1505,Grayson Allen missed Three Point Jumper.,38,31,7,9,0.91931065105799,0.7182928271722442,3,4,10.9,12,61.8311111111111,Duke,missed,Grayson Allen,NA,TRUE,FALSE,Duke,Duke
401019994,2018-03-08,Duke,Notre Dame,120,1,05:05:00,1505,1505,Trevon Duval Offensive Rebound.,38,31,7,0,0.91931065105799,0.7182928271722442,3,4,10.9,NA,NA,NA,NA,NA,NA,NA,NA,Duke,Duke
401019994,2018-03-08,Duke,Notre Dame,121,1,05:01:00,1501,1501,Foul on Austin Torres.,38,31,7,4,0.9193199371057122,0.7186328933560817,3,4,10.9,NA,NA,NA,NA,NA,NA,NA,NA,Duke,Duke
401019994,2018-03-08,Duke,Notre Dame,122,1,04:52:00,1492,1492,Trevon Duval missed Jumper.,38,31,7,9,0.9193443524287028,0.7194065889304916,3,4,10.9,21,77.49777777777777,Duke,missed,Trevon Duval,NA,FALSE,FALSE,Duke,Notre Dame
401019994,2018-03-08,Duke,Notre Dame,123,1,04:52:00,1492,1492,John Mooney Defensive Rebound.,38,31,7,0,0.9193443524287028,0.7194065889304916,3,4,10.9,NA,NA,NA,NA,NA,NA,NA,NA,Duke,Notre Dame
401019994,2018-03-08,Duke,Notre Dame,124,1,04:25:00,1465,1465,Foul on Marques Bolden.,38,31,7,27,0.9194519686642508,0.7218081082803176,3,4,10.9,NA,NA,NA,NA,NA,NA,NA,NA,Notre Dame,Notre Dame
401019994,2018-03-08,Duke,Notre Dame,125,1,04:25:00,1465,1465,John Mooney missed Free Throw.,38,31,7,0,0.9194519686642508,0.7218081082803176,3,4,10.9,25,4.177777777777778,Notre Dame,missed,John Mooney,NA,FALSE,TRUE,Notre Dame,Notre Dame
401019994,2018-03-08,Duke,Notre Dame,126,1,04:25:00,1465,1465,Notre Dame Deadball Team Rebound.,38,31,7,0,0.9194519686642508,0.7218081082803176,3,4,10.9,NA,NA,NA,NA,NA,NA,NA,NA,Notre Dame,Notre Dame
401019994,2018-03-08,Duke,Notre Dame,127,1,04:25:00,1465,1465,John Mooney missed Free Throw.,38,31,7,0,0.9194519686642508,0.7218081082803176,3,4,10.9,25,4.177777777777778,Notre Dame,missed,John Mooney,NA,FALSE,TRUE,Notre Dame,Notre Dame
401019994,2018-03-08,Duke,Notre Dame,128,1,04:25:00,1465,1465,Marvin Bagley III Defensive Rebound.,38,31,7,0,0.9194519686642508,0.7218081082803176,3,4,10.9,NA,NA,NA,NA,NA,NA,NA,NA,Notre Dame,Notre Dame
401019994,2018-03-08,Duke,Notre Dame,129,1,04:08:00,1448,1448,Marvin Bagley III missed Jumper.,38,31,7,17,0.9195509417505362,0.7233906353385293,3,4,10.9,22,81.67555555555555,Duke,missed,Marvin Bagley III,NA,FALSE,FALSE,Duke,Duke
401019994,2018-03-08,Duke,Notre Dame,130,1,04:08:00,1448,1448,Marques Bolden Offensive Rebound.,38,31,7,0,0.9195509417505362,0.7233906353385293,3,4,10.9,NA,NA,NA,NA,NA,NA,NA,NA,Duke,Duke
401019994,2018-03-08,Duke,Notre Dame,131,1,04:08:00,1448,1448,Marques Bolden made Two Point Tip Shot.,40,31,9,0,0.9376685686509773,0.7748691793629653,3,4,10.9,25,86.89777777777778,Duke,made,Marques Bolden,NA,FALSE,FALSE,Duke,Notre Dame
401019994,2018-03-08,Duke,Notre Dame,132,1,03:38:00,1418,1418,TJ Gibbs Jr. missed Three Point Jumper.,40,31,9,30,0.9380099830795652,0.7779215119442776,3,4,10.9,21.999999999999996,33.422222222222224,Notre Dame,missed,TJ Gibbs Jr.,NA,TRUE,FALSE,Notre Dame,Duke
401019994,2018-03-08,Duke,Notre Dame,133,1,03:38:00,1418,1418,Marvin Bagley III Defensive Rebound.,40,31,9,0,0.9380099830795652,0.7779215119442776,3,4,10.9,NA,NA,NA,NA,NA,NA,NA,NA,Notre Dame,Duke
401019994,2018-03-08,Duke,Notre Dame,134,1,03:26:00,1406,1406,Foul on Austin Torres.,40,31,9,12,0.9381272493515086,0.7790925284081375,3,4,10.9,NA,NA,NA,NA,NA,NA,NA,NA,Duke,Duke
401019994,2018-03-08,Duke,Notre Dame,135,1,03:26:00,1406,1406,Official TV Timeout,40,31,9,0,0.9381272493515086,0.7790925284081375,3,4,10.9,NA,NA,NA,NA,NA,NA,NA,NA,Duke,Duke
401019994,2018-03-08,Duke,Notre Dame,136,1,03:06:00,1386,1386,Gary Trent Jr. missed Jumper.,40,31,9,20,0.9383060116063144,0.7810019010857296,3,4,10.9,44,83.76444444444444,Duke,missed,Gary Trent Jr.,NA,FALSE,FALSE,Duke,Notre Dame
401019994,2018-03-08,Duke,Notre Dame,137,1,03:06:00,1386,1386,Notre Dame Deadball Team Rebound.,40,31,9,0,0.9383060116063144,0.7810019010857296,3,4,10.9,NA,NA,NA,NA,NA,NA,NA,NA,Duke,Notre Dame
401019994,2018-03-08,Duke,Notre Dame,138,1,02:52:00,1372,1372,Bonzie Colson missed Jumper.,40,31,9,14,0.9384230009054296,0.7823183359751497,3,4,10.9,19,11.488888888888887,Notre Dame,missed,Bonzie Colson,NA,FALSE,FALSE,Notre Dame,Notre Dame
401019994,2018-03-08,Duke,Notre Dame,139,1,02:52:00,1372,1372,Martinas Geben Offensive Rebound.,40,31,9,0,0.9384230009054296,0.7823183359751497,3,4,10.9,NA,NA,NA,NA,NA,NA,NA,NA,Notre Dame,Notre Dame
401019994,2018-03-08,Duke,Notre Dame,140,1,02:35:00,1355,1355,Martinas Geben made Layup.,40,33,7,17,0.9198236891941528,0.7314979356353337,3,4,10.9,21.999999999999996,6.266666666666667,Notre Dame,made,Martinas Geben,NA,FALSE,FALSE,Notre Dame,Duke
401019994,2018-03-08,Duke,Notre Dame,141,1,02:25:00,1345,1345,Grayson Allen missed Jumper.,40,33,7,10,0.9198372118108192,0.7323428265910867,3,4,10.9,27,71.2311111111111,Duke,missed,Grayson Allen,NA,FALSE,FALSE,Duke,Notre Dame
401019994,2018-03-08,Duke,Notre Dame,142,1,02:25:00,1345,1345,Bonzie Colson Defensive Rebound.,40,33,7,0,0.9198372118108192,0.7323428265910867,3,4,10.9,NA,NA,NA,NA,NA,NA,NA,NA,Duke,Notre Dame
401019994,2018-03-08,Duke,Notre Dame,143,1,02:15:00,1335,1335,Martinas Geben missed Jumper.,40,33,7,10,0.9198520942852122,0.7331927191030617,3,4,10.9,35,5.222222222222221,Notre Dame,missed,Martinas Geben,NA,FALSE,FALSE,Notre Dame,Duke
401019994,2018-03-08,Duke,Notre Dame,144,1,02:15:00,1335,1335,Alex O'Connell Defensive Rebound.,40,33,7,0,0.9198520942852122,0.7331927191030617,3,4,10.9,NA,NA,NA,NA,NA,NA,NA,NA,Notre Dame,Duke
401019994,2018-03-08,Duke,Notre Dame,145,1,02:05:00,1325,1325,Marvin Bagley III missed Jumper.,40,33,7,10,0.91986950937989,0.7340502588757476,3,4,10.9,17,85.85333333333332,Duke,missed,Marvin Bagley III,NA,FALSE,FALSE,Duke,Notre Dame
401019994,2018-03-08,Duke,Notre Dame,146,1,02:05:00,1325,1325,Bonzie Colson Defensive Rebound.,40,33,7,0,0.91986950937989,0.7340502588757476,3,4,10.9,NA,NA,NA,NA,NA,NA,NA,NA,Duke,Notre Dame
401019994,2018-03-08,Duke,Notre Dame,147,1,01:49:00,1309,1309,Bonzie Colson made Jumper. Assisted by Martinas Geben.,40,35,5,16,0.8955699728012266,0.6748719470514352,3,4,10.9,27,13.577777777777776,Notre Dame,made,Bonzie Colson,Martinas Geben,FALSE,FALSE,Notre Dame,Duke
401019994,2018-03-08,Duke,Notre Dame,148,1,01:19:00,1279,1279,Alex O'Connell missed Three Point Jumper.,40,35,5,30,0.8953341052131603,0.677068321321265,3,4,10.9,45,77.49777777777777,Duke,missed,Alex O'Connell,NA,TRUE,FALSE,Duke,Notre Dame
401019994,2018-03-08,Duke,Notre Dame,149,1,01:19:00,1279,1279,Martinas Geben Defensive Rebound.,40,35,5,0,0.8953341052131603,0.677068321321265,3,4,10.9,NA,NA,NA,NA,NA,NA,NA,NA,Duke,Notre Dame
401019994,2018-03-08,Duke,Notre Dame,150,1,00:59:00,1259,1259,Matt Farrell missed Three Point Jumper.,40,35,5,20,0.8952159108542713,0.6786221322041159,3,4,10.9,25,34.46666666666666,Notre Dame,missed,Matt Farrell,NA,TRUE,FALSE,Notre Dame,Duke
401019994,2018-03-08,Duke,Notre Dame,151,1,00:59:00,1259,1259,Marques Bolden Defensive Rebound.,40,35,5,0,0.8952159108542713,0.6786221322041159,3,4,10.9,NA,NA,NA,NA,NA,NA,NA,NA,Notre Dame,Duke
401019994,2018-03-08,Duke,Notre Dame,152,1,00:52:00,1252,1252,Duke  Timeout,40,35,5,7,0.8951839651007539,0.679186610981001,3,3,10.9,NA,NA,NA,NA,NA,NA,NA,NA,Duke,Duke
401019994,2018-03-08,Duke,Notre Dame,153,1,00:44:00,1244,1244,Trevon Duval missed Jumper.,40,35,5,8,0.895154233996104,0.6798462713452169,3,3,10.9,32,85.85333333333332,Duke,missed,Trevon Duval,NA,FALSE,FALSE,Duke,Duke
401019994,2018-03-08,Duke,Notre Dame,154,1,00:44:00,1244,1244,Marvin Bagley III Offensive Rebound.,40,35,5,0,0.895154233996104,0.6798462713452169,3,3,10.9,NA,NA,NA,NA,NA,NA,NA,NA,Duke,Duke
401019994,2018-03-08,Duke,Notre Dame,155,1,00:44:00,1244,1244,Marvin Bagley III missed Two Point Tip Shot.,40,35,5,0,0.895154233996104,0.6798462713452169,3,3,10.9,25,86.89777777777778,Duke,missed,Marvin Bagley III,NA,FALSE,FALSE,Duke,Notre Dame
401019994,2018-03-08,Duke,Notre Dame,156,1,00:44:00,1244,1244,Notre Dame Defensive Rebound.,40,35,5,0,0.895154233996104,0.6798462713452169,3,3,10.9,NA,NA,NA,NA,NA,NA,NA,NA,Duke,Notre Dame
401019994,2018-03-08,Duke,Notre Dame,157,1,00:22:00,1222,1222,Martinas Geben missed Jumper.,40,35,5,22,0.895114371952939,0.6817485646587755,3,3,10.9,26,7.311111111111111,Notre Dame,missed,Martinas Geben,NA,FALSE,FALSE,Notre Dame,Duke
401019994,2018-03-08,Duke,Notre Dame,158,1,00:22:00,1222,1222,Grayson Allen Defensive Rebound.,40,35,5,0,0.895114371952939,0.6817485646587755,3,3,10.9,NA,NA,NA,NA,NA,NA,NA,NA,Notre Dame,Duke
401019994,2018-03-08,Duke,Notre Dame,159,1,00:09:00,1209,1209,Foul on Rex Pflueger.,40,35,5,13,0.8951232733113503,0.6829397335766093,3,3,10.9,NA,NA,NA,NA,NA,NA,NA,NA,Duke,Notre Dame
401019994,2018-03-08,Duke,Notre Dame,160,1,00:09:00,1209,1209,Marvin Bagley III made Free Throw.,41,35,6,0,0.9086812936209094,0.7152005402381141,3,3,10.9,25,87.94222222222221,Duke,made,Marvin Bagley III,NA,FALSE,TRUE,Duke,Duke
401019994,2018-03-08,Duke,Notre Dame,161,1,00:09:00,1209,1209,Marvin Bagley III missed Free Throw.,41,35,6,0,0.9086812936209094,0.7152005402381141,3,3,10.9,25,87.94222222222221,Duke,missed,Marvin Bagley III,NA,FALSE,TRUE,Duke,Notre Dame
401019994,2018-03-08,Duke,Notre Dame,162,1,00:09:00,1209,1209,Bonzie Colson Defensive Rebound.,41,35,6,0,0.9086812936209094,0.7152005402381141,3,3,10.9,NA,NA,NA,NA,NA,NA,NA,NA,Duke,Notre Dame
401019994,2018-03-08,Duke,Notre Dame,163,1,00:08:00,1208,1208,Jump Ball won by Notre Dame,41,35,6,1,0.9086897056557784,0.7153055872835069,3,3,10.9,NA,NA,NA,NA,NA,NA,NA,NA,Notre Dame,Notre Dame
401019994,2018-03-08,Duke,Notre Dame,164,1,00:03:00,1203,1203,John Mooney made Dunk. Assisted by TJ Gibbs Jr..,41,37,4,5,0.8797729636426261,0.6492863483699299,3,3,10.9,23,6.266666666666667,Notre Dame,made,John Mooney,TJ Gibbs Jr.,FALSE,FALSE,Notre Dame,Duke
401019994,2018-03-08,Duke,Notre Dame,165,1,00:00:00,1200,1200,End of 1st half,41,37,4,3,0.8797494769839012,0.6495177425372646,3,3,10.9,NA,NA,NA,NA,NA,NA,NA,NA,Duke,NA
401019994,2018-03-08,Duke,Notre Dame,166,2,20:00:00,1200,1200,PLAY,41,37,4,0,0.8797494769839012,0.6495177425372646,4,4,10.9,NA,NA,NA,NA,NA,NA,NA,NA,NA,Duke
401019994,2018-03-08,Duke,Notre Dame,167,2,20:00:00,1200,1200,Jump Ball won by Duke,41,37,4,0,0.8797494769839012,0.6495177425372646,4,4,10.9,NA,NA,NA,NA,NA,NA,NA,NA,Duke,Duke
401019994,2018-03-08,Duke,Notre Dame,168,2,19:35:00,1175,1175,Gary Trent Jr. Turnover.,41,37,4,25,0.8795389127211757,0.6513962623525955,4,4,10.9,NA,NA,NA,NA,NA,NA,NA,NA,Duke,Notre Dame
401019994,2018-03-08,Duke,Notre Dame,169,2,19:24:00,1164,1164,Bonzie Colson made Jumper. Assisted by Matt Farrell.,41,39,2,11,0.8419452896450473,0.5779501853396914,4,4,10.9,21.999999999999996,13.577777777777776,Notre Dame,made,Bonzie Colson,Matt Farrell,FALSE,FALSE,Notre Dame,Duke
401019994,2018-03-08,Duke,Notre Dame,170,2,19:04:00,1144,1144,Gary Trent Jr. missed Jumper.,41,39,2,20,0.8412886388215072,0.5787271049879031,4,4,10.9,24,81.67555555555555,Duke,missed,Gary Trent Jr.,NA,FALSE,FALSE,Duke,Duke
401019994,2018-03-08,Duke,Notre Dame,171,2,19:04:00,1144,1144,Marvin Bagley III Offensive Rebound.,41,39,2,0,0.8412886388215072,0.5787271049879031,4,4,10.9,NA,NA,NA,NA,NA,NA,NA,NA,Duke,Duke
401019994,2018-03-08,Duke,Notre Dame,172,2,19:04:00,1144,1144,Marvin Bagley III made Two Point Tip Shot.,43,39,4,0,0.8792553967188418,0.6536450678440313,4,4,10.9,25,86.89777777777778,Duke,made,Marvin Bagley III,NA,FALSE,FALSE,Duke,Notre Dame
401019994,2018-03-08,Duke,Notre Dame,173,2,18:46:00,1126,1126,Rex Pflueger Turnover.,43,39,4,18,0.8790885993767186,0.6549370015626366,4,4,10.9,NA,NA,NA,NA,NA,NA,NA,NA,Notre Dame,Duke
401019994,2018-03-08,Duke,Notre Dame,174,2,18:46:00,1126,1126,Grayson Allen Steal.,43,39,4,0,0.8790885993767186,0.6549370015626366,4,4,10.9,NA,NA,NA,NA,NA,NA,NA,NA,Notre Dame,Duke
401019994,2018-03-08,Duke,Notre Dame,175,2,18:35:00,1115,1115,Marvin Bagley III made Layup.,45,39,6,11,0.9092941895316974,0.7244173992588143,4,4,10.9,21,86.89777777777778,Duke,made,Marvin Bagley III,NA,FALSE,FALSE,Duke,Notre Dame
401019994,2018-03-08,Duke,Notre Dame,176,2,18:19:00,1099,1099,Bonzie Colson made Jumper. Assisted by Matt Farrell.,45,41,4,16,0.8788485279131608,0.6568938296156958,4,4,10.9,21.999999999999996,10.444444444444445,Notre Dame,made,Bonzie Colson,Matt Farrell,FALSE,FALSE,Notre Dame,Duke
401019994,2018-03-08,Duke,Notre Dame,177,2,18:02:00,1082,1082,Foul on Bonzie Colson.,45,41,4,17,0.8787102329686147,0.6581564510742942,4,4,10.9,NA,NA,NA,NA,NA,NA,NA,NA,Duke,Duke
401019994,2018-03-08,Duke,Notre Dame,178,2,18:00:00,1080,1080,Wendell Carter Jr missed Dunk.,45,41,4,2,0.8786948670553285,0.6583072537216603,4,4,10.9,21,87.94222222222221,Duke,missed,Wendell Carter Jr,NA,FALSE,FALSE,Duke,Notre Dame
401019994,2018-03-08,Duke,Notre Dame,179,2,18:00:00,1080,1080,Martinas Geben Block.,45,41,4,0,0.8786948670553285,0.6583072537216603,4,4,10.9,NA,NA,NA,NA,NA,NA,NA,NA,Duke,Notre Dame
401019994,2018-03-08,Duke,Notre Dame,180,2,18:00:00,1080,1080,TJ Gibbs Jr. Defensive Rebound.,45,41,4,0,0.8786948670553285,0.6583072537216603,4,4,10.9,NA,NA,NA,NA,NA,NA,NA,NA,Duke,Notre Dame
401019994,2018-03-08,Duke,Notre Dame,181,2,17:43:00,1063,1063,Bonzie Colson Turnover.,45,41,4,17,0.8785736138444198,0.659612947850674,4,4,10.9,NA,NA,NA,NA,NA,NA,NA,NA,Notre Dame,Duke
401019994,2018-03-08,Duke,Notre Dame,182,2,17:36:00,1056,1056,Marvin Bagley III made Jumper.,47,41,6,7,0.9097502520428792,0.7302798175271844,4,4,10.9,28.000000000000004,81.67555555555555,Duke,made,Marvin Bagley III,NA,FALSE,FALSE,Duke,Notre Dame
401019994,2018-03-08,Duke,Notre Dame,183,2,17:18:00,1038,1038,Martinas Geben Turnover.,47,41,6,18,0.9099438454823958,0.7322059779507679,4,4,10.9,NA,NA,NA,NA,NA,NA,NA,NA,Notre Dame,Duke
401019994,2018-03-08,Duke,Notre Dame,184,2,17:18:00,1038,1038,Marvin Bagley III Steal.,47,41,6,0,0.9099438454823958,0.7322059779507679,4,4,10.9,NA,NA,NA,NA,NA,NA,NA,NA,Notre Dame,Duke
401019994,2018-03-08,Duke,Notre Dame,185,2,17:10:00,1030,1030,Gary Trent Jr. Turnover.,47,41,6,8,0.9100412427349036,0.7330916577687563,4,4,10.9,NA,NA,NA,NA,NA,NA,NA,NA,Duke,Notre Dame
401019994,2018-03-08,Duke,Notre Dame,186,2,17:10:00,1030,1030,Bonzie Colson Steal.,47,41,6,0,0.9100412427349036,0.7330916577687563,4,4,10.9,NA,NA,NA,NA,NA,NA,NA,NA,Duke,Notre Dame
401019994,2018-03-08,Duke,Notre Dame,187,2,16:56:00,1016,1016,Matt Farrell missed Three Point Jumper.,47,41,6,14,0.9102306827015348,0.7346914840681147,4,4,10.9,27,33.422222222222224,Notre Dame,missed,Matt Farrell,NA,TRUE,FALSE,Notre Dame,Duke
401019994,2018-03-08,Duke,Notre Dame,188,2,16:56:00,1016,1016,Gary Trent Jr. Defensive Rebound.,47,41,6,0,0.9102306827015348,0.7346914840681147,4,4,10.9,NA,NA,NA,NA,NA,NA,NA,NA,Notre Dame,Duke
401019994,2018-03-08,Duke,Notre Dame,189,2,16:46:00,1006,1006,Wendell Carter Jr made Dunk. Assisted by Marvin Bagley III.,49,41,8,10,0.9346160394478908,0.796764860923436,4,4,10.9,25,84.80888888888889,Duke,made,Wendell Carter Jr,Marvin Bagley III,FALSE,FALSE,Duke,Notre Dame
401019994,2018-03-08,Duke,Notre Dame,190,2,16:29:00,989,989,Martinas Geben missed Jumper.,49,41,8,17,0.9350546017996508,0.7990994765970902,4,4,10.9,36,4.177777777777778,Notre Dame,missed,Martinas Geben,NA,FALSE,FALSE,Notre Dame,Duke
401019994,2018-03-08,Duke,Notre Dame,191,2,16:29:00,989,989,Marvin Bagley III Defensive Rebound.,49,41,8,0,0.9350546017996508,0.7990994765970902,4,4,10.9,NA,NA,NA,NA,NA,NA,NA,NA,Notre Dame,Duke
401019994,2018-03-08,Duke,Notre Dame,192,2,16:26:00,986,986,Trevon Duval Turnover.,49,41,8,3,0.935136772301854,0.7995245985510473,4,4,10.9,NA,NA,NA,NA,NA,NA,NA,NA,Duke,Notre Dame
401019994,2018-03-08,Duke,Notre Dame,193,2,16:26:00,986,986,Rex Pflueger Steal.,49,41,8,0,0.935136772301854,0.7995245985510473,4,4,10.9,NA,NA,NA,NA,NA,NA,NA,NA,Duke,Notre Dame
401019994,2018-03-08,Duke,Notre Dame,194,2,16:13:00,973,973,Matt Farrell Turnover.,49,41,8,13,0.9355104903871037,0.8014153794002037,4,4,10.9,NA,NA,NA,NA,NA,NA,NA,NA,Notre Dame,Duke
401019994,2018-03-08,Duke,Notre Dame,195,2,16:13:00,973,973,Trevon Duval Steal.,49,41,8,0,0.9355104903871037,0.8014153794002037,4,4,10.9,NA,NA,NA,NA,NA,NA,NA,NA,Notre Dame,Duke
401019994,2018-03-08,Duke,Notre Dame,196,2,16:07:00,967,967,Trevon Duval made Dunk.,51,41,10,6,0.9538136534020812,0.852077222198795,4,4,10.9,25,85.85333333333332,Duke,made,Trevon Duval,NA,FALSE,FALSE,Duke,Notre Dame
401019994,2018-03-08,Duke,Notre Dame,197,2,16:03:00,963,963,Notre Dame  Timeout,51,41,10,4,0.9539393920324596,0.8526542770132757,3,4,10.9,NA,NA,NA,NA,NA,NA,NA,NA,Notre Dame,Notre Dame
401019994,2018-03-08,Duke,Notre Dame,198,2,16:03:00,963,963,Official TV Timeout,51,41,10,0,0.9539393920324596,0.8526542770132757,3,4,10.9,NA,NA,NA,NA,NA,NA,NA,NA,Notre Dame,Notre Dame
401019994,2018-03-08,Duke,Notre Dame,199,2,15:50:00,950,950,TJ Gibbs Jr. missed Three Point Jumper.,51,41,10,13,0.9543225239290206,0.8544310395217783,3,4,10.9,23,28.2,Notre Dame,missed,TJ Gibbs Jr.,NA,TRUE,FALSE,Notre Dame,Duke
401019994,2018-03-08,Duke,Notre Dame,200,2,15:50:00,950,950,Wendell Carter Jr Defensive Rebound.,51,41,10,0,0.9543225239290206,0.8544310395217783,3,4,10.9,NA,NA,NA,NA,NA,NA,NA,NA,Notre Dame,Duke
401019994,2018-03-08,Duke,Notre Dame,201,2,15:44:00,944,944,Foul on TJ Gibbs Jr..,51,41,10,6,0.9544875935499332,0.8552053426390729,3,4,10.9,NA,NA,NA,NA,NA,NA,NA,NA,Duke,Duke
401019994,2018-03-08,Duke,Notre Dame,202,2,15:44:00,944,944,Official TV Timeout,51,41,10,0,0.9544875935499332,0.8552053426390729,3,4,10.9,NA,NA,NA,NA,NA,NA,NA,NA,Duke,Duke
401019994,2018-03-08,Duke,Notre Dame,203,2,15:31:00,931,931,Trevon Duval made Jumper.,53,41,12,13,0.9679768510651484,0.8953641790560354,3,4,10.9,35,86.89777777777778,Duke,made,Trevon Duval,NA,FALSE,FALSE,Duke,Notre Dame
401019994,2018-03-08,Duke,Notre Dame,204,2,15:10:00,910,910,Martinas Geben made Layup. Assisted by TJ Gibbs Jr..,53,43,10,21,0.955319762973712,0.8591826114693605,3,4,10.9,21.999999999999996,4.177777777777778,Notre Dame,made,Martinas Geben,TJ Gibbs Jr.,FALSE,FALSE,Notre Dame,Duke
401019994,2018-03-08,Duke,Notre Dame,205,2,15:00:00,900,900,Wendell Carter Jr missed Three Point Jumper.,53,43,10,10,0.9555420121471327,0.8602589766323173,3,4,10.9,25,63.919999999999995,Duke,missed,Wendell Carter Jr,NA,TRUE,FALSE,Duke,Duke
401019994,2018-03-08,Duke,Notre Dame,206,2,15:00:00,900,900,Marvin Bagley III Offensive Rebound.,53,43,10,0,0.9555420121471327,0.8602589766323173,3,4,10.9,NA,NA,NA,NA,NA,NA,NA,NA,Duke,Duke
401019994,2018-03-08,Duke,Notre Dame,207,2,15:00:00,900,900,Marvin Bagley III missed Two Point Tip Shot.,53,43,10,0,0.9555420121471327,0.8602589766323173,3,4,10.9,25,86.89777777777778,Duke,missed,Marvin Bagley III,NA,FALSE,FALSE,Duke,Duke
401019994,2018-03-08,Duke,Notre Dame,208,2,15:00:00,900,900,Marvin Bagley III Offensive Rebound.,53,43,10,0,0.9555420121471327,0.8602589766323173,3,4,10.9,NA,NA,NA,NA,NA,NA,NA,NA,Duke,Duke
401019994,2018-03-08,Duke,Notre Dame,209,2,15:00:00,900,900,Marvin Bagley III made Two Point Tip Shot.,55,43,12,0,0.9686661974337484,0.8985240021836134,3,4,10.9,25,86.89777777777778,Duke,made,Marvin Bagley III,NA,FALSE,FALSE,Duke,Notre Dame
401019994,2018-03-08,Duke,Notre Dame,210,2,14:32:00,872,872,Bonzie Colson made Layup. Assisted by Rex Pflueger.,55,45,10,28,0.9561462871310734,0.8631769604659978,3,4,10.9,24,5.222222222222221,Notre Dame,made,Bonzie Colson,Rex Pflueger,FALSE,FALSE,Notre Dame,Duke
401019994,2018-03-08,Duke,Notre Dame,211,2,14:15:00,855,855,Wendell Carter Jr Turnover.,55,45,10,17,0.9565193665862808,0.8649471642897549,3,4,10.9,NA,NA,NA,NA,NA,NA,NA,NA,Duke,Notre Dame
401019994,2018-03-08,Duke,Notre Dame,212,2,14:15:00,855,855,Bonzie Colson Steal.,55,45,10,0,0.9565193665862808,0.8649471642897549,3,4,10.9,NA,NA,NA,NA,NA,NA,NA,NA,Duke,Notre Dame
401019994,2018-03-08,Duke,Notre Dame,213,2,14:09:00,849,849,Bonzie Colson missed Jumper.,55,45,10,6,0.956655271739818,0.8655825363846317,3,4,10.9,26,12.533333333333331,Notre Dame,missed,Bonzie Colson,NA,FALSE,FALSE,Notre Dame,Duke
401019994,2018-03-08,Duke,Notre Dame,214,2,14:09:00,849,849,Gary Trent Jr. Defensive Rebound.,55,45,10,0,0.956655271739818,0.8655825363846317,3,4,10.9,NA,NA,NA,NA,NA,NA,NA,NA,Notre Dame,Duke
401019994,2018-03-08,Duke,Notre Dame,215,2,13:58:00,838,838,Marvin Bagley III made Three Point Jumper. Assisted by Trevon Duval.,58,45,13,11,0.9749692370655332,0.9194219216323052,3,4,10.9,40,67.05333333333333,Duke,made,Marvin Bagley III,Trevon Duval,TRUE,FALSE,Duke,Notre Dame
401019994,2018-03-08,Duke,Notre Dame,216,2,13:36:00,816,816,Matt Farrell missed Three Point Jumper.,58,45,13,22,0.975458300587702,0.921506696581107,3,4,10.9,34,31.33333333333333,Notre Dame,missed,Matt Farrell,NA,TRUE,FALSE,Notre Dame,Duke
401019994,2018-03-08,Duke,Notre Dame,217,2,13:36:00,816,816,Marvin Bagley III Defensive Rebound.,58,45,13,0,0.975458300587702,0.921506696581107,3,4,10.9,NA,NA,NA,NA,NA,NA,NA,NA,Notre Dame,Duke
401019994,2018-03-08,Duke,Notre Dame,218,2,13:25:00,805,805,Trevon Duval missed Jumper.,58,45,13,11,0.9757241319766394,0.9226152519873714,3,4,10.9,31,85.85333333333332,Duke,missed,Trevon Duval,NA,FALSE,FALSE,Duke,Notre Dame
401019994,2018-03-08,Duke,Notre Dame,219,2,13:25:00,805,805,Bonzie Colson Defensive Rebound.,58,45,13,0,0.9757241319766394,0.9226152519873714,3,4,10.9,NA,NA,NA,NA,NA,NA,NA,NA,Duke,Notre Dame
401019994,2018-03-08,Duke,Notre Dame,220,2,13:18:00,798,798,Foul on Wendell Carter Jr.,58,45,13,7,0.9759021354986755,0.9233485819513948,3,4,10.9,NA,NA,NA,NA,NA,NA,NA,NA,Notre Dame,Notre Dame
401019994,2018-03-08,Duke,Notre Dame,221,2,13:04:00,784,784,Rex Pflueger missed Three Point Jumper.,58,45,13,14,0.9762812381452316,0.9248885771240296,3,4,10.9,20,26.11111111111111,Notre Dame,missed,Rex Pflueger,NA,TRUE,FALSE,Notre Dame,Notre Dame
401019994,2018-03-08,Duke,Notre Dame,222,2,13:04:00,784,784,Martinas Geben Offensive Rebound.,58,45,13,0,0.9762812381452316,0.9248885771240296,3,4,10.9,NA,NA,NA,NA,NA,NA,NA,NA,Notre Dame,Notre Dame
401019994,2018-03-08,Duke,Notre Dame,223,2,13:00:00,780,780,Foul on Marques Bolden.,58,45,13,4,0.9763956505758172,0.9253479896142708,3,4,10.9,NA,NA,NA,NA,NA,NA,NA,NA,Notre Dame,Notre Dame
401019994,2018-03-08,Duke,Notre Dame,224,2,13:00:00,780,780,Martinas Geben made Free Throw.,58,46,12,0,0.9714960889708608,0.9108202411353374,3,4,10.9,25,4.177777777777778,Notre Dame,made,Martinas Geben,NA,FALSE,TRUE,Notre Dame,Notre Dame
401019994,2018-03-08,Duke,Notre Dame,225,2,13:00:00,780,780,Martinas Geben made Free Throw.,58,47,11,0,0.9656153386537724,0.8937898030247868,3,4,10.9,25,4.177777777777778,Notre Dame,made,Martinas Geben,NA,FALSE,TRUE,Notre Dame,Duke
401019994,2018-03-08,Duke,Notre Dame,226,2,12:49:00,769,769,Marvin Bagley III made Jumper.,60,47,13,11,0.9767253384185148,0.926659363008472,3,4,10.9,21,83.76444444444444,Duke,made,Marvin Bagley III,NA,FALSE,FALSE,Duke,Notre Dame
401019994,2018-03-08,Duke,Notre Dame,227,2,12:31:00,751,751,TJ Gibbs Jr. made Jumper.,60,49,11,18,0.9666769374856976,0.8980195980497416,3,4,10.9,21.000000000000004,11.488888888888887,Notre Dame,made,TJ Gibbs Jr.,NA,FALSE,FALSE,Notre Dame,Duke
401019994,2018-03-08,Duke,Notre Dame,228,2,12:22:00,742,742,Foul on Rex Pflueger.,60,49,11,9,0.9670504931696394,0.8994720122139057,3,4,10.9,NA,NA,NA,NA,NA,NA,NA,NA,Duke,Duke
401019994,2018-03-08,Duke,Notre Dame,229,2,12:22:00,742,742,Grayson Allen made Free Throw.,61,49,12,0,0.9728404149749506,0.9161067222514496,3,4,10.9,25,87.94222222222221,Duke,made,Grayson Allen,NA,FALSE,TRUE,Duke,Duke
401019994,2018-03-08,Duke,Notre Dame,230,2,12:22:00,742,742,Grayson Allen made Free Throw.,62,49,13,0,0.9776364538261878,0.930202427403045,3,4,10.9,25,87.94222222222221,Duke,made,Grayson Allen,NA,FALSE,TRUE,Duke,Notre Dame
401019994,2018-03-08,Duke,Notre Dame,231,2,12:09:00,729,729,Foul on Marques Bolden.,62,49,13,13,0.9781305512525168,0.932083690973835,3,4,10.9,NA,NA,NA,NA,NA,NA,NA,NA,Notre Dame,Notre Dame
401019994,2018-03-08,Duke,Notre Dame,232,2,12:09:00,729,729,Elijah Burns missed Free Throw.,62,49,13,0,0.9781305512525168,0.932083690973835,3,4,10.9,25,4.177777777777778,Notre Dame,missed,Elijah Burns,NA,FALSE,TRUE,Notre Dame,Notre Dame
401019994,2018-03-08,Duke,Notre Dame,233,2,12:09:00,729,729,Notre Dame Deadball Team Rebound.,62,49,13,0,0.9781305512525168,0.932083690973835,3,4,10.9,NA,NA,NA,NA,NA,NA,NA,NA,Notre Dame,Notre Dame
401019994,2018-03-08,Duke,Notre Dame,234,2,12:09:00,729,729,Elijah Burns made Free Throw.,62,50,12,0,0.9733791703607944,0.918165114315384,3,4,10.9,25,4.177777777777778,Notre Dame,made,Elijah Burns,NA,FALSE,TRUE,Notre Dame,Duke
401019994,2018-03-08,Duke,Notre Dame,235,2,11:55:00,715,715,Foul on TJ Gibbs Jr..,62,50,12,14,0.973930342739466,0.9202812403864032,3,4,10.9,NA,NA,NA,NA,NA,NA,NA,NA,Duke,Duke
401019994,2018-03-08,Duke,Notre Dame,236,2,11:55:00,715,715,Official TV Timeout,62,50,12,0,0.973930342739466,0.9202812403864032,3,4,10.9,NA,NA,NA,NA,NA,NA,NA,NA,Duke,Duke
401019994,2018-03-08,Duke,Notre Dame,237,2,11:52:00,712,712,Gary Trent Jr. missed Three Point Jumper.,62,50,12,3,0.9740385363328938,0.920701558958954,3,4,10.9,39,69.14222222222222,Duke,missed,Gary Trent Jr.,NA,TRUE,FALSE,Duke,Notre Dame
401019994,2018-03-08,Duke,Notre Dame,238,2,11:52:00,712,712,Elijah Burns Defensive Rebound.,62,50,12,0,0.9740385363328938,0.920701558958954,3,4,10.9,NA,NA,NA,NA,NA,NA,NA,NA,Duke,Notre Dame
401019994,2018-03-08,Duke,Notre Dame,239,2,11:40:00,700,700,Elijah Burns made Jumper. Assisted by Matt Farrell.,62,52,10,12,0.9618978848257596,0.887107356640949,3,4,10.9,41,4.177777777777778,Notre Dame,made,Elijah Burns,Matt Farrell,FALSE,FALSE,Notre Dame,Duke
401019994,2018-03-08,Duke,Notre Dame,240,2,11:15:00,675,675,Trevon Duval made Jumper.,64,52,12,25,0.975180096956515,0.9252352871801371,3,4,10.9,28.000000000000004,78.54222222222222,Duke,made,Trevon Duval,NA,FALSE,FALSE,Duke,Notre Dame
401019994,2018-03-08,Duke,Notre Dame,241,2,10:50:00,650,650,Matt Farrell missed Three Point Jumper.,64,52,12,25,0.9758574154626976,0.9279662274049394,3,4,10.9,33,33.422222222222224,Notre Dame,missed,Matt Farrell,NA,TRUE,FALSE,Notre Dame,Duke
401019994,2018-03-08,Duke,Notre Dame,242,2,10:50:00,650,650,Grayson Allen Defensive Rebound.,64,52,12,0,0.9758574154626976,0.9279662274049394,3,4,10.9,NA,NA,NA,NA,NA,NA,NA,NA,Notre Dame,Duke
401019994,2018-03-08,Duke,Notre Dame,243,2,10:21:00,621,621,Foul on John Mooney.,64,52,12,29,0.9766854115362386,0.931231053850284,3,4,10.9,NA,NA,NA,NA,NA,NA,NA,NA,Duke,Duke
401019994,2018-03-08,Duke,Notre Dame,244,2,10:21:00,621,621,Wendell Carter Jr made Free Throw.,65,52,13,0,0.9811503541670172,0.9439008997683715,3,4,10.9,25,87.94222222222221,Duke,made,Wendell Carter Jr,NA,FALSE,TRUE,Duke,Duke
401019994,2018-03-08,Duke,Notre Dame,245,2,10:21:00,621,621,Wendell Carter Jr made Free Throw.,66,52,14,0,0.984773552729962,0.9543509060148262,3,4,10.9,25,87.94222222222221,Duke,made,Wendell Carter Jr,NA,FALSE,TRUE,Duke,Notre Dame
401019994,2018-03-08,Duke,Notre Dame,246,2,09:57:00,597,597,TJ Gibbs Jr. missed Three Point Jumper.,66,52,14,24,0.9854181687649084,0.95674656707393535,3,4,10.9,40,31.33333333333333,Notre Dame,missed,TJ Gibbs Jr.,NA,TRUE,FALSE,Notre Dame,Notre Dame
401019994,2018-03-08,Duke,Notre Dame,247,2,09:57:00,597,597,Martinas Geben Offensive Rebound.,66,52,14,0,0.9854181687649084,0.95674656707393535,3,4,10.9,NA,NA,NA,NA,NA,NA,NA,NA,Notre Dame,Notre Dame
401019994,2018-03-08,Duke,Notre Dame,248,2,09:57:00,597,597,Martinas Geben made Two Point Tip Shot.,66,54,12,0,0.9774880121101166,0.9342638706895892,3,4,10.9,25,5.222222222222221,Notre Dame,made,Martinas Geben,NA,FALSE,FALSE,Notre Dame,Duke
401019994,2018-03-08,Duke,Notre Dame,249,2,09:31:00,571,571,Grayson Allen missed Jumper.,66,54,12,26,0.978548673834872,0.9380943912945358,3,4,10.9,28.999999999999996,79.58666666666667,Duke,missed,Grayson Allen,NA,FALSE,FALSE,Duke,Notre Dame
401019994,2018-03-08,Duke,Notre Dame,250,2,09:31:00,571,571,Bonzie Colson Defensive Rebound.,66,54,12,0,0.978548673834872,0.9380943912945358,3,4,10.9,NA,NA,NA,NA,NA,NA,NA,NA,Duke,Notre Dame
401019994,2018-03-08,Duke,Notre Dame,251,2,09:21:00,561,561,TJ Gibbs Jr. missed Jumper.,66,54,12,10,0.979021065798369,0.9397498968707384,3,4,10.9,20,8.355555555555556,Notre Dame,missed,TJ Gibbs Jr.,NA,FALSE,FALSE,Notre Dame,Duke
401019994,2018-03-08,Duke,Notre Dame,252,2,09:21:00,561,561,Marvin Bagley III Defensive Rebound.,66,54,12,0,0.979021065798369,0.9397498968707384,3,4,10.9,NA,NA,NA,NA,NA,NA,NA,NA,Notre Dame,Duke
401019994,2018-03-08,Duke,Notre Dame,253,2,09:01:00,541,541,Marvin Bagley III made Jumper.,68,54,14,20,0.9874070412932864,0.9636976039570228,3,4,10.9,27,80.6311111111111,Duke,made,Marvin Bagley III,NA,FALSE,FALSE,Duke,Notre Dame
401019994,2018-03-08,Duke,Notre Dame,254,2,08:43:00,523,523,Bonzie Colson made Jumper. Assisted by Rex Pflueger.,68,56,12,18,0.9807667701520428,0.9458246068711672,3,4,10.9,30,12.533333333333331,Notre Dame,made,Bonzie Colson,Rex Pflueger,FALSE,FALSE,Notre Dame,Duke
401019994,2018-03-08,Duke,Notre Dame,255,2,08:21:00,501,501,Grayson Allen made Jumper. Assisted by Trevon Duval.,70,56,14,22,0.9885397694727588,0.9676675477268276,3,4,10.9,28.999999999999996,70.18666666666667,Duke,made,Grayson Allen,Trevon Duval,FALSE,FALSE,Duke,Notre Dame
401019994,2018-03-08,Duke,Notre Dame,256,2,08:02:00,482,482,Bonzie Colson missed Jumper.,70,56,14,19,0.9890212225258114,0.9693489932513224,3,4,10.9,19,6.266666666666667,Notre Dame,missed,Bonzie Colson,NA,FALSE,FALSE,Notre Dame,Duke
401019994,2018-03-08,Duke,Notre Dame,257,2,08:02:00,482,482,Marques Bolden Block.,70,56,14,0,0.9890212225258114,0.9693489932513224,3,4,10.9,NA,NA,NA,NA,NA,NA,NA,NA,Notre Dame,Duke
401019994,2018-03-08,Duke,Notre Dame,258,2,08:02:00,482,482,Marques Bolden Defensive Rebound.,70,56,14,0,0.9890212225258114,0.9693489932513224,3,4,10.9,NA,NA,NA,NA,NA,NA,NA,NA,Notre Dame,Duke
401019994,2018-03-08,Duke,Notre Dame,259,2,07:42:00,462,462,Marvin Bagley III made Jumper. Assisted by Grayson Allen.,72,56,16,20,0.993687049738515,0.9824523951484316,3,4,10.9,13,78.54222222222222,Duke,made,Marvin Bagley III,Grayson Allen,FALSE,FALSE,Duke,Notre Dame
401019994,2018-03-08,Duke,Notre Dame,260,2,07:30:00,450,450,Official TV Timeout,72,56,16,12,0.9939805635193107,0.9833980665977649,3,4,10.9,NA,NA,NA,NA,NA,NA,NA,NA,Notre Dame,Duke
401019994,2018-03-08,Duke,Notre Dame,261,2,07:12:00,432,432,Foul on Bonzie Colson.,72,56,16,18,0.9944958689205288,0.9850108420101767,3,4,10.9,NA,NA,NA,NA,NA,NA,NA,NA,Duke,Duke
401019994,2018-03-08,Duke,Notre Dame,262,2,07:12:00,432,432,Bonzie Colson Turnover.,72,56,16,0,0.9944958689205288,0.9850108420101767,3,4,10.9,NA,NA,NA,NA,NA,NA,NA,NA,Notre Dame,Duke
401019994,2018-03-08,Duke,Notre Dame,263,2,06:56:00,416,416,Marques Bolden made Jumper. Assisted by Gary Trent Jr..,74,56,18,16,0.9970468477654112,0.9920290655561772,3,4,10.9,28.000000000000004,68.09777777777778,Duke,made,Marques Bolden,Gary Trent Jr.,FALSE,FALSE,Duke,Notre Dame
401019994,2018-03-08,Duke,Notre Dame,264,2,06:36:00,396,396,Matt Farrell made Three Point Jumper. Assisted by Rex Pflueger.,74,59,15,20,0.994005288688351,0.9841835038246738,3,4,10.9,29,33.422222222222224,Notre Dame,made,Matt Farrell,Rex Pflueger,TRUE,FALSE,Notre Dame,Duke
401019994,2018-03-08,Duke,Notre Dame,265,2,06:13:00,373,373,Marvin Bagley III made Jumper. Assisted by Trevon Duval.,76,59,17,23,0.9969374498232664,0.9920556437365196,3,4,10.9,26,79.58666666666667,Duke,made,Marvin Bagley III,Trevon Duval,FALSE,FALSE,Duke,Notre Dame
401019994,2018-03-08,Duke,Notre Dame,266,2,06:11:00,371,371,Duke  Timeout,76,59,17,2,0.9969720799834894,0.9921604801854632,3,3,10.9,NA,NA,NA,NA,NA,NA,NA,NA,Notre Dame,Notre Dame
401019994,2018-03-08,Duke,Notre Dame,267,2,05:52:00,352,352,Rex Pflueger missed Three Point Jumper.,76,59,17,19,0.9973095370732288,0.9931634346985476,3,3,10.9,42,24.02222222222222,Notre Dame,missed,Rex Pflueger,NA,TRUE,FALSE,Notre Dame,Duke
401019994,2018-03-08,Duke,Notre Dame,268,2,05:52:00,352,352,Duke Defensive Rebound.,76,59,17,0,0.9973095370732288,0.9931634346985476,3,3,10.9,NA,NA,NA,NA,NA,NA,NA,NA,Notre Dame,Duke
401019994,2018-03-08,Duke,Notre Dame,269,2,05:39:00,339,339,Foul on Marvin Bagley III.,76,59,17,13,0.9975544637036482,0.9938684554601388,3,3,10.9,NA,NA,NA,NA,NA,NA,NA,NA,Duke,Notre Dame
401019994,2018-03-08,Duke,Notre Dame,270,2,05:39:00,339,339,Marvin Bagley III Turnover.,76,59,17,0,0.9975544637036482,0.9938684554601388,3,3,10.9,NA,NA,NA,NA,NA,NA,NA,NA,Duke,Notre Dame
401019994,2018-03-08,Duke,Notre Dame,271,2,05:32:00,332,332,Matt Farrell made Three Point Jumper. Assisted by Bonzie Colson.,76,62,14,7,0.9942885413191532,0.9858574125360302,3,3,10.9,12,21.93333333333333,Notre Dame,made,Matt Farrell,Bonzie Colson,TRUE,FALSE,Notre Dame,Duke
401019994,2018-03-08,Duke,Notre Dame,272,2,05:08:00,308,308,Gary Trent Jr. made Layup.,78,62,16,24,0.9975051689207532,0.9939584697330696,3,3,10.9,28.000000000000004,86.89777777777778,Duke,made,Gary Trent Jr.,NA,FALSE,FALSE,Duke,Notre Dame
401019994,2018-03-08,Duke,Notre Dame,273,2,05:02:00,302,302,TJ Gibbs Jr. missed Three Point Jumper.,78,62,16,6,0.9976133072016744,0.9942590657740512,3,3,10.9,44,18.799999999999997,Notre Dame,missed,TJ Gibbs Jr.,NA,TRUE,FALSE,Notre Dame,Duke
401019994,2018-03-08,Duke,Notre Dame,274,2,05:02:00,302,302,Grayson Allen Defensive Rebound.,78,62,16,0,0.9976133072016744,0.9942590657740512,3,3,10.9,NA,NA,NA,NA,NA,NA,NA,NA,Notre Dame,Duke
401019994,2018-03-08,Duke,Notre Dame,275,2,04:36:00,276,276,Marvin Bagley III made Jumper. Assisted by Trevon Duval.,80,62,18,26,0.9987362735657676,0.9970441020789478,3,3,10.9,20,85.85333333333332,Duke,made,Marvin Bagley III,Trevon Duval,FALSE,FALSE,Duke,Notre Dame
401019994,2018-03-08,Duke,Notre Dame,276,2,04:17:00,257,257,Matt Farrell made Jumper.,80,64,16,19,0.9973132059977258,0.993862917122154,3,3,10.9,21.000000000000004,10.444444444444445,Notre Dame,made,Matt Farrell,NA,FALSE,FALSE,Notre Dame,Duke
401019994,2018-03-08,Duke,Notre Dame,277,2,04:09:00,249,249,Notre Dame  Timeout,80,64,16,8,0.9971934887576186,0.9936506199109204,2,3,10.9,NA,NA,NA,NA,NA,NA,NA,NA,Duke,Duke
401019994,2018-03-08,Duke,Notre Dame,278,2,04:09:00,249,249,Official TV Timeout,80,64,16,0,0.9971934887576186,0.9936506199109204,2,3,10.9,NA,NA,NA,NA,NA,NA,NA,NA,Duke,Duke
401019994,2018-03-08,Duke,Notre Dame,279,2,03:51:00,231,231,Marvin Bagley III made Layup. Assisted by Grayson Allen.,82,64,18,18,0.9984371269517824,0.996536072966551,2,3,10.9,26,86.89777777777778,Duke,made,Marvin Bagley III,Grayson Allen,FALSE,FALSE,Duke,Notre Dame
401019994,2018-03-08,Duke,Notre Dame,280,2,03:31:00,211,211,Bonzie Colson missed Jumper.,82,64,18,20,0.9986520464713796,0.9970896184917876,2,3,10.9,25,9.4,Notre Dame,missed,Bonzie Colson,NA,FALSE,FALSE,Notre Dame,Duke
401019994,2018-03-08,Duke,Notre Dame,281,2,03:31:00,211,211,Marvin Bagley III Defensive Rebound.,82,64,18,0,0.9986520464713796,0.9970896184917876,2,3,10.9,NA,NA,NA,NA,NA,NA,NA,NA,Notre Dame,Duke
401019994,2018-03-08,Duke,Notre Dame,282,2,03:14:00,194,194,Gary Trent Jr. missed Jumper.,82,64,18,17,0.9990820971114058,0.9980652249408852,2,3,10.9,24,76.45333333333333,Duke,missed,Gary Trent Jr.,NA,FALSE,FALSE,Duke,Notre Dame
401019994,2018-03-08,Duke,Notre Dame,283,2,03:14:00,194,194,Bonzie Colson Defensive Rebound.,82,64,18,0,0.9990820971114058,0.9980652249408852,2,3,10.9,NA,NA,NA,NA,NA,NA,NA,NA,Duke,Notre Dame
401019994,2018-03-08,Duke,Notre Dame,284,2,03:03:00,183,183,TJ Gibbs Jr. made Layup. Assisted by Matt Farrell.,82,66,16,11,0.99869544974567,0.9972975757708706,2,3,10.9,21.999999999999996,5.222222222222221,Notre Dame,made,TJ Gibbs Jr.,Matt Farrell,FALSE,FALSE,Notre Dame,Duke
401019994,2018-03-08,Duke,Notre Dame,285,2,03:03:00,183,183,Foul on Gary Trent Jr..,82,66,16,0,0.99869544974567,0.9972975757708706,2,3,10.9,NA,NA,NA,NA,NA,NA,NA,NA,Notre Dame,Notre Dame
401019994,2018-03-08,Duke,Notre Dame,286,2,03:03:00,183,183,TJ Gibbs Jr. missed Free Throw.,82,66,16,0,0.99869544974567,0.9972975757708706,2,3,10.9,25,4.177777777777778,Notre Dame,missed,TJ Gibbs Jr.,NA,FALSE,TRUE,Notre Dame,Duke
401019994,2018-03-08,Duke,Notre Dame,287,2,03:03:00,183,183,Gary Trent Jr. Defensive Rebound.,82,66,16,0,0.99869544974567,0.9972975757708706,2,3,10.9,NA,NA,NA,NA,NA,NA,NA,NA,Notre Dame,Duke
401019994,2018-03-08,Duke,Notre Dame,288,2,02:46:00,166,166,Trevon Duval missed Three Point Jumper.,82,66,16,17,0.999255053804378,0.9984969554730918,2,3,10.9,3,85.85333333333332,Duke,missed,Trevon Duval,NA,TRUE,FALSE,Duke,Notre Dame
401019994,2018-03-08,Duke,Notre Dame,289,2,02:46:00,166,166,Matt Farrell Defensive Rebound.,82,66,16,0,0.999255053804378,0.9984969554730918,2,3,10.9,NA,NA,NA,NA,NA,NA,NA,NA,Duke,Notre Dame
401019994,2018-03-08,Duke,Notre Dame,290,2,02:33:00,153,153,Matt Farrell missed Three Point Jumper.,82,66,16,13,0.9995324513231146,0.9990762427237496,2,3,10.9,30,29.244444444444444,Notre Dame,missed,Matt Farrell,NA,TRUE,FALSE,Notre Dame,Duke
401019994,2018-03-08,Duke,Notre Dame,291,2,02:33:00,153,153,Marvin Bagley III Defensive Rebound.,82,66,16,0,0.9995324513231146,0.9990762427237496,2,3,10.9,NA,NA,NA,NA,NA,NA,NA,NA,Notre Dame,Duke
401019994,2018-03-08,Duke,Notre Dame,292,2,02:14:00,134,134,Trevon Duval Turnover.,82,66,16,19,0.9997853646204392,0.9995893060918076,2,3,10.9,NA,NA,NA,NA,NA,NA,NA,NA,Duke,Notre Dame
401019994,2018-03-08,Duke,Notre Dame,293,2,02:14:00,134,134,Nikola Djogo Steal.,82,66,16,0,0.9997853646204392,0.9995893060918076,2,3,10.9,NA,NA,NA,NA,NA,NA,NA,NA,Duke,Notre Dame
401019994,2018-03-08,Duke,Notre Dame,294,2,01:59:00,119,119,Elijah Burns missed Jumper.,82,66,16,15,0.999896411039694,0.999806974662635,2,3,10.9,21.999999999999996,6.266666666666667,Notre Dame,missed,Elijah Burns,NA,FALSE,FALSE,Notre Dame,Duke
401019994,2018-03-08,Duke,Notre Dame,295,2,01:59:00,119,119,Wendell Carter Jr Block.,82,66,16,0,0.999896411039694,0.999806974662635,2,3,10.9,NA,NA,NA,NA,NA,NA,NA,NA,Notre Dame,Duke
401019994,2018-03-08,Duke,Notre Dame,296,2,01:59:00,119,119,Marvin Bagley III Defensive Rebound.,82,66,16,0,0.999896411039694,0.999806974662635,2,3,10.9,NA,NA,NA,NA,NA,NA,NA,NA,Notre Dame,Duke
401019994,2018-03-08,Duke,Notre Dame,297,2,01:48:00,108,108,Trevon Duval missed Dunk.,82,66,16,11,0.999944006419378,0.9998977476589084,2,3,10.9,26,85.85333333333332,Duke,missed,Trevon Duval,NA,FALSE,FALSE,Duke,Notre Dame
401019994,2018-03-08,Duke,Notre Dame,298,2,01:48:00,108,108,Notre Dame Defensive Rebound.,82,66,16,0,0.999944006419378,0.9998977476589084,2,3,10.9,NA,NA,NA,NA,NA,NA,NA,NA,Duke,Notre Dame
401019994,2018-03-08,Duke,Notre Dame,299,2,01:48:00,108,108,Duke  Timeout,82,66,16,0,0.999944006419378,0.9998977476589084,2,2,10.9,NA,NA,NA,NA,NA,NA,NA,NA,Duke,Notre Dame
401019994,2018-03-08,Duke,Notre Dame,300,2,01:43:00,103,103,John Mooney made Jumper. Assisted by Matt Farrell.,82,68,14,5,0.9998647075742252,0.9997552647499226,2,2,10.9,26,18.799999999999997,Notre Dame,made,John Mooney,Matt Farrell,FALSE,FALSE,Notre Dame,Duke
401019994,2018-03-08,Duke,Notre Dame,301,2,01:19:00,79,79,Grayson Allen made Jumper.,84,68,16,24,0.99999213003457,0.9999864129831432,2,2,10.9,18,84.80888888888889,Duke,made,Grayson Allen,NA,FALSE,FALSE,Duke,Notre Dame
401019994,2018-03-08,Duke,Notre Dame,302,2,01:09:00,69,69,Elijah Burns missed Jumper.,84,68,16,10,0.9999963532547904,0.9999938304188164,2,2,10.9,41,4.177777777777778,Notre Dame,missed,Elijah Burns,NA,FALSE,FALSE,Notre Dame,Notre Dame
401019994,2018-03-08,Duke,Notre Dame,303,2,01:09:00,69,69,John Mooney Offensive Rebound.,84,68,16,0,0.9999963532547904,0.9999938304188164,2,2,10.9,NA,NA,NA,NA,NA,NA,NA,NA,Notre Dame,Notre Dame
401019994,2018-03-08,Duke,Notre Dame,304,2,01:09:00,69,69,John Mooney made Free Throw.,84,70,14,0,0.9999836650573024,0.9999723647075152,2,2,10.9,25,4.177777777777778,Notre Dame,made,John Mooney,NA,FALSE,TRUE,Notre Dame,Notre Dame
401019994,2018-03-08,Duke,Notre Dame,305,2,01:09:00,69,69,Foul on Javin DeLaurier.,84,68,16,0,0.9999963532547904,0.9999938304188164,2,2,10.9,NA,NA,NA,NA,NA,NA,NA,NA,Notre Dame,Notre Dame
401019994,2018-03-08,Duke,Notre Dame,306,2,01:09:00,69,69,John Mooney made Free Throw.,84,69,15,0,0.9999922818626078,0.9999869424546084,2,2,10.9,25,4.177777777777778,Notre Dame,made,John Mooney,NA,FALSE,TRUE,Notre Dame,Duke
401019994,2018-03-08,Duke,Notre Dame,307,2,00:38:00,38,38,Marques Bolden made Jumper. Assisted by Alex O'Connell.,86,70,16,31,0.999999752144906,0.9999996073879376,2,2,10.9,23,82.72,Duke,made,Marques Bolden,Alex O'Connell,FALSE,FALSE,Duke,Notre Dame
401019994,2018-03-08,Duke,Notre Dame,308,2,00:19:00,19,19,Nikola Djogo Turnover.,86,70,16,19,0.999999962257454,0.9999999427099836,2,2,10.9,NA,NA,NA,NA,NA,NA,NA,NA,Notre Dame,Duke
401019994,2018-03-08,Duke,Notre Dame,309,2,00:19:00,19,19,Alex O'Connell Steal.,86,70,16,0,0.999999962257454,0.9999999427099836,2,2,10.9,NA,NA,NA,NA,NA,NA,NA,NA,Notre Dame,Duke
401019994,2018-03-08,Duke,Notre Dame,310,2,00:15:00,15,15,Alex O'Connell made Dunk.,88,70,18,4,0.9999999970869816,0.9999999956188808,2,2,10.9,26,85.85333333333332,Duke,made,Alex O'Connell,NA,FALSE,FALSE,Duke,Notre Dame
401019994,2018-03-08,Duke,Notre Dame,311,2,00:00:00,0,0,End of Game,88,70,18,15,1,1,2,2,10.9,NA,NA,NA,NA,NA,NA,NA,NA,Notre Dame,NA
