game_id,date,home,away,play_id,half,time_remaining_half,secs_remaining,secs_remaining_absolute,description,home_score,away_score,score_diff,play_length,win_prob,naive_win_prob,home_time_out_remaining,away_time_out_remaining,home_favored_by,total_line,referees,arena_location,arena,capacity,attendance,shot_x,shot_y,shot_team,shot_outcome,shooter,assist,three_pt,free_throw,possession_before,possession_after,wrong_time
401369198,2021-12-11,Kennesaw State,Voorhees,1,1,20:00,2400,2400,PLAY,0,0,0,0,0.5,0.5,4,4,NA,NA,"c(""Art Vaulk"", "" Michael Husted"", "" Donald Daniels"")","Kennesaw, GA",KSU Convocation Center,4800,936,NA,NA,NA,NA,NA,NA,NA,NA,NA,Kennesaw State,NA
401369198,2021-12-11,Kennesaw State,Voorhees,2,1,19:46,2386,2386,Spencer Rodgers Turnover.,0,0,0,14,0.5,0.5,4,4,NA,NA,"c(""Art Vaulk"", "" Michael Husted"", "" Donald Daniels"")","Kennesaw, GA",KSU Convocation Center,4800,936,NA,NA,NA,NA,NA,NA,NA,NA,Kennesaw State,Voorhees,FALSE
401369198,2021-12-11,Kennesaw State,Voorhees,3,1,19:46,2386,2386,Ezekiel Williamsonbey Steal.,0,0,0,0,0.5,0.5,4,4,NA,NA,"c(""Art Vaulk"", "" Michael Husted"", "" Donald Daniels"")","Kennesaw, GA",KSU Convocation Center,4800,936,NA,NA,NA,NA,NA,NA,NA,NA,Kennesaw State,Voorhees,FALSE
401369198,2021-12-11,Kennesaw State,Voorhees,4,1,19:23,2363,2363,Joell Davis missed Layup.,0,0,0,23,0.5,0.5,4,4,NA,NA,"c(""Art Vaulk"", "" Michael Husted"", "" Donald Daniels"")","Kennesaw, GA",KSU Convocation Center,4800,936,NA,NA,Voorhees,missed,Joell Davis,NA,FALSE,FALSE,Voorhees,Kennesaw State,FALSE
401369198,2021-12-11,Kennesaw State,Voorhees,5,1,19:20,2360,2360,Demond Robinson Defensive Rebound.,0,0,0,3,0.5,0.5,4,4,NA,NA,"c(""Art Vaulk"", "" Michael Husted"", "" Donald Daniels"")","Kennesaw, GA",KSU Convocation Center,4800,936,NA,NA,NA,NA,NA,NA,NA,NA,Voorhees,Kennesaw State,FALSE
401369198,2021-12-11,Kennesaw State,Voorhees,6,1,19:10,2350,2350,Chris Youngblood made Three Point Jumper.,3,0,3,10,0.5674075052667423,0.5674075052667423,4,4,NA,NA,"c(""Art Vaulk"", "" Michael Husted"", "" Donald Daniels"")","Kennesaw, GA",KSU Convocation Center,4800,936,NA,NA,Kennesaw State,made,Chris Youngblood,NA,TRUE,FALSE,Kennesaw State,Voorhees,FALSE
401369198,2021-12-11,Kennesaw State,Voorhees,7,1,18:41,2321,2321,Hector Rosario missed Jumper.,3,0,3,29,0.5683466111003519,0.5683466111003519,4,4,NA,NA,"c(""Art Vaulk"", "" Michael Husted"", "" Donald Daniels"")","Kennesaw, GA",KSU Convocation Center,4800,936,NA,NA,Voorhees,missed,Hector Rosario,NA,FALSE,FALSE,Voorhees,Kennesaw State,FALSE
401369198,2021-12-11,Kennesaw State,Voorhees,8,1,18:38,2318,2318,Spencer Rodgers Defensive Rebound.,3,0,3,3,0.5684445851038439,0.5684445851038439,4,4,NA,NA,"c(""Art Vaulk"", "" Michael Husted"", "" Donald Daniels"")","Kennesaw, GA",KSU Convocation Center,4800,936,NA,NA,NA,NA,NA,NA,NA,NA,Voorhees,Kennesaw State,FALSE
401369198,2021-12-11,Kennesaw State,Voorhees,9,1,18:33,2313,2313,Brandon Stroud missed Layup.,3,0,3,5,0.5686081994672192,0.5686081994672192,4,4,NA,NA,"c(""Art Vaulk"", "" Michael Husted"", "" Donald Daniels"")","Kennesaw, GA",KSU Convocation Center,4800,936,NA,NA,Kennesaw State,missed,Brandon Stroud,NA,FALSE,FALSE,Kennesaw State,Kennesaw State,FALSE
401369198,2021-12-11,Kennesaw State,Voorhees,10,1,18:30,2310,2310,Brandon Stroud Offensive Rebound.,3,0,3,3,0.5687065592332494,0.5687065592332494,4,4,NA,NA,"c(""Art Vaulk"", "" Michael Husted"", "" Donald Daniels"")","Kennesaw, GA",KSU Convocation Center,4800,936,NA,NA,NA,NA,NA,NA,NA,NA,Kennesaw State,Kennesaw State,FALSE
401369198,2021-12-11,Kennesaw State,Voorhees,11,1,18:25,2305,2305,Brandon Stroud missed Layup.,3,0,3,5,0.5688708039301624,0.5688708039301624,4,4,NA,NA,"c(""Art Vaulk"", "" Michael Husted"", "" Donald Daniels"")","Kennesaw, GA",KSU Convocation Center,4800,936,NA,NA,Kennesaw State,missed,Brandon Stroud,NA,FALSE,FALSE,Kennesaw State,Kennesaw State,FALSE
401369198,2021-12-11,Kennesaw State,Voorhees,12,1,18:25,2305,2305,Fred Spells Block.,3,0,3,0,0.5688708039301624,0.5688708039301624,4,4,NA,NA,"c(""Art Vaulk"", "" Michael Husted"", "" Donald Daniels"")","Kennesaw, GA",KSU Convocation Center,4800,936,NA,NA,NA,NA,NA,NA,NA,NA,Kennesaw State,Kennesaw State,FALSE
401369198,2021-12-11,Kennesaw State,Voorhees,13,1,18:22,2302,2302,Brandon Stroud Offensive Rebound.,3,0,3,3,0.5689695343354628,0.5689695343354628,4,4,NA,NA,"c(""Art Vaulk"", "" Michael Husted"", "" Donald Daniels"")","Kennesaw, GA",KSU Convocation Center,4800,936,NA,NA,NA,NA,NA,NA,NA,NA,Kennesaw State,Kennesaw State,FALSE
401369198,2021-12-11,Kennesaw State,Voorhees,14,1,18:22,2302,2302,Brandon Stroud missed Layup.,3,0,3,0,0.5689695343354628,0.5689695343354628,4,4,NA,NA,"c(""Art Vaulk"", "" Michael Husted"", "" Donald Daniels"")","Kennesaw, GA",KSU Convocation Center,4800,936,NA,NA,Kennesaw State,missed,Brandon Stroud,NA,FALSE,FALSE,Kennesaw State,Kennesaw State,FALSE
401369198,2021-12-11,Kennesaw State,Voorhees,15,1,18:22,2302,2302,Demond Robinson Offensive Rebound.,3,0,3,0,0.5689695343354628,0.5689695343354628,4,4,NA,NA,"c(""Art Vaulk"", "" Michael Husted"", "" Donald Daniels"")","Kennesaw, GA",KSU Convocation Center,4800,936,NA,NA,NA,NA,NA,NA,NA,NA,Kennesaw State,Kennesaw State,FALSE
401369198,2021-12-11,Kennesaw State,Voorhees,16,1,18:22,2302,2302,Demond Robinson Turnover.,3,0,3,0,0.5689695343354628,0.5689695343354628,4,4,NA,NA,"c(""Art Vaulk"", "" Michael Husted"", "" Donald Daniels"")","Kennesaw, GA",KSU Convocation Center,4800,936,NA,NA,NA,NA,NA,NA,NA,NA,Kennesaw State,Voorhees,FALSE
401369198,2021-12-11,Kennesaw State,Voorhees,17,1,18:06,2286,2286,Joell Davis missed Three Point Jumper.,3,0,3,16,0.5694983262126054,0.5694983262126054,4,4,NA,NA,"c(""Art Vaulk"", "" Michael Husted"", "" Donald Daniels"")","Kennesaw, GA",KSU Convocation Center,4800,936,NA,NA,Voorhees,missed,Joell Davis,NA,TRUE,FALSE,Voorhees,Kennesaw State,FALSE
401369198,2021-12-11,Kennesaw State,Voorhees,18,1,18:04,2284,2284,Chris Youngblood Defensive Rebound.,3,0,3,2,0.5695646793277579,0.5695646793277579,4,4,NA,NA,"c(""Art Vaulk"", "" Michael Husted"", "" Donald Daniels"")","Kennesaw, GA",KSU Convocation Center,4800,936,NA,NA,NA,NA,NA,NA,NA,NA,Voorhees,Kennesaw State,FALSE
401369198,2021-12-11,Kennesaw State,Voorhees,19,1,17:57,2277,2277,Demond Robinson missed Dunk.,3,0,3,7,0.5697973393120882,0.5697973393120882,4,4,NA,NA,"c(""Art Vaulk"", "" Michael Husted"", "" Donald Daniels"")","Kennesaw, GA",KSU Convocation Center,4800,936,NA,NA,Kennesaw State,missed,Demond Robinson,NA,FALSE,FALSE,Kennesaw State,Voorhees,FALSE
401369198,2021-12-11,Kennesaw State,Voorhees,20,1,17:54,2274,2274,Tawon Buie Defensive Rebound.,3,0,3,3,0.5698972479600887,0.5698972479600887,4,4,NA,NA,"c(""Art Vaulk"", "" Michael Husted"", "" Donald Daniels"")","Kennesaw, GA",KSU Convocation Center,4800,936,NA,NA,NA,NA,NA,NA,NA,NA,Kennesaw State,Voorhees,FALSE
401369198,2021-12-11,Kennesaw State,Voorhees,21,1,17:46,2266,2266,Tawon Buie made Jumper.,3,2,1,8,0.523526051435561,0.523526051435561,4,4,NA,NA,"c(""Art Vaulk"", "" Michael Husted"", "" Donald Daniels"")","Kennesaw, GA",KSU Convocation Center,4800,936,NA,NA,Voorhees,made,Tawon Buie,NA,FALSE,FALSE,Voorhees,Kennesaw State,FALSE
401369198,2021-12-11,Kennesaw State,Voorhees,22,1,17:32,2252,2252,Chris Youngblood Turnover.,3,2,1,14,0.523685214139179,0.523685214139179,4,4,NA,NA,"c(""Art Vaulk"", "" Michael Husted"", "" Donald Daniels"")","Kennesaw, GA",KSU Convocation Center,4800,936,NA,NA,NA,NA,NA,NA,NA,NA,Kennesaw State,Voorhees,FALSE
401369198,2021-12-11,Kennesaw State,Voorhees,23,1,17:12,2232,2232,Tawon Buie Turnover.,3,2,1,20,0.5239139165975408,0.5239139165975408,4,4,NA,NA,"c(""Art Vaulk"", "" Michael Husted"", "" Donald Daniels"")","Kennesaw, GA",KSU Convocation Center,4800,936,NA,NA,NA,NA,NA,NA,NA,NA,Voorhees,Kennesaw State,FALSE
401369198,2021-12-11,Kennesaw State,Voorhees,24,1,17:12,2232,2232,Spencer Rodgers Steal.,3,2,1,0,0.5239139165975408,0.5239139165975408,4,4,NA,NA,"c(""Art Vaulk"", "" Michael Husted"", "" Donald Daniels"")","Kennesaw, GA",KSU Convocation Center,4800,936,NA,NA,NA,NA,NA,NA,NA,NA,Voorhees,Kennesaw State,FALSE
401369198,2021-12-11,Kennesaw State,Voorhees,25,1,16:59,2219,2219,Isaiah Reddish made Three Point Jumper. Assisted by Terrell Burden.,6,2,4,13,0.5951533663527055,0.5951533663527055,4,4,NA,NA,"c(""Art Vaulk"", "" Michael Husted"", "" Donald Daniels"")","Kennesaw, GA",KSU Convocation Center,4800,936,NA,NA,Kennesaw State,made,Isaiah Reddish,Terrell Burden,TRUE,FALSE,Kennesaw State,Voorhees,FALSE
401369198,2021-12-11,Kennesaw State,Voorhees,26,1,16:26,2186,2186,Foul on Fred Spells.,6,2,4,33,0.5966265891177618,0.5966265891177618,4,4,NA,NA,"c(""Art Vaulk"", "" Michael Husted"", "" Donald Daniels"")","Kennesaw, GA",KSU Convocation Center,4800,936,NA,NA,NA,NA,NA,NA,NA,NA,Voorhees,Kennesaw State,FALSE
401369198,2021-12-11,Kennesaw State,Voorhees,27,1,16:26,2186,2186,Fred Spells Turnover.,6,2,4,0,0.5966265891177618,0.5966265891177618,4,4,NA,NA,"c(""Art Vaulk"", "" Michael Husted"", "" Donald Daniels"")","Kennesaw, GA",KSU Convocation Center,4800,936,NA,NA,NA,NA,NA,NA,NA,NA,Kennesaw State,Kennesaw State,FALSE
401369198,2021-12-11,Kennesaw State,Voorhees,28,1,16:14,2174,2174,Foul on Fred Spells.,6,2,4,12,0.5971644061169916,0.5971644061169916,4,4,NA,NA,"c(""Art Vaulk"", "" Michael Husted"", "" Donald Daniels"")","Kennesaw, GA",KSU Convocation Center,4800,936,NA,NA,NA,NA,NA,NA,NA,NA,Kennesaw State,Kennesaw State,FALSE
401369198,2021-12-11,Kennesaw State,Voorhees,29,1,16:14,2174,2174,Demond Robinson made Free Throw.,7,2,5,0,0.6205962868326589,0.6205962868326589,4,4,NA,NA,"c(""Art Vaulk"", "" Michael Husted"", "" Donald Daniels"")","Kennesaw, GA",KSU Convocation Center,4800,936,NA,NA,Kennesaw State,made,Demond Robinson,NA,FALSE,TRUE,Kennesaw State,Kennesaw State,FALSE
401369198,2021-12-11,Kennesaw State,Voorhees,30,1,16:14,2174,2174,Demond Robinson made Free Throw.,8,2,6,0,0.6434789222215519,0.6434789222215519,4,4,NA,NA,"c(""Art Vaulk"", "" Michael Husted"", "" Donald Daniels"")","Kennesaw, GA",KSU Convocation Center,4800,936,NA,NA,Kennesaw State,made,Demond Robinson,NA,FALSE,TRUE,Kennesaw State,Voorhees,FALSE
401369198,2021-12-11,Kennesaw State,Voorhees,31,1,16:02,2162,2162,Foul on Isaiah Reddish.,8,2,6,12,0.6442496240798244,0.6442496240798244,4,4,NA,NA,"c(""Art Vaulk"", "" Michael Husted"", "" Donald Daniels"")","Kennesaw, GA",KSU Convocation Center,4800,936,NA,NA,NA,NA,NA,NA,NA,NA,Voorhees,Voorhees,FALSE
401369198,2021-12-11,Kennesaw State,Voorhees,32,1,15:50,2150,2150,Joell Davis missed Layup.,8,2,6,12,0.6450225712198908,0.6450225712198908,4,4,NA,NA,"c(""Art Vaulk"", "" Michael Husted"", "" Donald Daniels"")","Kennesaw, GA",KSU Convocation Center,4800,936,NA,NA,Voorhees,missed,Joell Davis,NA,FALSE,FALSE,Voorhees,Kennesaw State,FALSE
401369198,2021-12-11,Kennesaw State,Voorhees,33,1,15:50,2150,2150,Nate Springs Block.,8,2,6,0,0.6450225712198908,0.6450225712198908,4,4,NA,NA,"c(""Art Vaulk"", "" Michael Husted"", "" Donald Daniels"")","Kennesaw, GA",KSU Convocation Center,4800,936,NA,NA,NA,NA,NA,NA,NA,NA,Voorhees,Kennesaw State,FALSE
401369198,2021-12-11,Kennesaw State,Voorhees,34,1,15:46,2146,2146,Nate Springs Defensive Rebound.,8,2,6,4,0.6452807634394155,0.6452807634394155,4,4,NA,NA,"c(""Art Vaulk"", "" Michael Husted"", "" Donald Daniels"")","Kennesaw, GA",KSU Convocation Center,4800,936,NA,NA,NA,NA,NA,NA,NA,NA,Voorhees,Kennesaw State,FALSE
401369198,2021-12-11,Kennesaw State,Voorhees,35,1,15:42,2142,2142,Chris Youngblood made Three Point Jumper. Assisted by Kasen Jennings.,11,2,9,4,0.7107917559670978,0.7107917559670978,4,4,NA,NA,"c(""Art Vaulk"", "" Michael Husted"", "" Donald Daniels"")","Kennesaw, GA",KSU Convocation Center,4800,936,NA,NA,Kennesaw State,made,Chris Youngblood,Kasen Jennings,TRUE,FALSE,Kennesaw State,Voorhees,FALSE
401369198,2021-12-11,Kennesaw State,Voorhees,36,1,15:42,2142,2142,Official TV Timeout,11,2,9,0,0.7107917559670978,0.7107917559670978,4,4,NA,NA,"c(""Art Vaulk"", "" Michael Husted"", "" Donald Daniels"")","Kennesaw, GA",KSU Convocation Center,4800,936,NA,NA,NA,NA,NA,NA,NA,NA,Kennesaw State,Voorhees,FALSE
401369198,2021-12-11,Kennesaw State,Voorhees,37,1,15:30,2130,2130,Joell Davis Turnover.,11,2,9,12,0.711838430222384,0.711838430222384,4,4,NA,NA,"c(""Art Vaulk"", "" Michael Husted"", "" Donald Daniels"")","Kennesaw, GA",KSU Convocation Center,4800,936,NA,NA,NA,NA,NA,NA,NA,NA,Voorhees,Kennesaw State,FALSE
401369198,2021-12-11,Kennesaw State,Voorhees,38,1,15:30,2130,2130,Kasen Jennings Steal.,11,2,9,0,0.711838430222384,0.711838430222384,4,4,NA,NA,"c(""Art Vaulk"", "" Michael Husted"", "" Donald Daniels"")","Kennesaw, GA",KSU Convocation Center,4800,936,NA,NA,NA,NA,NA,NA,NA,NA,Voorhees,Kennesaw State,FALSE
401369198,2021-12-11,Kennesaw State,Voorhees,39,1,15:25,2125,2125,Foul on Joell Davis.,11,2,9,5,0.7122752560124606,0.7122752560124606,4,4,NA,NA,"c(""Art Vaulk"", "" Michael Husted"", "" Donald Daniels"")","Kennesaw, GA",KSU Convocation Center,4800,936,NA,NA,NA,NA,NA,NA,NA,NA,Kennesaw State,Kennesaw State,FALSE
401369198,2021-12-11,Kennesaw State,Voorhees,40,1,15:11,2111,2111,Foul on Omari Joseph.,11,2,9,14,0.7135007390321343,0.7135007390321343,4,4,NA,NA,"c(""Art Vaulk"", "" Michael Husted"", "" Donald Daniels"")","Kennesaw, GA",KSU Convocation Center,4800,936,NA,NA,NA,NA,NA,NA,NA,NA,Kennesaw State,Kennesaw State,FALSE
401369198,2021-12-11,Kennesaw State,Voorhees,41,1,15:04,2104,2104,Nate Springs made Layup. Assisted by Chris Youngblood.,13,2,11,7,0.7537823624833198,0.7537823624833198,4,4,NA,NA,"c(""Art Vaulk"", "" Michael Husted"", "" Donald Daniels"")","Kennesaw, GA",KSU Convocation Center,4800,936,NA,NA,Kennesaw State,made,Nate Springs,Chris Youngblood,FALSE,FALSE,Kennesaw State,Voorhees,FALSE
401369198,2021-12-11,Kennesaw State,Voorhees,42,1,14:42,2082,2082,Hector Rosario missed Layup.,13,2,11,22,0.755932084275538,0.755932084275538,4,4,NA,NA,"c(""Art Vaulk"", "" Michael Husted"", "" Donald Daniels"")","Kennesaw, GA",KSU Convocation Center,4800,936,NA,NA,Voorhees,missed,Hector Rosario,NA,FALSE,FALSE,Voorhees,Kennesaw State,FALSE
401369198,2021-12-11,Kennesaw State,Voorhees,43,1,14:40,2080,2080,Isaiah Reddish Defensive Rebound.,13,2,11,2,0.756127883242629,0.756127883242629,4,4,NA,NA,"c(""Art Vaulk"", "" Michael Husted"", "" Donald Daniels"")","Kennesaw, GA",KSU Convocation Center,4800,936,NA,NA,NA,NA,NA,NA,NA,NA,Voorhees,Kennesaw State,FALSE
401369198,2021-12-11,Kennesaw State,Voorhees,44,1,14:36,2076,2076,Chris Youngblood missed Layup.,13,2,11,4,0.7565196774594788,0.7565196774594788,4,4,NA,NA,"c(""Art Vaulk"", "" Michael Husted"", "" Donald Daniels"")","Kennesaw, GA",KSU Convocation Center,4800,936,NA,NA,Kennesaw State,missed,Chris Youngblood,NA,FALSE,FALSE,Kennesaw State,Voorhees,FALSE
401369198,2021-12-11,Kennesaw State,Voorhees,45,1,14:33,2073,2073,Omari Joseph Defensive Rebound.,13,2,11,3,0.7568136980428033,0.7568136980428033,4,4,NA,NA,"c(""Art Vaulk"", "" Michael Husted"", "" Donald Daniels"")","Kennesaw, GA",KSU Convocation Center,4800,936,NA,NA,NA,NA,NA,NA,NA,NA,Kennesaw State,Voorhees,FALSE
401369198,2021-12-11,Kennesaw State,Voorhees,46,1,14:25,2065,2065,Jordan Blue made Jumper.,13,4,9,8,0.717555002278915,0.717555002278915,4,4,NA,NA,"c(""Art Vaulk"", "" Michael Husted"", "" Donald Daniels"")","Kennesaw, GA",KSU Convocation Center,4800,936,NA,NA,Voorhees,made,Jordan Blue,NA,FALSE,FALSE,Voorhees,Kennesaw State,FALSE
401369198,2021-12-11,Kennesaw State,Voorhees,47,1,14:05,2045,2045,Isaiah Reddish Turnover.,13,4,9,20,0.7193327330384741,0.7193327330384741,4,4,NA,NA,"c(""Art Vaulk"", "" Michael Husted"", "" Donald Daniels"")","Kennesaw, GA",KSU Convocation Center,4800,936,NA,NA,NA,NA,NA,NA,NA,NA,Kennesaw State,Voorhees,FALSE
401369198,2021-12-11,Kennesaw State,Voorhees,48,1,13:44,2024,2024,Foul on Kasen Jennings.,13,4,9,21,0.7212103611341985,0.7212103611341985,4,4,NA,NA,"c(""Art Vaulk"", "" Michael Husted"", "" Donald Daniels"")","Kennesaw, GA",KSU Convocation Center,4800,936,NA,NA,NA,NA,NA,NA,NA,NA,Voorhees,Voorhees,FALSE
401369198,2021-12-11,Kennesaw State,Voorhees,49,1,13:30,2010,2010,Antonio Lewis missed Jumper.,13,4,9,14,0.7224688062087998,0.7224688062087998,4,4,NA,NA,"c(""Art Vaulk"", "" Michael Husted"", "" Donald Daniels"")","Kennesaw, GA",KSU Convocation Center,4800,936,NA,NA,Voorhees,missed,Antonio Lewis,NA,FALSE,FALSE,Voorhees,Kennesaw State,FALSE
401369198,2021-12-11,Kennesaw State,Voorhees,50,1,13:27,2007,2007,Nate Springs Defensive Rebound.,13,4,9,3,0.7227391997683368,0.7227391997683368,4,4,NA,NA,"c(""Art Vaulk"", "" Michael Husted"", "" Donald Daniels"")","Kennesaw, GA",KSU Convocation Center,4800,936,NA,NA,NA,NA,NA,NA,NA,NA,Voorhees,Kennesaw State,FALSE
401369198,2021-12-11,Kennesaw State,Voorhees,51,1,13:06,1986,1986,Kasen Jennings missed Three Point Jumper.,13,4,9,21,0.7246394289865776,0.7246394289865776,4,4,NA,NA,"c(""Art Vaulk"", "" Michael Husted"", "" Donald Daniels"")","Kennesaw, GA",KSU Convocation Center,4800,936,NA,NA,Kennesaw State,missed,Kasen Jennings,NA,TRUE,FALSE,Kennesaw State,Voorhees,FALSE
401369198,2021-12-11,Kennesaw State,Voorhees,52,1,13:03,1983,1983,Tawon Buie Defensive Rebound.,13,4,9,3,0.7249119873197418,0.7249119873197418,4,4,NA,NA,"c(""Art Vaulk"", "" Michael Husted"", "" Donald Daniels"")","Kennesaw, GA",KSU Convocation Center,4800,936,NA,NA,NA,NA,NA,NA,NA,NA,Kennesaw State,Voorhees,FALSE
401369198,2021-12-11,Kennesaw State,Voorhees,53,1,12:55,1975,1975,Tawon Buie missed Three Point Jumper.,13,4,9,8,0.7256401922172915,0.7256401922172915,4,4,NA,NA,"c(""Art Vaulk"", "" Michael Husted"", "" Donald Daniels"")","Kennesaw, GA",KSU Convocation Center,4800,936,NA,NA,Voorhees,missed,Tawon Buie,NA,TRUE,FALSE,Voorhees,Voorhees,FALSE
401369198,2021-12-11,Kennesaw State,Voorhees,54,1,12:52,1972,1972,Omari Joseph Offensive Rebound.,13,4,9,3,0.7259137943441406,0.7259137943441406,4,4,NA,NA,"c(""Art Vaulk"", "" Michael Husted"", "" Donald Daniels"")","Kennesaw, GA",KSU Convocation Center,4800,936,NA,NA,NA,NA,NA,NA,NA,NA,Voorhees,Voorhees,FALSE
401369198,2021-12-11,Kennesaw State,Voorhees,55,1,12:41,1961,1961,Antonio Lewis made Three Point Jumper. Assisted by Tawon Buie.,13,7,6,11,0.6576185131810097,0.6576185131810097,4,4,NA,NA,"c(""Art Vaulk"", "" Michael Husted"", "" Donald Daniels"")","Kennesaw, GA",KSU Convocation Center,4800,936,NA,NA,Voorhees,made,Antonio Lewis,Tawon Buie,TRUE,FALSE,Voorhees,Kennesaw State,FALSE
401369198,2021-12-11,Kennesaw State,Voorhees,56,1,12:24,1944,1944,Kennesaw State  Timeout,13,7,6,17,0.6588009434086132,0.6588009434086132,3,4,NA,NA,"c(""Art Vaulk"", "" Michael Husted"", "" Donald Daniels"")","Kennesaw, GA",KSU Convocation Center,4800,936,NA,NA,NA,NA,NA,NA,NA,NA,Kennesaw State,Kennesaw State,FALSE
401369198,2021-12-11,Kennesaw State,Voorhees,57,1,12:24,1944,1944,Official TV Timeout,13,7,6,0,0.6588009434086132,0.6588009434086132,3,4,NA,NA,"c(""Art Vaulk"", "" Michael Husted"", "" Donald Daniels"")","Kennesaw, GA",KSU Convocation Center,4800,936,NA,NA,NA,NA,NA,NA,NA,NA,Kennesaw State,Kennesaw State,FALSE
401369198,2021-12-11,Kennesaw State,Voorhees,58,1,12:07,1927,1927,Alex Peterson missed Dunk.,13,7,6,17,0.6599930116684458,0.6599930116684458,3,4,NA,NA,"c(""Art Vaulk"", "" Michael Husted"", "" Donald Daniels"")","Kennesaw, GA",KSU Convocation Center,4800,936,NA,NA,Kennesaw State,missed,Alex Peterson,NA,FALSE,FALSE,Kennesaw State,Kennesaw State,FALSE
401369198,2021-12-11,Kennesaw State,Voorhees,59,1,12:07,1927,1927,Omari Joseph Block.,13,7,6,0,0.6599930116684458,0.6599930116684458,3,4,NA,NA,"c(""Art Vaulk"", "" Michael Husted"", "" Donald Daniels"")","Kennesaw, GA",KSU Convocation Center,4800,936,NA,NA,NA,NA,NA,NA,NA,NA,Kennesaw State,Kennesaw State,FALSE
401369198,2021-12-11,Kennesaw State,Voorhees,60,1,12:06,1926,1926,Spencer Rodgers Offensive Rebound.,13,7,6,1,0.6600632688505107,0.6600632688505107,3,4,NA,NA,"c(""Art Vaulk"", "" Michael Husted"", "" Donald Daniels"")","Kennesaw, GA",KSU Convocation Center,4800,936,NA,NA,NA,NA,NA,NA,NA,NA,Kennesaw State,Kennesaw State,FALSE
401369198,2021-12-11,Kennesaw State,Voorhees,61,1,12:06,1926,1926,Kennesaw State  Turnover.,13,7,6,0,0.6600632688505107,0.6600632688505107,3,4,NA,NA,"c(""Art Vaulk"", "" Michael Husted"", "" Donald Daniels"")","Kennesaw, GA",KSU Convocation Center,4800,936,NA,NA,NA,NA,NA,NA,NA,NA,Kennesaw State,Voorhees,FALSE
401369198,2021-12-11,Kennesaw State,Voorhees,62,1,11:48,1908,1908,Antonio Lewis made Jumper.,13,9,4,18,0.6097201963623953,0.6097201963623953,3,4,NA,NA,"c(""Art Vaulk"", "" Michael Husted"", "" Donald Daniels"")","Kennesaw, GA",KSU Convocation Center,4800,936,NA,NA,Voorhees,made,Antonio Lewis,NA,FALSE,FALSE,Voorhees,Kennesaw State,FALSE
401369198,2021-12-11,Kennesaw State,Voorhees,63,1,11:29,1889,1889,Chris Youngblood missed Three Point Jumper.,13,9,4,19,0.6106610710351568,0.6106610710351568,3,4,NA,NA,"c(""Art Vaulk"", "" Michael Husted"", "" Donald Daniels"")","Kennesaw, GA",KSU Convocation Center,4800,936,NA,NA,Kennesaw State,missed,Chris Youngblood,NA,TRUE,FALSE,Kennesaw State,Voorhees,FALSE
401369198,2021-12-11,Kennesaw State,Voorhees,64,1,11:27,1887,1887,Kristian Ford Defensive Rebound.,13,9,4,2,0.6107600733345266,0.6107600733345266,3,4,NA,NA,"c(""Art Vaulk"", "" Michael Husted"", "" Donald Daniels"")","Kennesaw, GA",KSU Convocation Center,4800,936,NA,NA,NA,NA,NA,NA,NA,NA,Kennesaw State,Voorhees,FALSE
401369198,2021-12-11,Kennesaw State,Voorhees,65,1,11:15,1875,1875,Antonio Lewis missed Layup.,13,9,4,12,0.6113542113562502,0.6113542113562502,3,4,NA,NA,"c(""Art Vaulk"", "" Michael Husted"", "" Donald Daniels"")","Kennesaw, GA",KSU Convocation Center,4800,936,NA,NA,Voorhees,missed,Antonio Lewis,NA,FALSE,FALSE,Voorhees,Voorhees,FALSE
401369198,2021-12-11,Kennesaw State,Voorhees,66,1,11:10,1870,1870,Omari Joseph Offensive Rebound.,13,9,4,5,0.6116019110409466,0.6116019110409466,3,4,NA,NA,"c(""Art Vaulk"", "" Michael Husted"", "" Donald Daniels"")","Kennesaw, GA",KSU Convocation Center,4800,936,NA,NA,NA,NA,NA,NA,NA,NA,Voorhees,Voorhees,FALSE
401369198,2021-12-11,Kennesaw State,Voorhees,67,1,11:10,1870,1870,Omari Joseph missed Layup.,13,9,4,0,0.6116019110409466,0.6116019110409466,3,4,NA,NA,"c(""Art Vaulk"", "" Michael Husted"", "" Donald Daniels"")","Kennesaw, GA",KSU Convocation Center,4800,936,NA,NA,Voorhees,missed,Omari Joseph,NA,FALSE,FALSE,Voorhees,Kennesaw State,FALSE
401369198,2021-12-11,Kennesaw State,Voorhees,68,1,11:09,1869,1869,Alex Peterson Defensive Rebound.,13,9,4,1,0.6116514663134278,0.6116514663134278,3,4,NA,NA,"c(""Art Vaulk"", "" Michael Husted"", "" Donald Daniels"")","Kennesaw, GA",KSU Convocation Center,4800,936,NA,NA,NA,NA,NA,NA,NA,NA,Voorhees,Kennesaw State,FALSE
401369198,2021-12-11,Kennesaw State,Voorhees,69,1,11:04,1864,1864,Spencer Rodgers Turnover.,13,9,4,5,0.6118993355291673,0.6118993355291673,3,4,NA,NA,"c(""Art Vaulk"", "" Michael Husted"", "" Donald Daniels"")","Kennesaw, GA",KSU Convocation Center,4800,936,NA,NA,NA,NA,NA,NA,NA,NA,Kennesaw State,Voorhees,FALSE
401369198,2021-12-11,Kennesaw State,Voorhees,70,1,11:04,1864,1864,Tawon Buie Steal.,13,9,4,0,0.6118993355291673,0.6118993355291673,3,4,NA,NA,"c(""Art Vaulk"", "" Michael Husted"", "" Donald Daniels"")","Kennesaw, GA",KSU Convocation Center,4800,936,NA,NA,NA,NA,NA,NA,NA,NA,Kennesaw State,Voorhees,FALSE
401369198,2021-12-11,Kennesaw State,Voorhees,71,1,11:01,1861,1861,Antonio Lewis Turnover.,13,9,4,3,0.6120481419218794,0.6120481419218794,3,4,NA,NA,"c(""Art Vaulk"", "" Michael Husted"", "" Donald Daniels"")","Kennesaw, GA",KSU Convocation Center,4800,936,NA,NA,NA,NA,NA,NA,NA,NA,Voorhees,Kennesaw State,FALSE
401369198,2021-12-11,Kennesaw State,Voorhees,72,1,11:01,1861,1861,Chris Youngblood Steal.,13,9,4,0,0.6120481419218794,0.6120481419218794,3,4,NA,NA,"c(""Art Vaulk"", "" Michael Husted"", "" Donald Daniels"")","Kennesaw, GA",KSU Convocation Center,4800,936,NA,NA,NA,NA,NA,NA,NA,NA,Voorhees,Kennesaw State,FALSE
401369198,2021-12-11,Kennesaw State,Voorhees,73,1,10:55,1855,1855,Foul on Omari Joseph.,13,9,4,6,0.6123459826550677,0.6123459826550677,3,4,NA,NA,"c(""Art Vaulk"", "" Michael Husted"", "" Donald Daniels"")","Kennesaw, GA",KSU Convocation Center,4800,936,NA,NA,NA,NA,NA,NA,NA,NA,Kennesaw State,Kennesaw State,FALSE
401369198,2021-12-11,Kennesaw State,Voorhees,74,1,10:55,1855,1855,Alex Peterson made Free Throw.,14,9,5,0,0.6391046706622543,0.6391046706622543,3,4,NA,NA,"c(""Art Vaulk"", "" Michael Husted"", "" Donald Daniels"")","Kennesaw, GA",KSU Convocation Center,4800,936,NA,NA,Kennesaw State,made,Alex Peterson,NA,FALSE,TRUE,Kennesaw State,Kennesaw State,FALSE
401369198,2021-12-11,Kennesaw State,Voorhees,75,1,10:55,1855,1855,Alex Peterson made Free Throw.,15,9,6,0,0.6650266926222506,0.6650266926222506,3,4,NA,NA,"c(""Art Vaulk"", "" Michael Husted"", "" Donald Daniels"")","Kennesaw, GA",KSU Convocation Center,4800,936,NA,NA,Kennesaw State,made,Alex Peterson,NA,FALSE,TRUE,Kennesaw State,Voorhees,FALSE
401369198,2021-12-11,Kennesaw State,Voorhees,76,1,10:27,1827,1827,Tawon Buie missed Three Point Jumper.,15,9,6,28,0.6669897509970157,0.6669897509970157,3,4,NA,NA,"c(""Art Vaulk"", "" Michael Husted"", "" Donald Daniels"")","Kennesaw, GA",KSU Convocation Center,4800,936,NA,NA,Voorhees,missed,Tawon Buie,NA,TRUE,FALSE,Voorhees,Kennesaw State,FALSE
401369198,2021-12-11,Kennesaw State,Voorhees,77,1,10:25,1825,1825,Brandon Stroud Defensive Rebound.,15,9,6,2,0.6671305053107673,0.6671305053107673,3,4,NA,NA,"c(""Art Vaulk"", "" Michael Husted"", "" Donald Daniels"")","Kennesaw, GA",KSU Convocation Center,4800,936,NA,NA,NA,NA,NA,NA,NA,NA,Voorhees,Kennesaw State,FALSE
401369198,2021-12-11,Kennesaw State,Voorhees,78,1,10:11,1811,1811,Alex Peterson Turnover.,15,9,6,14,0.6681184501918525,0.6681184501918525,3,4,NA,NA,"c(""Art Vaulk"", "" Michael Husted"", "" Donald Daniels"")","Kennesaw, GA",KSU Convocation Center,4800,936,NA,NA,NA,NA,NA,NA,NA,NA,Kennesaw State,Voorhees,FALSE
401369198,2021-12-11,Kennesaw State,Voorhees,79,1,10:11,1811,1811,Kristian Ford Steal.,15,9,6,0,0.6681184501918525,0.6681184501918525,3,4,NA,NA,"c(""Art Vaulk"", "" Michael Husted"", "" Donald Daniels"")","Kennesaw, GA",KSU Convocation Center,4800,936,NA,NA,NA,NA,NA,NA,NA,NA,Kennesaw State,Voorhees,FALSE
401369198,2021-12-11,Kennesaw State,Voorhees,80,1,10:02,1802,1802,Kristian Ford made Three Point Jumper. Assisted by Antonio Lewis.,15,12,3,9,0.5869286274211967,0.5869286274211967,3,4,NA,NA,"c(""Art Vaulk"", "" Michael Husted"", "" Donald Daniels"")","Kennesaw, GA",KSU Convocation Center,4800,936,NA,NA,Voorhees,made,Kristian Ford,Antonio Lewis,TRUE,FALSE,Voorhees,Kennesaw State,FALSE
401369198,2021-12-11,Kennesaw State,Voorhees,81,1,9:43,1783,1783,Foul on Antonio Lewis.,15,12,3,19,0.587670916600577,0.587670916600577,3,4,NA,NA,"c(""Art Vaulk"", "" Michael Husted"", "" Donald Daniels"")","Kennesaw, GA",KSU Convocation Center,4800,936,NA,NA,NA,NA,NA,NA,NA,NA,Kennesaw State,Kennesaw State,FALSE
401369198,2021-12-11,Kennesaw State,Voorhees,82,1,9:31,1771,1771,Spencer Rodgers Turnover.,15,12,3,12,0.588144203566757,0.588144203566757,3,4,NA,NA,"c(""Art Vaulk"", "" Michael Husted"", "" Donald Daniels"")","Kennesaw, GA",KSU Convocation Center,4800,936,NA,NA,NA,NA,NA,NA,NA,NA,Kennesaw State,Voorhees,FALSE
401369198,2021-12-11,Kennesaw State,Voorhees,83,1,9:31,1771,1771,Antonio Lewis Steal.,15,12,3,0,0.588144203566757,0.588144203566757,3,4,NA,NA,"c(""Art Vaulk"", "" Michael Husted"", "" Donald Daniels"")","Kennesaw, GA",KSU Convocation Center,4800,936,NA,NA,NA,NA,NA,NA,NA,NA,Kennesaw State,Voorhees,FALSE
401369198,2021-12-11,Kennesaw State,Voorhees,84,1,9:31,1771,1771,Foul on Brandon Stroud.,15,12,3,0,0.588144203566757,0.588144203566757,3,4,NA,NA,"c(""Art Vaulk"", "" Michael Husted"", "" Donald Daniels"")","Kennesaw, GA",KSU Convocation Center,4800,936,NA,NA,NA,NA,NA,NA,NA,NA,Kennesaw State,Voorhees,FALSE
401369198,2021-12-11,Kennesaw State,Voorhees,85,1,9:31,1771,1771,Antonio Lewis made Free Throw.,15,13,2,0,0.5591055051661995,0.5591055051661995,3,4,NA,NA,"c(""Art Vaulk"", "" Michael Husted"", "" Donald Daniels"")","Kennesaw, GA",KSU Convocation Center,4800,936,NA,NA,Voorhees,made,Antonio Lewis,NA,FALSE,TRUE,Voorhees,Voorhees,FALSE
401369198,2021-12-11,Kennesaw State,Voorhees,86,1,9:31,1771,1771,Antonio Lewis missed Free Throw.,15,13,2,0,0.5591055051661995,0.5591055051661995,3,4,NA,NA,"c(""Art Vaulk"", "" Michael Husted"", "" Donald Daniels"")","Kennesaw, GA",KSU Convocation Center,4800,936,NA,NA,Voorhees,missed,Antonio Lewis,NA,FALSE,TRUE,Voorhees,Kennesaw State,FALSE
401369198,2021-12-11,Kennesaw State,Voorhees,87,1,9:30,1770,1770,Chris Youngblood Defensive Rebound.,15,13,2,1,0.5591323798199226,0.5591323798199226,3,4,NA,NA,"c(""Art Vaulk"", "" Michael Husted"", "" Donald Daniels"")","Kennesaw, GA",KSU Convocation Center,4800,936,NA,NA,NA,NA,NA,NA,NA,NA,Voorhees,Kennesaw State,FALSE
401369198,2021-12-11,Kennesaw State,Voorhees,88,1,9:17,1757,1757,Spencer Rodgers missed Three Point Jumper.,15,13,2,13,0.5594835414164011,0.5594835414164011,3,4,NA,NA,"c(""Art Vaulk"", "" Michael Husted"", "" Donald Daniels"")","Kennesaw, GA",KSU Convocation Center,4800,936,NA,NA,Kennesaw State,missed,Spencer Rodgers,NA,TRUE,FALSE,Kennesaw State,Voorhees,FALSE
401369198,2021-12-11,Kennesaw State,Voorhees,89,1,9:14,1754,1754,Jordan Blue Defensive Rebound.,15,13,2,3,0.5595650718504439,0.5595650718504439,3,4,NA,NA,"c(""Art Vaulk"", "" Michael Husted"", "" Donald Daniels"")","Kennesaw, GA",KSU Convocation Center,4800,936,NA,NA,NA,NA,NA,NA,NA,NA,Kennesaw State,Voorhees,FALSE
401369198,2021-12-11,Kennesaw State,Voorhees,90,1,9:10,1750,1750,Jordan Blue made Layup.,15,15,0,4,0.5,0.5,3,4,NA,NA,"c(""Art Vaulk"", "" Michael Husted"", "" Donald Daniels"")","Kennesaw, GA",KSU Convocation Center,4800,936,NA,NA,Voorhees,made,Jordan Blue,NA,FALSE,FALSE,Voorhees,Kennesaw State,FALSE
401369198,2021-12-11,Kennesaw State,Voorhees,91,1,8:50,1730,1730,Terrell Burden made Layup.,17,15,2,20,0.5602246319229215,0.5602246319229215,3,4,NA,NA,"c(""Art Vaulk"", "" Michael Husted"", "" Donald Daniels"")","Kennesaw, GA",KSU Convocation Center,4800,936,NA,NA,Kennesaw State,made,Terrell Burden,NA,FALSE,FALSE,Kennesaw State,Voorhees,FALSE
401369198,2021-12-11,Kennesaw State,Voorhees,92,1,8:32,1712,1712,Kristian Ford Turnover.,17,15,2,18,0.5607287023735282,0.5607287023735282,3,4,NA,NA,"c(""Art Vaulk"", "" Michael Husted"", "" Donald Daniels"")","Kennesaw, GA",KSU Convocation Center,4800,936,NA,NA,NA,NA,NA,NA,NA,NA,Voorhees,Kennesaw State,FALSE
401369198,2021-12-11,Kennesaw State,Voorhees,93,1,8:26,1706,1706,Foul on Jordan Blue.,17,15,2,6,0.5608986918759065,0.5608986918759065,3,4,NA,NA,"c(""Art Vaulk"", "" Michael Husted"", "" Donald Daniels"")","Kennesaw, GA",KSU Convocation Center,4800,936,NA,NA,NA,NA,NA,NA,NA,NA,Kennesaw State,Kennesaw State,FALSE
401369198,2021-12-11,Kennesaw State,Voorhees,94,1,8:26,1706,1706,Terrell Burden missed Free Throw.,17,15,2,0,0.5608986918759065,0.5608986918759065,3,4,NA,NA,"c(""Art Vaulk"", "" Michael Husted"", "" Donald Daniels"")","Kennesaw, GA",KSU Convocation Center,4800,936,NA,NA,Kennesaw State,missed,Terrell Burden,NA,FALSE,TRUE,Kennesaw State,Kennesaw State,FALSE
401369198,2021-12-11,Kennesaw State,Voorhees,95,1,8:24,1704,1704,Brandon Stroud Offensive Rebound.,17,15,2,2,0.5609555840413286,0.5609555840413286,3,4,NA,NA,"c(""Art Vaulk"", "" Michael Husted"", "" Donald Daniels"")","Kennesaw, GA",KSU Convocation Center,4800,936,NA,NA,NA,NA,NA,NA,NA,NA,Kennesaw State,Kennesaw State,FALSE
401369198,2021-12-11,Kennesaw State,Voorhees,96,1,8:22,1702,1702,Brandon Stroud missed Layup.,17,15,2,2,0.5610125927338407,0.5610125927338407,3,4,NA,NA,"c(""Art Vaulk"", "" Michael Husted"", "" Donald Daniels"")","Kennesaw, GA",KSU Convocation Center,4800,936,NA,NA,Kennesaw State,missed,Brandon Stroud,NA,FALSE,FALSE,Kennesaw State,Kennesaw State,FALSE
401369198,2021-12-11,Kennesaw State,Voorhees,97,1,8:21,1701,1701,Brandon Stroud Offensive Rebound.,17,15,2,1,0.5610411411579501,0.5610411411579501,3,4,NA,NA,"c(""Art Vaulk"", "" Michael Husted"", "" Donald Daniels"")","Kennesaw, GA",KSU Convocation Center,4800,936,NA,NA,NA,NA,NA,NA,NA,NA,Kennesaw State,Kennesaw State,FALSE
401369198,2021-12-11,Kennesaw State,Voorhees,98,1,8:21,1701,1701,Foul on Kristian Ford.,17,15,2,0,0.5610411411579501,0.5610411411579501,3,4,NA,NA,"c(""Art Vaulk"", "" Michael Husted"", "" Donald Daniels"")","Kennesaw, GA",KSU Convocation Center,4800,936,NA,NA,NA,NA,NA,NA,NA,NA,Kennesaw State,Kennesaw State,FALSE
401369198,2021-12-11,Kennesaw State,Voorhees,99,1,8:21,1701,1701,Brandon Stroud made Free Throw.,18,15,3,0,0.5909956385096561,0.5909956385096561,3,4,NA,NA,"c(""Art Vaulk"", "" Michael Husted"", "" Donald Daniels"")","Kennesaw, GA",KSU Convocation Center,4800,936,NA,NA,Kennesaw State,made,Brandon Stroud,NA,FALSE,TRUE,Kennesaw State,Kennesaw State,FALSE
401369198,2021-12-11,Kennesaw State,Voorhees,100,1,8:21,1701,1701,Brandon Stroud made Free Throw.,19,15,4,0,0.620289477874783,0.620289477874783,3,4,NA,NA,"c(""Art Vaulk"", "" Michael Husted"", "" Donald Daniels"")","Kennesaw, GA",KSU Convocation Center,4800,936,NA,NA,Kennesaw State,made,Brandon Stroud,NA,FALSE,TRUE,Kennesaw State,Kennesaw State,FALSE
401369198,2021-12-11,Kennesaw State,Voorhees,101,1,8:06,1686,1686,Foul on Jordan Blue.,19,15,4,15,0.621114063916299,0.621114063916299,3,4,NA,NA,"c(""Art Vaulk"", "" Michael Husted"", "" Donald Daniels"")","Kennesaw, GA",KSU Convocation Center,4800,936,NA,NA,NA,NA,NA,NA,NA,NA,Kennesaw State,Kennesaw State,FALSE
401369198,2021-12-11,Kennesaw State,Voorhees,102,1,8:06,1686,1686,Jordan Blue Turnover.,19,15,4,0,0.621114063916299,0.621114063916299,3,4,NA,NA,"c(""Art Vaulk"", "" Michael Husted"", "" Donald Daniels"")","Kennesaw, GA",KSU Convocation Center,4800,936,NA,NA,NA,NA,NA,NA,NA,NA,Kennesaw State,Kennesaw State,FALSE
401369198,2021-12-11,Kennesaw State,Voorhees,103,1,7:50,1670,1670,Chris Youngblood made Three Point Jumper. Assisted by Terrell Burden.,22,15,7,16,0.7050458075570132,0.7050458075570132,3,4,NA,NA,"c(""Art Vaulk"", "" Michael Husted"", "" Donald Daniels"")","Kennesaw, GA",KSU Convocation Center,4800,936,NA,NA,Kennesaw State,made,Chris Youngblood,Terrell Burden,TRUE,FALSE,Kennesaw State,Voorhees,FALSE
401369198,2021-12-11,Kennesaw State,Voorhees,104,1,7:49,1669,1669,Official TV Timeout,22,15,7,1,0.7051286977765121,0.7051286977765121,3,4,NA,NA,"c(""Art Vaulk"", "" Michael Husted"", "" Donald Daniels"")","Kennesaw, GA",KSU Convocation Center,4800,936,NA,NA,NA,NA,NA,NA,NA,NA,Voorhees,Voorhees,FALSE
401369198,2021-12-11,Kennesaw State,Voorhees,105,1,7:28,1648,1648,Ezekiel Williamsonbey missed Jumper.,22,15,7,21,0.7068443726205045,0.7068443726205045,3,4,NA,NA,"c(""Art Vaulk"", "" Michael Husted"", "" Donald Daniels"")","Kennesaw, GA",KSU Convocation Center,4800,936,NA,NA,Voorhees,missed,Ezekiel Williamsonbey,NA,FALSE,FALSE,Voorhees,Kennesaw State,FALSE
401369198,2021-12-11,Kennesaw State,Voorhees,106,1,7:26,1646,1646,Spencer Rodgers Defensive Rebound.,22,15,7,2,0.7070055812443901,0.7070055812443901,3,4,NA,NA,"c(""Art Vaulk"", "" Michael Husted"", "" Donald Daniels"")","Kennesaw, GA",KSU Convocation Center,4800,936,NA,NA,NA,NA,NA,NA,NA,NA,Voorhees,Kennesaw State,FALSE
401369198,2021-12-11,Kennesaw State,Voorhees,107,1,7:11,1631,1631,Brandon Stroud missed Three Point Jumper.,22,15,7,15,0.7082051469490281,0.7082051469490281,3,4,NA,NA,"c(""Art Vaulk"", "" Michael Husted"", "" Donald Daniels"")","Kennesaw, GA",KSU Convocation Center,4800,936,NA,NA,Kennesaw State,missed,Brandon Stroud,NA,TRUE,FALSE,Kennesaw State,Kennesaw State,FALSE
401369198,2021-12-11,Kennesaw State,Voorhees,108,1,7:08,1628,1628,Demond Robinson Offensive Rebound.,22,15,7,3,0.7084433403772404,0.7084433403772404,3,4,NA,NA,"c(""Art Vaulk"", "" Michael Husted"", "" Donald Daniels"")","Kennesaw, GA",KSU Convocation Center,4800,936,NA,NA,NA,NA,NA,NA,NA,NA,Kennesaw State,Kennesaw State,FALSE
401369198,2021-12-11,Kennesaw State,Voorhees,109,1,7:06,1626,1626,Chris Youngblood missed Three Point Jumper.,22,15,7,2,0.708601871386004,0.708601871386004,3,4,NA,NA,"c(""Art Vaulk"", "" Michael Husted"", "" Donald Daniels"")","Kennesaw, GA",KSU Convocation Center,4800,936,NA,NA,Kennesaw State,missed,Chris Youngblood,NA,TRUE,FALSE,Kennesaw State,Kennesaw State,FALSE
401369198,2021-12-11,Kennesaw State,Voorhees,110,1,7:04,1624,1624,Kennesaw State Offensive Rebound.,22,15,7,2,0.7087602057337477,0.7087602057337477,3,4,NA,NA,"c(""Art Vaulk"", "" Michael Husted"", "" Donald Daniels"")","Kennesaw, GA",KSU Convocation Center,4800,936,NA,NA,NA,NA,NA,NA,NA,NA,Kennesaw State,Kennesaw State,FALSE
401369198,2021-12-11,Kennesaw State,Voorhees,111,1,6:50,1610,1610,Brandon Stroud made Dunk. Assisted by Demond Robinson.,24,15,9,14,0.7595766081383992,0.7595766081383992,3,4,NA,NA,"c(""Art Vaulk"", "" Michael Husted"", "" Donald Daniels"")","Kennesaw, GA",KSU Convocation Center,4800,936,NA,NA,Kennesaw State,made,Brandon Stroud,Demond Robinson,FALSE,FALSE,Kennesaw State,Voorhees,FALSE
401369198,2021-12-11,Kennesaw State,Voorhees,112,1,6:36,1596,1596,Khalil Cuffee Turnover.,24,15,9,14,0.7608290038154768,0.7608290038154768,3,4,NA,NA,"c(""Art Vaulk"", "" Michael Husted"", "" Donald Daniels"")","Kennesaw, GA",KSU Convocation Center,4800,936,NA,NA,NA,NA,NA,NA,NA,NA,Voorhees,Kennesaw State,FALSE
401369198,2021-12-11,Kennesaw State,Voorhees,113,1,6:36,1596,1596,Spencer Rodgers Steal.,24,15,9,0,0.7608290038154768,0.7608290038154768,3,4,NA,NA,"c(""Art Vaulk"", "" Michael Husted"", "" Donald Daniels"")","Kennesaw, GA",KSU Convocation Center,4800,936,NA,NA,NA,NA,NA,NA,NA,NA,Voorhees,Kennesaw State,FALSE
401369198,2021-12-11,Kennesaw State,Voorhees,114,1,6:28,1588,1588,Demond Robinson missed Layup.,24,15,9,8,0.7615434578557665,0.7615434578557665,3,4,NA,NA,"c(""Art Vaulk"", "" Michael Husted"", "" Donald Daniels"")","Kennesaw, GA",KSU Convocation Center,4800,936,NA,NA,Kennesaw State,missed,Demond Robinson,NA,FALSE,FALSE,Kennesaw State,Kennesaw State,FALSE
401369198,2021-12-11,Kennesaw State,Voorhees,115,1,6:25,1585,1585,Demond Robinson Offensive Rebound.,24,15,9,3,0.7618113993969771,0.7618113993969771,3,4,NA,NA,"c(""Art Vaulk"", "" Michael Husted"", "" Donald Daniels"")","Kennesaw, GA",KSU Convocation Center,4800,936,NA,NA,NA,NA,NA,NA,NA,NA,Kennesaw State,Kennesaw State,FALSE
401369198,2021-12-11,Kennesaw State,Voorhees,116,1,6:20,1580,1580,Brandon Stroud missed Three Point Jumper.,24,15,9,5,0.7622581840818783,0.7622581840818783,3,4,NA,NA,"c(""Art Vaulk"", "" Michael Husted"", "" Donald Daniels"")","Kennesaw, GA",KSU Convocation Center,4800,936,NA,NA,Kennesaw State,missed,Brandon Stroud,NA,TRUE,FALSE,Kennesaw State,Voorhees,FALSE
401369198,2021-12-11,Kennesaw State,Voorhees,117,1,6:20,1580,1580,Voorhees Defensive Rebound.,24,15,9,0,0.7622581840818783,0.7622581840818783,3,4,NA,NA,"c(""Art Vaulk"", "" Michael Husted"", "" Donald Daniels"")","Kennesaw, GA",KSU Convocation Center,4800,936,NA,NA,NA,NA,NA,NA,NA,NA,Kennesaw State,Voorhees,FALSE
401369198,2021-12-11,Kennesaw State,Voorhees,118,1,6:02,1562,1562,Omari Joseph missed Layup.,24,15,9,18,0.763872000169958,0.763872000169958,3,4,NA,NA,"c(""Art Vaulk"", "" Michael Husted"", "" Donald Daniels"")","Kennesaw, GA",KSU Convocation Center,4800,936,NA,NA,Voorhees,missed,Omari Joseph,NA,FALSE,FALSE,Voorhees,Kennesaw State,FALSE
401369198,2021-12-11,Kennesaw State,Voorhees,119,1,5:59,1559,1559,Demond Robinson Defensive Rebound.,24,15,9,3,0.7641422672494433,0.7641422672494433,3,4,NA,NA,"c(""Art Vaulk"", "" Michael Husted"", "" Donald Daniels"")","Kennesaw, GA",KSU Convocation Center,4800,936,NA,NA,NA,NA,NA,NA,NA,NA,Voorhees,Kennesaw State,FALSE
401369198,2021-12-11,Kennesaw State,Voorhees,120,1,5:54,1554,1554,Brandon Stroud missed Three Point Jumper.,24,15,9,5,0.7645938368335409,0.7645938368335409,3,4,NA,NA,"c(""Art Vaulk"", "" Michael Husted"", "" Donald Daniels"")","Kennesaw, GA",KSU Convocation Center,4800,936,NA,NA,Kennesaw State,missed,Brandon Stroud,NA,TRUE,FALSE,Kennesaw State,Voorhees,FALSE
401369198,2021-12-11,Kennesaw State,Voorhees,121,1,5:51,1551,1551,Antonio Lewis Defensive Rebound.,24,15,9,3,0.76486552891569215,0.76486552891569215,3,4,NA,NA,"c(""Art Vaulk"", "" Michael Husted"", "" Donald Daniels"")","Kennesaw, GA",KSU Convocation Center,4800,936,NA,NA,NA,NA,NA,NA,NA,NA,Kennesaw State,Voorhees,FALSE
401369198,2021-12-11,Kennesaw State,Voorhees,122,1,5:44,1544,1544,Hector Rosario made Three Point Jumper. Assisted by Antonio Lewis.,24,18,6,7,0.687557078687068,0.687557078687068,3,4,NA,NA,"c(""Art Vaulk"", "" Michael Husted"", "" Donald Daniels"")","Kennesaw, GA",KSU Convocation Center,4800,936,NA,NA,Voorhees,made,Hector Rosario,Antonio Lewis,TRUE,FALSE,Voorhees,Kennesaw State,FALSE
401369198,2021-12-11,Kennesaw State,Voorhees,123,1,5:24,1524,1524,Spencer Rodgers made Three Point Jumper. Assisted by Terrell Burden.,27,18,9,20,0.7673441167721964,0.7673441167721964,3,4,NA,NA,"c(""Art Vaulk"", "" Michael Husted"", "" Donald Daniels"")","Kennesaw, GA",KSU Convocation Center,4800,936,NA,NA,Kennesaw State,made,Spencer Rodgers,Terrell Burden,TRUE,FALSE,Kennesaw State,Voorhees,FALSE
401369198,2021-12-11,Kennesaw State,Voorhees,124,1,5:11,1511,1511,Antonio Lewis Turnover.,27,18,9,13,0.7685651724257632,0.7685651724257632,3,4,NA,NA,"c(""Art Vaulk"", "" Michael Husted"", "" Donald Daniels"")","Kennesaw, GA",KSU Convocation Center,4800,936,NA,NA,NA,NA,NA,NA,NA,NA,Voorhees,Kennesaw State,FALSE
401369198,2021-12-11,Kennesaw State,Voorhees,125,1,4:54,1494,1494,Terrell Burden Turnover.,27,18,9,17,0.770197031246345,0.770197031246345,3,4,NA,NA,"c(""Art Vaulk"", "" Michael Husted"", "" Donald Daniels"")","Kennesaw, GA",KSU Convocation Center,4800,936,NA,NA,NA,NA,NA,NA,NA,NA,Kennesaw State,Voorhees,FALSE
401369198,2021-12-11,Kennesaw State,Voorhees,126,1,4:54,1494,1494,Omari Joseph Steal.,27,18,9,0,0.770197031246345,0.770197031246345,3,4,NA,NA,"c(""Art Vaulk"", "" Michael Husted"", "" Donald Daniels"")","Kennesaw, GA",KSU Convocation Center,4800,936,NA,NA,NA,NA,NA,NA,NA,NA,Kennesaw State,Voorhees,FALSE
401369198,2021-12-11,Kennesaw State,Voorhees,127,1,4:39,1479,1479,Hector Rosario missed Jumper.,27,18,9,15,0.7716757067730937,0.7716757067730937,3,4,NA,NA,"c(""Art Vaulk"", "" Michael Husted"", "" Donald Daniels"")","Kennesaw, GA",KSU Convocation Center,4800,936,NA,NA,Voorhees,missed,Hector Rosario,NA,FALSE,FALSE,Voorhees,Kennesaw State,FALSE
401369198,2021-12-11,Kennesaw State,Voorhees,128,1,4:34,1474,1474,Nate Springs Defensive Rebound.,27,18,9,5,0.772177651863866,0.772177651863866,3,4,NA,NA,"c(""Art Vaulk"", "" Michael Husted"", "" Donald Daniels"")","Kennesaw, GA",KSU Convocation Center,4800,936,NA,NA,NA,NA,NA,NA,NA,NA,Voorhees,Kennesaw State,FALSE
401369198,2021-12-11,Kennesaw State,Voorhees,129,1,4:17,1457,1457,Nate Springs made Dunk. Assisted by Terrell Burden.,29,18,11,17,0.818178248552663,0.818178248552663,3,4,NA,NA,"c(""Art Vaulk"", "" Michael Husted"", "" Donald Daniels"")","Kennesaw, GA",KSU Convocation Center,4800,936,NA,NA,Kennesaw State,made,Nate Springs,Terrell Burden,FALSE,FALSE,Kennesaw State,Voorhees,FALSE
401369198,2021-12-11,Kennesaw State,Voorhees,130,1,3:57,1437,1437,Hector Rosario Turnover.,29,18,11,20,0.820348053372584,0.820348053372584,3,4,NA,NA,"c(""Art Vaulk"", "" Michael Husted"", "" Donald Daniels"")","Kennesaw, GA",KSU Convocation Center,4800,936,NA,NA,NA,NA,NA,NA,NA,NA,Voorhees,Kennesaw State,FALSE
401369198,2021-12-11,Kennesaw State,Voorhees,131,1,3:57,1437,1437,Official TV Timeout,29,18,11,0,0.820348053372584,0.820348053372584,3,4,NA,NA,"c(""Art Vaulk"", "" Michael Husted"", "" Donald Daniels"")","Kennesaw, GA",KSU Convocation Center,4800,936,NA,NA,NA,NA,NA,NA,NA,NA,Kennesaw State,Kennesaw State,FALSE
401369198,2021-12-11,Kennesaw State,Voorhees,132,1,3:42,1422,1422,Nate Springs missed Dunk.,29,18,11,15,0.8219145739975569,0.8219145739975569,3,4,NA,NA,"c(""Art Vaulk"", "" Michael Husted"", "" Donald Daniels"")","Kennesaw, GA",KSU Convocation Center,4800,936,NA,NA,Kennesaw State,missed,Nate Springs,NA,FALSE,FALSE,Kennesaw State,Voorhees,FALSE
401369198,2021-12-11,Kennesaw State,Voorhees,133,1,3:39,1419,1419,Joell Davis Defensive Rebound.,29,18,11,3,0.8222217923860405,0.8222217923860405,3,4,NA,NA,"c(""Art Vaulk"", "" Michael Husted"", "" Donald Daniels"")","Kennesaw, GA",KSU Convocation Center,4800,936,NA,NA,NA,NA,NA,NA,NA,NA,Kennesaw State,Voorhees,FALSE
401369198,2021-12-11,Kennesaw State,Voorhees,134,1,3:33,1413,1413,Joell Davis made Layup.,29,20,9,6,0.7784122460383648,0.7784122460383648,3,4,NA,NA,"c(""Art Vaulk"", "" Michael Husted"", "" Donald Daniels"")","Kennesaw, GA",KSU Convocation Center,4800,936,NA,NA,Voorhees,made,Joell Davis,NA,FALSE,FALSE,Voorhees,Kennesaw State,FALSE
401369198,2021-12-11,Kennesaw State,Voorhees,135,1,3:18,1398,1398,Nate Springs made Jumper. Assisted by Terrell Burden.,31,20,11,15,0.8243265961106656,0.8243265961106656,3,4,NA,NA,"c(""Art Vaulk"", "" Michael Husted"", "" Donald Daniels"")","Kennesaw, GA",KSU Convocation Center,4800,936,NA,NA,Kennesaw State,made,Nate Springs,Terrell Burden,FALSE,FALSE,Kennesaw State,Voorhees,FALSE
401369198,2021-12-11,Kennesaw State,Voorhees,136,1,2:59,1379,1379,Joell Davis made Jumper.,31,22,9,19,0.7816615126994373,0.7816615126994373,3,4,NA,NA,"c(""Art Vaulk"", "" Michael Husted"", "" Donald Daniels"")","Kennesaw, GA",KSU Convocation Center,4800,936,NA,NA,Voorhees,made,Joell Davis,NA,FALSE,FALSE,Voorhees,Kennesaw State,FALSE
401369198,2021-12-11,Kennesaw State,Voorhees,137,1,2:41,1361,1361,Terrell Burden missed Three Point Jumper.,31,22,9,18,0.7833473536928367,0.7833473536928367,3,4,NA,NA,"c(""Art Vaulk"", "" Michael Husted"", "" Donald Daniels"")","Kennesaw, GA",KSU Convocation Center,4800,936,NA,NA,Kennesaw State,missed,Terrell Burden,NA,TRUE,FALSE,Kennesaw State,Kennesaw State,FALSE
401369198,2021-12-11,Kennesaw State,Voorhees,138,1,2:38,1358,1358,Isaiah Reddish Offensive Rebound.,31,22,9,3,0.7836277719654002,0.7836277719654002,3,4,NA,NA,"c(""Art Vaulk"", "" Michael Husted"", "" Donald Daniels"")","Kennesaw, GA",KSU Convocation Center,4800,936,NA,NA,NA,NA,NA,NA,NA,NA,Kennesaw State,Kennesaw State,FALSE
401369198,2021-12-11,Kennesaw State,Voorhees,139,1,2:37,1357,1357,Isaiah Reddish missed Layup.,31,22,9,1,0.7837212533327208,0.7837212533327208,3,4,NA,NA,"c(""Art Vaulk"", "" Michael Husted"", "" Donald Daniels"")","Kennesaw, GA",KSU Convocation Center,4800,936,NA,NA,Kennesaw State,missed,Isaiah Reddish,NA,FALSE,FALSE,Kennesaw State,Voorhees,FALSE
401369198,2021-12-11,Kennesaw State,Voorhees,140,1,2:37,1357,1357,Omari Joseph Block.,31,22,9,0,0.7837212533327208,0.7837212533327208,3,4,NA,NA,"c(""Art Vaulk"", "" Michael Husted"", "" Donald Daniels"")","Kennesaw, GA",KSU Convocation Center,4800,936,NA,NA,NA,NA,NA,NA,NA,NA,Kennesaw State,Voorhees,FALSE
401369198,2021-12-11,Kennesaw State,Voorhees,141,1,2:36,1356,1356,Voorhees Defensive Rebound.,31,22,9,1,0.7838147439533534,0.7838147439533534,3,4,NA,NA,"c(""Art Vaulk"", "" Michael Husted"", "" Donald Daniels"")","Kennesaw, GA",KSU Convocation Center,4800,936,NA,NA,NA,NA,NA,NA,NA,NA,Kennesaw State,Voorhees,FALSE
401369198,2021-12-11,Kennesaw State,Voorhees,142,1,2:22,1342,1342,Joell Davis Turnover.,31,22,9,14,0.7851262368637576,0.7851262368637576,3,4,NA,NA,"c(""Art Vaulk"", "" Michael Husted"", "" Donald Daniels"")","Kennesaw, GA",KSU Convocation Center,4800,936,NA,NA,NA,NA,NA,NA,NA,NA,Voorhees,Kennesaw State,FALSE
401369198,2021-12-11,Kennesaw State,Voorhees,143,1,2:22,1342,1342,Terrell Burden Steal.,31,22,9,0,0.7851262368637576,0.7851262368637576,3,4,NA,NA,"c(""Art Vaulk"", "" Michael Husted"", "" Donald Daniels"")","Kennesaw, GA",KSU Convocation Center,4800,936,NA,NA,NA,NA,NA,NA,NA,NA,Voorhees,Kennesaw State,FALSE
401369198,2021-12-11,Kennesaw State,Voorhees,144,1,2:19,1339,1339,Nate Springs Turnover.,31,22,9,3,0.7854083571290909,0.7854083571290909,3,4,NA,NA,"c(""Art Vaulk"", "" Michael Husted"", "" Donald Daniels"")","Kennesaw, GA",KSU Convocation Center,4800,936,NA,NA,NA,NA,NA,NA,NA,NA,Kennesaw State,Voorhees,FALSE
401369198,2021-12-11,Kennesaw State,Voorhees,145,1,2:11,1331,1331,Foul on Chris Youngblood.,31,22,9,8,0.7861636181543538,0.7861636181543538,3,4,NA,NA,"c(""Art Vaulk"", "" Michael Husted"", "" Donald Daniels"")","Kennesaw, GA",KSU Convocation Center,4800,936,NA,NA,NA,NA,NA,NA,NA,NA,Voorhees,Voorhees,FALSE
401369198,2021-12-11,Kennesaw State,Voorhees,146,1,2:00,1320,1320,Joell Davis made Three Point Jumper. Assisted by Hector Rosario.,31,25,6,11,0.7051889861092888,0.7051889861092888,3,4,NA,NA,"c(""Art Vaulk"", "" Michael Husted"", "" Donald Daniels"")","Kennesaw, GA",KSU Convocation Center,4800,936,NA,NA,Voorhees,made,Joell Davis,Hector Rosario,TRUE,FALSE,Voorhees,Kennesaw State,FALSE
401369198,2021-12-11,Kennesaw State,Voorhees,147,1,1:39,1299,1299,Spencer Rodgers made Three Point Jumper. Assisted by Isaiah Reddish.,34,25,9,21,0.7892535913496046,0.7892535913496046,3,4,NA,NA,"c(""Art Vaulk"", "" Michael Husted"", "" Donald Daniels"")","Kennesaw, GA",KSU Convocation Center,4800,936,NA,NA,Kennesaw State,made,Spencer Rodgers,Isaiah Reddish,TRUE,FALSE,Kennesaw State,Voorhees,FALSE
401369198,2021-12-11,Kennesaw State,Voorhees,148,1,1:22,1282,1282,Foul on Chris Youngblood.,34,25,9,17,0.7909620727077105,0.7909620727077105,3,4,NA,NA,"c(""Art Vaulk"", "" Michael Husted"", "" Donald Daniels"")","Kennesaw, GA",KSU Convocation Center,4800,936,NA,NA,NA,NA,NA,NA,NA,NA,Voorhees,Voorhees,FALSE
401369198,2021-12-11,Kennesaw State,Voorhees,149,1,1:22,1282,1282,Omari Joseph missed Free Throw.,34,25,9,0,0.7909620727077105,0.7909620727077105,3,4,NA,NA,"c(""Art Vaulk"", "" Michael Husted"", "" Donald Daniels"")","Kennesaw, GA",KSU Convocation Center,4800,936,NA,NA,Voorhees,missed,Omari Joseph,NA,FALSE,TRUE,Voorhees,Voorhees,FALSE
401369198,2021-12-11,Kennesaw State,Voorhees,150,1,1:22,1282,1282,Voorhees Offensive Rebound.,34,25,9,0,0.7909620727077105,0.7909620727077105,3,4,NA,NA,"c(""Art Vaulk"", "" Michael Husted"", "" Donald Daniels"")","Kennesaw, GA",KSU Convocation Center,4800,936,NA,NA,NA,NA,NA,NA,NA,NA,Voorhees,Voorhees,FALSE
401369198,2021-12-11,Kennesaw State,Voorhees,151,1,1:22,1282,1282,Omari Joseph missed Free Throw.,34,25,9,0,0.7909620727077105,0.7909620727077105,3,4,NA,NA,"c(""Art Vaulk"", "" Michael Husted"", "" Donald Daniels"")","Kennesaw, GA",KSU Convocation Center,4800,936,NA,NA,Voorhees,missed,Omari Joseph,NA,FALSE,TRUE,Voorhees,Voorhees,FALSE
401369198,2021-12-11,Kennesaw State,Voorhees,152,1,1:21,1281,1281,Brandon Stroud Defensive Rebound.,34,25,9,1,0.7910644268981721,0.7910644268981721,3,4,NA,NA,"c(""Art Vaulk"", "" Michael Husted"", "" Donald Daniels"")","Kennesaw, GA",KSU Convocation Center,4800,936,NA,NA,NA,NA,NA,NA,NA,NA,Voorhees,Kennesaw State,FALSE
401369198,2021-12-11,Kennesaw State,Voorhees,153,1,1:01,1261,1261,Kasen Jennings made Three Point Jumper. Assisted by Terrell Burden.,37,25,12,20,0.8571870962599709,0.8571870962599709,3,4,NA,NA,"c(""Art Vaulk"", "" Michael Husted"", "" Donald Daniels"")","Kennesaw, GA",KSU Convocation Center,4800,936,NA,NA,Kennesaw State,made,Kasen Jennings,Terrell Burden,TRUE,FALSE,Kennesaw State,Voorhees,FALSE
401369198,2021-12-11,Kennesaw State,Voorhees,154,1,0:29,1229,1229,Hector Rosario missed Jumper.,37,25,12,32,0.8607472213731772,0.8607472213731772,3,4,NA,NA,"c(""Art Vaulk"", "" Michael Husted"", "" Donald Daniels"")","Kennesaw, GA",KSU Convocation Center,4800,936,NA,NA,Voorhees,missed,Hector Rosario,NA,FALSE,FALSE,Voorhees,Kennesaw State,FALSE
401369198,2021-12-11,Kennesaw State,Voorhees,155,1,0:27,1227,1227,Spencer Rodgers Defensive Rebound.,37,25,12,2,0.8609798131299532,0.8609798131299532,3,4,NA,NA,"c(""Art Vaulk"", "" Michael Husted"", "" Donald Daniels"")","Kennesaw, GA",KSU Convocation Center,4800,936,NA,NA,NA,NA,NA,NA,NA,NA,Voorhees,Kennesaw State,FALSE
401369198,2021-12-11,Kennesaw State,Voorhees,156,1,0:19,1219,1219,Foul on Hector Rosario.,37,25,12,8,0.8619232053950625,0.8619232053950625,3,4,NA,NA,"c(""Art Vaulk"", "" Michael Husted"", "" Donald Daniels"")","Kennesaw, GA",KSU Convocation Center,4800,936,NA,NA,NA,NA,NA,NA,NA,NA,Kennesaw State,Kennesaw State,FALSE
401369198,2021-12-11,Kennesaw State,Voorhees,157,1,0:19,1219,1219,Spencer Rodgers made Free Throw.,38,25,13,0,0.8791036432660968,0.8791036432660968,3,4,NA,NA,"c(""Art Vaulk"", "" Michael Husted"", "" Donald Daniels"")","Kennesaw, GA",KSU Convocation Center,4800,936,NA,NA,Kennesaw State,made,Spencer Rodgers,NA,FALSE,TRUE,Kennesaw State,Kennesaw State,FALSE
401369198,2021-12-11,Kennesaw State,Voorhees,158,1,0:19,1219,1219,Spencer Rodgers made Free Throw.,39,25,14,0,0.8944082603009887,0.8944082603009887,3,4,NA,NA,"c(""Art Vaulk"", "" Michael Husted"", "" Donald Daniels"")","Kennesaw, GA",KSU Convocation Center,4800,936,NA,NA,Kennesaw State,made,Spencer Rodgers,NA,FALSE,TRUE,Kennesaw State,Voorhees,FALSE
401369198,2021-12-11,Kennesaw State,Voorhees,159,1,0:19,1219,1219,Voorhees  Timeout,39,25,14,0,0.8944082603009887,0.8944082603009887,3,3,NA,NA,"c(""Art Vaulk"", "" Michael Husted"", "" Donald Daniels"")","Kennesaw, GA",KSU Convocation Center,4800,936,NA,NA,NA,NA,NA,NA,NA,NA,Voorhees,Voorhees,FALSE
401369198,2021-12-11,Kennesaw State,Voorhees,160,1,0:13,1213,1213,Foul on Terrell Burden.,39,25,14,6,0.8950759825304865,0.8950759825304865,3,3,NA,NA,"c(""Art Vaulk"", "" Michael Husted"", "" Donald Daniels"")","Kennesaw, GA",KSU Convocation Center,4800,936,NA,NA,NA,NA,NA,NA,NA,NA,Voorhees,Kennesaw State,FALSE
401369198,2021-12-11,Kennesaw State,Voorhees,161,1,0:13,1213,1213,Tawon Buie Turnover.,39,25,14,0,0.8950759825304865,0.8950759825304865,3,3,NA,NA,"c(""Art Vaulk"", "" Michael Husted"", "" Donald Daniels"")","Kennesaw, GA",KSU Convocation Center,4800,936,NA,NA,NA,NA,NA,NA,NA,NA,Voorhees,Kennesaw State,FALSE
401369198,2021-12-11,Kennesaw State,Voorhees,162,1,0:13,1213,1213,Terrell Burden Steal.,39,25,14,0,0.8950759825304865,0.8950759825304865,3,3,NA,NA,"c(""Art Vaulk"", "" Michael Husted"", "" Donald Daniels"")","Kennesaw, GA",KSU Convocation Center,4800,936,NA,NA,NA,NA,NA,NA,NA,NA,Voorhees,Kennesaw State,FALSE
401369198,2021-12-11,Kennesaw State,Voorhees,163,1,0:10,1210,1210,Nate Springs Turnover.,39,25,14,3,0.8954138713933596,0.8954138713933596,3,3,NA,NA,"c(""Art Vaulk"", "" Michael Husted"", "" Donald Daniels"")","Kennesaw, GA",KSU Convocation Center,4800,936,NA,NA,NA,NA,NA,NA,NA,NA,Kennesaw State,Voorhees,FALSE
401369198,2021-12-11,Kennesaw State,Voorhees,164,1,0:02,1202,1202,Tawon Buie missed Jumper.,39,25,14,8,0.8963072666799103,0.8963072666799103,3,3,NA,NA,"c(""Art Vaulk"", "" Michael Husted"", "" Donald Daniels"")","Kennesaw, GA",KSU Convocation Center,4800,936,NA,NA,Voorhees,missed,Tawon Buie,NA,FALSE,FALSE,Voorhees,Kennesaw State,FALSE
401369198,2021-12-11,Kennesaw State,Voorhees,165,1,0:00,1200,1200,Brandon Stroud Defensive Rebound.,39,25,14,2,0.8965272355199047,0.8965272355199047,3,3,NA,NA,"c(""Art Vaulk"", "" Michael Husted"", "" Donald Daniels"")","Kennesaw, GA",KSU Convocation Center,4800,936,NA,NA,NA,NA,NA,NA,NA,NA,Voorhees,Kennesaw State,FALSE
401369198,2021-12-11,Kennesaw State,Voorhees,166,1,0:00,1200,1200,End of 1st half,39,25,14,0,0.8965272355199047,0.8965272355199047,3,3,NA,NA,"c(""Art Vaulk"", "" Michael Husted"", "" Donald Daniels"")","Kennesaw, GA",KSU Convocation Center,4800,936,NA,NA,NA,NA,NA,NA,NA,NA,Kennesaw State,NA,FALSE
401369198,2021-12-11,Kennesaw State,Voorhees,167,2,20:00,1200,1200,PLAY,39,25,14,0,0.8965272355199047,0.8965272355199047,4,4,NA,NA,"c(""Art Vaulk"", "" Michael Husted"", "" Donald Daniels"")","Kennesaw, GA",KSU Convocation Center,4800,936,NA,NA,NA,NA,NA,NA,NA,NA,NA,Kennesaw State,FALSE
401369198,2021-12-11,Kennesaw State,Voorhees,168,2,19:49,1189,1189,Demond Robinson made Layup. Assisted by Terrell Burden.,41,25,16,11,0.9228979166497613,0.9228979166497613,4,4,NA,NA,"c(""Art Vaulk"", "" Michael Husted"", "" Donald Daniels"")","Kennesaw, GA",KSU Convocation Center,4800,936,NA,NA,Kennesaw State,made,Demond Robinson,Terrell Burden,FALSE,FALSE,Kennesaw State,Voorhees,FALSE
401369198,2021-12-11,Kennesaw State,Voorhees,169,2,19:32,1172,1172,Ezekiel Williamsonbey missed Layup.,41,25,16,17,0.9244646909515919,0.9244646909515919,4,4,NA,NA,"c(""Art Vaulk"", "" Michael Husted"", "" Donald Daniels"")","Kennesaw, GA",KSU Convocation Center,4800,936,NA,NA,Voorhees,missed,Ezekiel Williamsonbey,NA,FALSE,FALSE,Voorhees,Kennesaw State,FALSE
401369198,2021-12-11,Kennesaw State,Voorhees,170,2,19:32,1172,1172,Kennesaw State Defensive Rebound.,41,25,16,0,0.9244646909515919,0.9244646909515919,4,4,NA,NA,"c(""Art Vaulk"", "" Michael Husted"", "" Donald Daniels"")","Kennesaw, GA",KSU Convocation Center,4800,936,NA,NA,NA,NA,NA,NA,NA,NA,Voorhees,Kennesaw State,FALSE
401369198,2021-12-11,Kennesaw State,Voorhees,171,2,19:13,1153,1153,Spencer Rodgers missed Three Point Jumper.,41,25,16,19,0.9261476132637524,0.9261476132637524,4,4,NA,NA,"c(""Art Vaulk"", "" Michael Husted"", "" Donald Daniels"")","Kennesaw, GA",KSU Convocation Center,4800,936,NA,NA,Kennesaw State,missed,Spencer Rodgers,NA,TRUE,FALSE,Kennesaw State,Voorhees,FALSE
401369198,2021-12-11,Kennesaw State,Voorhees,172,2,19:09,1149,1149,Ezekiel Williamsonbey Defensive Rebound.,41,25,16,4,0.9264948210943375,0.9264948210943375,4,4,NA,NA,"c(""Art Vaulk"", "" Michael Husted"", "" Donald Daniels"")","Kennesaw, GA",KSU Convocation Center,4800,936,NA,NA,NA,NA,NA,NA,NA,NA,Kennesaw State,Voorhees,FALSE
401369198,2021-12-11,Kennesaw State,Voorhees,173,2,19:04,1144,1144,Foul on Chris Youngblood.,41,25,16,5,0.9269260413201653,0.9269260413201653,4,4,NA,NA,"c(""Art Vaulk"", "" Michael Husted"", "" Donald Daniels"")","Kennesaw, GA",KSU Convocation Center,4800,936,NA,NA,NA,NA,NA,NA,NA,NA,Voorhees,Voorhees,FALSE
401369198,2021-12-11,Kennesaw State,Voorhees,174,2,18:52,1132,1132,Joell Davis missed Three Point Jumper.,41,25,16,12,0.9279505386841039,0.9279505386841039,4,4,NA,NA,"c(""Art Vaulk"", "" Michael Husted"", "" Donald Daniels"")","Kennesaw, GA",KSU Convocation Center,4800,936,NA,NA,Voorhees,missed,Joell Davis,NA,TRUE,FALSE,Voorhees,Kennesaw State,FALSE
401369198,2021-12-11,Kennesaw State,Voorhees,175,2,18:50,1130,1130,Kasen Jennings Defensive Rebound.,41,25,16,2,0.9281201249873752,0.9281201249873752,4,4,NA,NA,"c(""Art Vaulk"", "" Michael Husted"", "" Donald Daniels"")","Kennesaw, GA",KSU Convocation Center,4800,936,NA,NA,NA,NA,NA,NA,NA,NA,Voorhees,Kennesaw State,FALSE
401369198,2021-12-11,Kennesaw State,Voorhees,176,2,18:43,1123,1123,Spencer Rodgers missed Three Point Jumper.,41,25,16,7,0.9287117091353575,0.9287117091353575,4,4,NA,NA,"c(""Art Vaulk"", "" Michael Husted"", "" Donald Daniels"")","Kennesaw, GA",KSU Convocation Center,4800,936,NA,NA,Kennesaw State,missed,Spencer Rodgers,NA,TRUE,FALSE,Kennesaw State,Kennesaw State,FALSE
401369198,2021-12-11,Kennesaw State,Voorhees,177,2,18:39,1119,1119,Demond Robinson Offensive Rebound.,41,25,16,4,0.929048656077496,0.929048656077496,4,4,NA,NA,"c(""Art Vaulk"", "" Michael Husted"", "" Donald Daniels"")","Kennesaw, GA",KSU Convocation Center,4800,936,NA,NA,NA,NA,NA,NA,NA,NA,Kennesaw State,Kennesaw State,FALSE
401369198,2021-12-11,Kennesaw State,Voorhees,178,2,18:39,1119,1119,Demond Robinson made Layup.,43,25,18,0,0.9475335094897057,0.9475335094897057,4,4,NA,NA,"c(""Art Vaulk"", "" Michael Husted"", "" Donald Daniels"")","Kennesaw, GA",KSU Convocation Center,4800,936,NA,NA,Kennesaw State,made,Demond Robinson,NA,FALSE,FALSE,Kennesaw State,Voorhees,FALSE
401369198,2021-12-11,Kennesaw State,Voorhees,179,2,18:33,1113,1113,Foul on Kasen Jennings.,43,25,18,6,0.9479612239141909,0.9479612239141909,4,4,NA,NA,"c(""Art Vaulk"", "" Michael Husted"", "" Donald Daniels"")","Kennesaw, GA",KSU Convocation Center,4800,936,NA,NA,NA,NA,NA,NA,NA,NA,Voorhees,Voorhees,FALSE
401369198,2021-12-11,Kennesaw State,Voorhees,180,2,18:19,1099,1099,Tawon Buie made Jumper.,43,27,16,14,0.9307282320730482,0.9307282320730482,4,4,NA,NA,"c(""Art Vaulk"", "" Michael Husted"", "" Donald Daniels"")","Kennesaw, GA",KSU Convocation Center,4800,936,NA,NA,Voorhees,made,Tawon Buie,NA,FALSE,FALSE,Voorhees,Kennesaw State,FALSE
401369198,2021-12-11,Kennesaw State,Voorhees,181,2,18:04,1084,1084,Spencer Rodgers missed Jumper.,43,27,16,15,0.9319912143260981,0.9319912143260981,4,4,NA,NA,"c(""Art Vaulk"", "" Michael Husted"", "" Donald Daniels"")","Kennesaw, GA",KSU Convocation Center,4800,936,NA,NA,Kennesaw State,missed,Spencer Rodgers,NA,FALSE,FALSE,Kennesaw State,Kennesaw State,FALSE
401369198,2021-12-11,Kennesaw State,Voorhees,182,2,18:00,1080,1080,Brandon Stroud Offensive Rebound.,43,27,16,4,0.9323297155772339,0.9323297155772339,4,4,NA,NA,"c(""Art Vaulk"", "" Michael Husted"", "" Donald Daniels"")","Kennesaw, GA",KSU Convocation Center,4800,936,NA,NA,NA,NA,NA,NA,NA,NA,Kennesaw State,Kennesaw State,FALSE
401369198,2021-12-11,Kennesaw State,Voorhees,183,2,17:59,1079,1079,Demond Robinson made Layup. Assisted by Brandon Stroud.,45,27,18,1,0.9503782991701893,0.9503782991701893,4,4,NA,NA,"c(""Art Vaulk"", "" Michael Husted"", "" Donald Daniels"")","Kennesaw, GA",KSU Convocation Center,4800,936,NA,NA,Kennesaw State,made,Demond Robinson,Brandon Stroud,FALSE,FALSE,Kennesaw State,Voorhees,FALSE
401369198,2021-12-11,Kennesaw State,Voorhees,184,2,17:46,1066,1066,Tawon Buie missed Jumper.,45,27,18,13,0.9513106083718645,0.9513106083718645,4,4,NA,NA,"c(""Art Vaulk"", "" Michael Husted"", "" Donald Daniels"")","Kennesaw, GA",KSU Convocation Center,4800,936,NA,NA,Voorhees,missed,Tawon Buie,NA,FALSE,FALSE,Voorhees,Kennesaw State,FALSE
401369198,2021-12-11,Kennesaw State,Voorhees,185,2,17:43,1063,1063,Spencer Rodgers Defensive Rebound.,45,27,18,3,0.9515271501874493,0.9515271501874493,4,4,NA,NA,"c(""Art Vaulk"", "" Michael Husted"", "" Donald Daniels"")","Kennesaw, GA",KSU Convocation Center,4800,936,NA,NA,NA,NA,NA,NA,NA,NA,Voorhees,Kennesaw State,FALSE
401369198,2021-12-11,Kennesaw State,Voorhees,186,2,17:42,1062,1062,Foul on Joell Davis.,45,27,18,1,0.9515994664883317,0.9515994664883317,4,4,NA,NA,"c(""Art Vaulk"", "" Michael Husted"", "" Donald Daniels"")","Kennesaw, GA",KSU Convocation Center,4800,936,NA,NA,NA,NA,NA,NA,NA,NA,Kennesaw State,Kennesaw State,FALSE
401369198,2021-12-11,Kennesaw State,Voorhees,187,2,17:42,1062,1062,Kasen Jennings missed Free Throw.,45,27,18,0,0.9515994664883317,0.9515994664883317,4,4,NA,NA,"c(""Art Vaulk"", "" Michael Husted"", "" Donald Daniels"")","Kennesaw, GA",KSU Convocation Center,4800,936,NA,NA,Kennesaw State,missed,Kasen Jennings,NA,FALSE,TRUE,Kennesaw State,Kennesaw State,FALSE
401369198,2021-12-11,Kennesaw State,Voorhees,188,2,17:42,1062,1062,Kennesaw State Offensive Rebound.,45,27,18,0,0.9515994664883317,0.9515994664883317,4,4,NA,NA,"c(""Art Vaulk"", "" Michael Husted"", "" Donald Daniels"")","Kennesaw, GA",KSU Convocation Center,4800,936,NA,NA,NA,NA,NA,NA,NA,NA,Kennesaw State,Kennesaw State,FALSE
401369198,2021-12-11,Kennesaw State,Voorhees,189,2,17:42,1062,1062,Kasen Jennings made Free Throw.,46,27,19,0,0.9586761304387522,0.9586761304387522,4,4,NA,NA,"c(""Art Vaulk"", "" Michael Husted"", "" Donald Daniels"")","Kennesaw, GA",KSU Convocation Center,4800,936,NA,NA,Kennesaw State,made,Kasen Jennings,NA,FALSE,TRUE,Kennesaw State,Voorhees,FALSE
401369198,2021-12-11,Kennesaw State,Voorhees,190,2,17:20,1040,1040,Hector Rosario missed Layup.,46,27,19,22,0.9601376901496048,0.9601376901496048,4,4,NA,NA,"c(""Art Vaulk"", "" Michael Husted"", "" Donald Daniels"")","Kennesaw, GA",KSU Convocation Center,4800,936,NA,NA,Voorhees,missed,Hector Rosario,NA,FALSE,FALSE,Voorhees,Voorhees,FALSE
401369198,2021-12-11,Kennesaw State,Voorhees,191,2,17:17,1037,1037,Omari Joseph Offensive Rebound.,46,27,19,3,0.9603399485133708,0.9603399485133708,4,4,NA,NA,"c(""Art Vaulk"", "" Michael Husted"", "" Donald Daniels"")","Kennesaw, GA",KSU Convocation Center,4800,936,NA,NA,NA,NA,NA,NA,NA,NA,Voorhees,Voorhees,FALSE
401369198,2021-12-11,Kennesaw State,Voorhees,192,2,17:17,1037,1037,Omari Joseph made Layup.,46,29,17,0,0.9453948896543701,0.9453948896543701,4,4,NA,NA,"c(""Art Vaulk"", "" Michael Husted"", "" Donald Daniels"")","Kennesaw, GA",KSU Convocation Center,4800,936,NA,NA,Voorhees,made,Omari Joseph,NA,FALSE,FALSE,Voorhees,Kennesaw State,FALSE
401369198,2021-12-11,Kennesaw State,Voorhees,193,2,17:08,1028,1028,Kasen Jennings missed Three Point Jumper.,46,29,17,9,0.9461375486021155,0.9461375486021155,4,4,NA,NA,"c(""Art Vaulk"", "" Michael Husted"", "" Donald Daniels"")","Kennesaw, GA",KSU Convocation Center,4800,936,NA,NA,Kennesaw State,missed,Kasen Jennings,NA,TRUE,FALSE,Kennesaw State,Voorhees,FALSE
401369198,2021-12-11,Kennesaw State,Voorhees,194,2,17:05,1025,1025,Tawon Buie Defensive Rebound.,46,29,17,3,0.9463875803546159,0.9463875803546159,4,4,NA,NA,"c(""Art Vaulk"", "" Michael Husted"", "" Donald Daniels"")","Kennesaw, GA",KSU Convocation Center,4800,936,NA,NA,NA,NA,NA,NA,NA,NA,Kennesaw State,Voorhees,FALSE
401369198,2021-12-11,Kennesaw State,Voorhees,195,2,17:02,1022,1022,Tawon Buie missed Three Point Jumper.,46,29,17,3,0.9466389134974934,0.9466389134974934,4,4,NA,NA,"c(""Art Vaulk"", "" Michael Husted"", "" Donald Daniels"")","Kennesaw, GA",KSU Convocation Center,4800,936,NA,NA,Voorhees,missed,Tawon Buie,NA,TRUE,FALSE,Voorhees,Voorhees,FALSE
401369198,2021-12-11,Kennesaw State,Voorhees,196,2,16:57,1017,1017,Joell Davis Offensive Rebound.,46,29,17,5,0.9470607897036042,0.9470607897036042,4,4,NA,NA,"c(""Art Vaulk"", "" Michael Husted"", "" Donald Daniels"")","Kennesaw, GA",KSU Convocation Center,4800,936,NA,NA,NA,NA,NA,NA,NA,NA,Voorhees,Voorhees,FALSE
401369198,2021-12-11,Kennesaw State,Voorhees,197,2,16:57,1017,1017,Joell Davis made Layup.,46,31,15,0,0.9272300847416843,0.9272300847416843,4,4,NA,NA,"c(""Art Vaulk"", "" Michael Husted"", "" Donald Daniels"")","Kennesaw, GA",KSU Convocation Center,4800,936,NA,NA,Voorhees,made,Joell Davis,NA,FALSE,FALSE,Voorhees,Kennesaw State,FALSE
401369198,2021-12-11,Kennesaw State,Voorhees,198,2,16:56,1016,1016,Voorhees  Timeout,46,31,15,1,0.9273308362580164,0.9273308362580164,4,3,NA,NA,"c(""Art Vaulk"", "" Michael Husted"", "" Donald Daniels"")","Kennesaw, GA",KSU Convocation Center,4800,936,NA,NA,NA,NA,NA,NA,NA,NA,Kennesaw State,Kennesaw State,FALSE
401369198,2021-12-11,Kennesaw State,Voorhees,199,2,16:56,1016,1016,Official TV Timeout,46,31,15,0,0.9273308362580164,0.9273308362580164,4,3,NA,NA,"c(""Art Vaulk"", "" Michael Husted"", "" Donald Daniels"")","Kennesaw, GA",KSU Convocation Center,4800,936,NA,NA,NA,NA,NA,NA,NA,NA,Kennesaw State,Kennesaw State,FALSE
401369198,2021-12-11,Kennesaw State,Voorhees,200,2,16:30,990,990,Isaiah Reddish made Jumper. Assisted by Terrell Burden.,48,31,17,26,0.9494093032626696,0.9494093032626696,4,3,NA,NA,"c(""Art Vaulk"", "" Michael Husted"", "" Donald Daniels"")","Kennesaw, GA",KSU Convocation Center,4800,936,NA,NA,Kennesaw State,made,Isaiah Reddish,Terrell Burden,FALSE,FALSE,Kennesaw State,Voorhees,FALSE
401369198,2021-12-11,Kennesaw State,Voorhees,201,2,16:15,975,975,Tawon Buie missed Layup.,48,31,17,15,0.9507701151729668,0.9507701151729668,4,3,NA,NA,"c(""Art Vaulk"", "" Michael Husted"", "" Donald Daniels"")","Kennesaw, GA",KSU Convocation Center,4800,936,NA,NA,Voorhees,missed,Tawon Buie,NA,FALSE,FALSE,Voorhees,Kennesaw State,FALSE
401369198,2021-12-11,Kennesaw State,Voorhees,202,2,16:12,972,972,Spencer Rodgers Defensive Rebound.,48,31,17,3,0.9510473936256415,0.9510473936256415,4,3,NA,NA,"c(""Art Vaulk"", "" Michael Husted"", "" Donald Daniels"")","Kennesaw, GA",KSU Convocation Center,4800,936,NA,NA,NA,NA,NA,NA,NA,NA,Voorhees,Kennesaw State,FALSE
401369198,2021-12-11,Kennesaw State,Voorhees,203,2,16:07,967,967,Isaiah Reddish missed Layup.,48,31,17,5,0.9515093052858458,0.9515093052858458,4,3,NA,NA,"c(""Art Vaulk"", "" Michael Husted"", "" Donald Daniels"")","Kennesaw, GA",KSU Convocation Center,4800,936,NA,NA,Kennesaw State,missed,Isaiah Reddish,NA,FALSE,FALSE,Kennesaw State,Kennesaw State,FALSE
401369198,2021-12-11,Kennesaw State,Voorhees,204,2,16:05,965,965,Cole LaRue Offensive Rebound.,48,31,17,2,0.9516898716846096,0.9516898716846096,4,3,NA,NA,"c(""Art Vaulk"", "" Michael Husted"", "" Donald Daniels"")","Kennesaw, GA",KSU Convocation Center,4800,936,NA,NA,NA,NA,NA,NA,NA,NA,Kennesaw State,Kennesaw State,FALSE
401369198,2021-12-11,Kennesaw State,Voorhees,205,2,15:50,950,950,Kasen Jennings Turnover.,48,31,17,15,0.9529627499647957,0.9529627499647957,4,3,NA,NA,"c(""Art Vaulk"", "" Michael Husted"", "" Donald Daniels"")","Kennesaw, GA",KSU Convocation Center,4800,936,NA,NA,NA,NA,NA,NA,NA,NA,Kennesaw State,Voorhees,FALSE
401369198,2021-12-11,Kennesaw State,Voorhees,206,2,15:50,950,950,Tawon Buie Steal.,48,31,17,0,0.9529627499647957,0.9529627499647957,4,3,NA,NA,"c(""Art Vaulk"", "" Michael Husted"", "" Donald Daniels"")","Kennesaw, GA",KSU Convocation Center,4800,936,NA,NA,NA,NA,NA,NA,NA,NA,Kennesaw State,Voorhees,FALSE
401369198,2021-12-11,Kennesaw State,Voorhees,207,2,15:46,946,946,Tawon Buie made Layup.,48,33,15,4,0.934682627995295,0.934682627995295,4,3,NA,NA,"c(""Art Vaulk"", "" Michael Husted"", "" Donald Daniels"")","Kennesaw, GA",KSU Convocation Center,4800,936,NA,NA,Voorhees,made,Tawon Buie,NA,FALSE,FALSE,Voorhees,Kennesaw State,FALSE
401369198,2021-12-11,Kennesaw State,Voorhees,208,2,15:12,912,912,Terrell Burden missed Three Point Jumper.,48,33,15,34,0.9376178080820396,0.9376178080820396,4,3,NA,NA,"c(""Art Vaulk"", "" Michael Husted"", "" Donald Daniels"")","Kennesaw, GA",KSU Convocation Center,4800,936,NA,NA,Kennesaw State,missed,Terrell Burden,NA,TRUE,FALSE,Kennesaw State,Voorhees,FALSE
401369198,2021-12-11,Kennesaw State,Voorhees,209,2,15:09,909,909,Tawon Buie Defensive Rebound.,48,33,15,3,0.9378551834092528,0.9378551834092528,4,3,NA,NA,"c(""Art Vaulk"", "" Michael Husted"", "" Donald Daniels"")","Kennesaw, GA",KSU Convocation Center,4800,936,NA,NA,NA,NA,NA,NA,NA,NA,Kennesaw State,Voorhees,FALSE
401369198,2021-12-11,Kennesaw State,Voorhees,210,2,15:07,907,907,Hector Rosario Turnover.,48,33,15,2,0.9380120165305172,0.9380120165305172,4,3,NA,NA,"c(""Art Vaulk"", "" Michael Husted"", "" Donald Daniels"")","Kennesaw, GA",KSU Convocation Center,4800,936,NA,NA,NA,NA,NA,NA,NA,NA,Voorhees,Kennesaw State,FALSE
401369198,2021-12-11,Kennesaw State,Voorhees,211,2,15:07,907,907,Official TV Timeout,48,33,15,0,0.9380120165305172,0.9380120165305172,4,3,NA,NA,"c(""Art Vaulk"", "" Michael Husted"", "" Donald Daniels"")","Kennesaw, GA",KSU Convocation Center,4800,936,NA,NA,NA,NA,NA,NA,NA,NA,Kennesaw State,Kennesaw State,FALSE
401369198,2021-12-11,Kennesaw State,Voorhees,212,2,14:46,886,886,Cole LaRue made Jumper. Assisted by Spencer Rodgers.,50,33,17,21,0.9573245141483154,0.9573245141483154,4,3,NA,NA,"c(""Art Vaulk"", "" Michael Husted"", "" Donald Daniels"")","Kennesaw, GA",KSU Convocation Center,4800,936,NA,NA,Kennesaw State,made,Cole LaRue,Spencer Rodgers,FALSE,FALSE,Kennesaw State,Voorhees,FALSE
401369198,2021-12-11,Kennesaw State,Voorhees,213,2,14:46,886,886,Foul on Joell Davis.,50,33,17,0,0.9573245141483154,0.9573245141483154,4,3,NA,NA,"c(""Art Vaulk"", "" Michael Husted"", "" Donald Daniels"")","Kennesaw, GA",KSU Convocation Center,4800,936,NA,NA,NA,NA,NA,NA,NA,NA,Kennesaw State,Voorhees,FALSE
401369198,2021-12-11,Kennesaw State,Voorhees,214,2,14:46,886,886,Cole LaRue made Free Throw.,51,33,18,0,0.9642047825899741,0.9642047825899741,4,3,NA,NA,"c(""Art Vaulk"", "" Michael Husted"", "" Donald Daniels"")","Kennesaw, GA",KSU Convocation Center,4800,936,NA,NA,Kennesaw State,made,Cole LaRue,NA,FALSE,TRUE,Kennesaw State,Kennesaw State,FALSE
401369198,2021-12-11,Kennesaw State,Voorhees,215,2,14:28,868,868,Omari Joseph Turnover.,51,33,18,18,0.965168967683424,0.965168967683424,4,3,NA,NA,"c(""Art Vaulk"", "" Michael Husted"", "" Donald Daniels"")","Kennesaw, GA",KSU Convocation Center,4800,936,NA,NA,NA,NA,NA,NA,NA,NA,Kennesaw State,Kennesaw State,FALSE
401369198,2021-12-11,Kennesaw State,Voorhees,216,2,14:07,847,847,Spencer Rodgers missed Three Point Jumper.,51,33,18,21,0.9662916864288025,0.9662916864288025,4,3,NA,NA,"c(""Art Vaulk"", "" Michael Husted"", "" Donald Daniels"")","Kennesaw, GA",KSU Convocation Center,4800,936,NA,NA,Kennesaw State,missed,Spencer Rodgers,NA,TRUE,FALSE,Kennesaw State,Voorhees,FALSE
401369198,2021-12-11,Kennesaw State,Voorhees,217,2,14:06,846,846,Voorhees Defensive Rebound.,51,33,18,1,0.9663457487268947,0.9663457487268947,4,3,NA,NA,"c(""Art Vaulk"", "" Michael Husted"", "" Donald Daniels"")","Kennesaw, GA",KSU Convocation Center,4800,936,NA,NA,NA,NA,NA,NA,NA,NA,Kennesaw State,Voorhees,FALSE
401369198,2021-12-11,Kennesaw State,Voorhees,218,2,13:50,830,830,Kristian Ford missed Three Point Jumper.,51,33,18,16,0.9672251849839678,0.9672251849839678,4,3,NA,NA,"c(""Art Vaulk"", "" Michael Husted"", "" Donald Daniels"")","Kennesaw, GA",KSU Convocation Center,4800,936,NA,NA,Voorhees,missed,Kristian Ford,NA,TRUE,FALSE,Voorhees,Kennesaw State,FALSE
401369198,2021-12-11,Kennesaw State,Voorhees,219,2,13:46,826,826,Terrell Burden Defensive Rebound.,51,33,18,4,0.9674503451544298,0.9674503451544298,4,3,NA,NA,"c(""Art Vaulk"", "" Michael Husted"", "" Donald Daniels"")","Kennesaw, GA",KSU Convocation Center,4800,936,NA,NA,NA,NA,NA,NA,NA,NA,Voorhees,Kennesaw State,FALSE
401369198,2021-12-11,Kennesaw State,Voorhees,220,2,13:44,824,824,Foul on Omari Joseph.,51,33,18,2,0.9675638781855722,0.9675638781855722,4,3,NA,NA,"c(""Art Vaulk"", "" Michael Husted"", "" Donald Daniels"")","Kennesaw, GA",KSU Convocation Center,4800,936,NA,NA,NA,NA,NA,NA,NA,NA,Kennesaw State,Kennesaw State,FALSE
401369198,2021-12-11,Kennesaw State,Voorhees,221,2,13:41,821,821,Spencer Rodgers Turnover.,51,33,18,3,0.9677354450951191,0.9677354450951191,4,3,NA,NA,"c(""Art Vaulk"", "" Michael Husted"", "" Donald Daniels"")","Kennesaw, GA",KSU Convocation Center,4800,936,NA,NA,NA,NA,NA,NA,NA,NA,Kennesaw State,Voorhees,FALSE
401369198,2021-12-11,Kennesaw State,Voorhees,222,2,13:41,821,821,Jordan Blue Steal.,51,33,18,0,0.9677354450951191,0.9677354450951191,4,3,NA,NA,"c(""Art Vaulk"", "" Michael Husted"", "" Donald Daniels"")","Kennesaw, GA",KSU Convocation Center,4800,936,NA,NA,NA,NA,NA,NA,NA,NA,Kennesaw State,Voorhees,FALSE
401369198,2021-12-11,Kennesaw State,Voorhees,223,2,13:26,806,806,Tawon Buie missed Jumper.,51,33,18,15,0.9686189582494763,0.9686189582494763,4,3,NA,NA,"c(""Art Vaulk"", "" Michael Husted"", "" Donald Daniels"")","Kennesaw, GA",KSU Convocation Center,4800,936,NA,NA,Voorhees,missed,Tawon Buie,NA,FALSE,FALSE,Voorhees,Kennesaw State,FALSE
401369198,2021-12-11,Kennesaw State,Voorhees,224,2,13:26,806,806,Terrell Burden Block.,51,33,18,0,0.9686189582494763,0.9686189582494763,4,3,NA,NA,"c(""Art Vaulk"", "" Michael Husted"", "" Donald Daniels"")","Kennesaw, GA",KSU Convocation Center,4800,936,NA,NA,NA,NA,NA,NA,NA,NA,Voorhees,Kennesaw State,FALSE
401369198,2021-12-11,Kennesaw State,Voorhees,225,2,13:25,805,805,Kennesaw State Defensive Rebound.,51,33,18,1,0.9686795329678246,0.9686795329678246,4,3,NA,NA,"c(""Art Vaulk"", "" Michael Husted"", "" Donald Daniels"")","Kennesaw, GA",KSU Convocation Center,4800,936,NA,NA,NA,NA,NA,NA,NA,NA,Voorhees,Kennesaw State,FALSE
401369198,2021-12-11,Kennesaw State,Voorhees,226,2,13:14,794,794,Cole LaRue Turnover.,51,33,18,11,0.9693612872336883,0.9693612872336883,4,3,NA,NA,"c(""Art Vaulk"", "" Michael Husted"", "" Donald Daniels"")","Kennesaw, GA",KSU Convocation Center,4800,936,NA,NA,NA,NA,NA,NA,NA,NA,Kennesaw State,Voorhees,FALSE
401369198,2021-12-11,Kennesaw State,Voorhees,227,2,13:14,794,794,Fred Spells Steal.,51,33,18,0,0.9693612872336883,0.9693612872336883,4,3,NA,NA,"c(""Art Vaulk"", "" Michael Husted"", "" Donald Daniels"")","Kennesaw, GA",KSU Convocation Center,4800,936,NA,NA,NA,NA,NA,NA,NA,NA,Kennesaw State,Voorhees,FALSE
401369198,2021-12-11,Kennesaw State,Voorhees,228,2,12:51,771,771,Jordan Blue missed Jumper.,51,33,18,23,0.9708884645266137,0.9708884645266137,4,3,NA,NA,"c(""Art Vaulk"", "" Michael Husted"", "" Donald Daniels"")","Kennesaw, GA",KSU Convocation Center,4800,936,NA,NA,Voorhees,missed,Jordan Blue,NA,FALSE,FALSE,Voorhees,Kennesaw State,FALSE
401369198,2021-12-11,Kennesaw State,Voorhees,229,2,12:49,769,769,Terrell Burden Defensive Rebound.,51,33,18,2,0.9710283255525095,0.9710283255525095,4,3,NA,NA,"c(""Art Vaulk"", "" Michael Husted"", "" Donald Daniels"")","Kennesaw, GA",KSU Convocation Center,4800,936,NA,NA,NA,NA,NA,NA,NA,NA,Voorhees,Kennesaw State,FALSE
401369198,2021-12-11,Kennesaw State,Voorhees,230,2,12:48,768,768,Terrell Burden Turnover.,51,33,18,1,0.9710986989846794,0.9710986989846794,4,3,NA,NA,"c(""Art Vaulk"", "" Michael Husted"", "" Donald Daniels"")","Kennesaw, GA",KSU Convocation Center,4800,936,NA,NA,NA,NA,NA,NA,NA,NA,Kennesaw State,Voorhees,FALSE
401369198,2021-12-11,Kennesaw State,Voorhees,231,2,12:48,768,768,Kristian Ford Steal.,51,33,18,0,0.9710986989846794,0.9710986989846794,4,3,NA,NA,"c(""Art Vaulk"", "" Michael Husted"", "" Donald Daniels"")","Kennesaw, GA",KSU Convocation Center,4800,936,NA,NA,NA,NA,NA,NA,NA,NA,Kennesaw State,Voorhees,FALSE
401369198,2021-12-11,Kennesaw State,Voorhees,232,2,12:44,764,764,Kristian Ford made Layup.,51,35,16,4,0.9582372193777873,0.9582372193777873,4,3,NA,NA,"c(""Art Vaulk"", "" Michael Husted"", "" Donald Daniels"")","Kennesaw, GA",KSU Convocation Center,4800,936,NA,NA,Voorhees,made,Kristian Ford,NA,FALSE,FALSE,Voorhees,Kennesaw State,FALSE
401369198,2021-12-11,Kennesaw State,Voorhees,233,2,12:23,743,743,Foul on Kristian Ford.,51,35,16,21,0.9602582485033545,0.9602582485033545,4,3,NA,NA,"c(""Art Vaulk"", "" Michael Husted"", "" Donald Daniels"")","Kennesaw, GA",KSU Convocation Center,4800,936,NA,NA,NA,NA,NA,NA,NA,NA,Kennesaw State,Kennesaw State,FALSE
401369198,2021-12-11,Kennesaw State,Voorhees,234,2,12:23,743,743,Terrell Burden made Free Throw.,52,35,17,0,0.9671959758651845,0.9671959758651845,4,3,NA,NA,"c(""Art Vaulk"", "" Michael Husted"", "" Donald Daniels"")","Kennesaw, GA",KSU Convocation Center,4800,936,NA,NA,Kennesaw State,made,Terrell Burden,NA,FALSE,TRUE,Kennesaw State,Kennesaw State,FALSE
401369198,2021-12-11,Kennesaw State,Voorhees,235,2,12:23,743,743,Terrell Burden made Free Throw.,53,35,18,0,0.9729566906849145,0.9729566906849145,4,3,NA,NA,"c(""Art Vaulk"", "" Michael Husted"", "" Donald Daniels"")","Kennesaw, GA",KSU Convocation Center,4800,936,NA,NA,Kennesaw State,made,Terrell Burden,NA,FALSE,TRUE,Kennesaw State,Voorhees,FALSE
401369198,2021-12-11,Kennesaw State,Voorhees,236,2,12:08,728,728,Fred Spells missed Layup.,53,35,18,15,0.9741616411326932,0.9741616411326932,4,3,NA,NA,"c(""Art Vaulk"", "" Michael Husted"", "" Donald Daniels"")","Kennesaw, GA",KSU Convocation Center,4800,936,NA,NA,Voorhees,missed,Fred Spells,NA,FALSE,FALSE,Voorhees,Kennesaw State,FALSE
401369198,2021-12-11,Kennesaw State,Voorhees,237,2,12:08,728,728,Armani Harris Block.,53,35,18,0,0.9741616411326932,0.9741616411326932,4,3,NA,NA,"c(""Art Vaulk"", "" Michael Husted"", "" Donald Daniels"")","Kennesaw, GA",KSU Convocation Center,4800,936,NA,NA,NA,NA,NA,NA,NA,NA,Voorhees,Kennesaw State,FALSE
401369198,2021-12-11,Kennesaw State,Voorhees,238,2,11:58,718,718,Armani Harris Defensive Rebound.,53,35,18,10,0.9749244621164348,0.9749244621164348,4,3,NA,NA,"c(""Art Vaulk"", "" Michael Husted"", "" Donald Daniels"")","Kennesaw, GA",KSU Convocation Center,4800,936,NA,NA,NA,NA,NA,NA,NA,NA,Voorhees,Kennesaw State,FALSE
401369198,2021-12-11,Kennesaw State,Voorhees,239,2,11:57,717,717,Cole LaRue made Layup. Assisted by Armani Harris.,55,35,20,1,0.9832170413274041,0.9832170413274041,4,3,NA,NA,"c(""Art Vaulk"", "" Michael Husted"", "" Donald Daniels"")","Kennesaw, GA",KSU Convocation Center,4800,936,NA,NA,Kennesaw State,made,Cole LaRue,Armani Harris,FALSE,FALSE,Kennesaw State,Voorhees,FALSE
401369198,2021-12-11,Kennesaw State,Voorhees,240,2,11:49,709,709,Jordan Blue Turnover.,55,35,20,8,0.9836318310600796,0.9836318310600796,4,3,NA,NA,"c(""Art Vaulk"", "" Michael Husted"", "" Donald Daniels"")","Kennesaw, GA",KSU Convocation Center,4800,936,NA,NA,NA,NA,NA,NA,NA,NA,Voorhees,Kennesaw State,FALSE
401369198,2021-12-11,Kennesaw State,Voorhees,241,2,11:49,709,709,Armani Harris Steal.,55,35,20,0,0.9836318310600796,0.9836318310600796,4,3,NA,NA,"c(""Art Vaulk"", "" Michael Husted"", "" Donald Daniels"")","Kennesaw, GA",KSU Convocation Center,4800,936,NA,NA,NA,NA,NA,NA,NA,NA,Voorhees,Kennesaw State,FALSE
401369198,2021-12-11,Kennesaw State,Voorhees,242,2,11:42,702,702,Terrell Burden Turnover.,55,35,20,7,0.9839701933105158,0.9839701933105158,4,3,NA,NA,"c(""Art Vaulk"", "" Michael Husted"", "" Donald Daniels"")","Kennesaw, GA",KSU Convocation Center,4800,936,NA,NA,NA,NA,NA,NA,NA,NA,Kennesaw State,Voorhees,FALSE
401369198,2021-12-11,Kennesaw State,Voorhees,243,2,11:42,702,702,Tawon Buie Steal.,55,35,20,0,0.9839701933105158,0.9839701933105158,4,3,NA,NA,"c(""Art Vaulk"", "" Michael Husted"", "" Donald Daniels"")","Kennesaw, GA",KSU Convocation Center,4800,936,NA,NA,NA,NA,NA,NA,NA,NA,Kennesaw State,Voorhees,FALSE
401369198,2021-12-11,Kennesaw State,Voorhees,244,2,11:38,698,698,Tawon Buie Turnover.,55,35,20,4,0.9841546472675011,0.9841546472675011,4,3,NA,NA,"c(""Art Vaulk"", "" Michael Husted"", "" Donald Daniels"")","Kennesaw, GA",KSU Convocation Center,4800,936,NA,NA,NA,NA,NA,NA,NA,NA,Voorhees,Kennesaw State,FALSE
401369198,2021-12-11,Kennesaw State,Voorhees,245,2,11:38,698,698,Kasen Jennings Steal.,55,35,20,0,0.9841546472675011,0.9841546472675011,4,3,NA,NA,"c(""Art Vaulk"", "" Michael Husted"", "" Donald Daniels"")","Kennesaw, GA",KSU Convocation Center,4800,936,NA,NA,NA,NA,NA,NA,NA,NA,Voorhees,Kennesaw State,FALSE
401369198,2021-12-11,Kennesaw State,Voorhees,246,2,11:22,682,682,Foul on Fred Spells.,55,35,20,16,0.9848409419517814,0.9848409419517814,4,3,NA,NA,"c(""Art Vaulk"", "" Michael Husted"", "" Donald Daniels"")","Kennesaw, GA",KSU Convocation Center,4800,936,NA,NA,NA,NA,NA,NA,NA,NA,Kennesaw State,Kennesaw State,FALSE
401369198,2021-12-11,Kennesaw State,Voorhees,247,2,11:22,682,682,Official TV Timeout,55,35,20,0,0.9848409419517814,0.9848409419517814,4,3,NA,NA,"c(""Art Vaulk"", "" Michael Husted"", "" Donald Daniels"")","Kennesaw, GA",KSU Convocation Center,4800,936,NA,NA,NA,NA,NA,NA,NA,NA,Kennesaw State,Kennesaw State,FALSE
401369198,2021-12-11,Kennesaw State,Voorhees,248,2,11:17,677,677,Demond Robinson missed Jumper.,55,35,20,5,0.9850421838325094,0.9850421838325094,4,3,NA,NA,"c(""Art Vaulk"", "" Michael Husted"", "" Donald Daniels"")","Kennesaw, GA",KSU Convocation Center,4800,936,NA,NA,Kennesaw State,missed,Demond Robinson,NA,FALSE,FALSE,Kennesaw State,Kennesaw State,FALSE
401369198,2021-12-11,Kennesaw State,Voorhees,249,2,11:14,674,674,Kasen Jennings Offensive Rebound.,55,35,20,3,0.9851606578507873,0.9851606578507873,4,3,NA,NA,"c(""Art Vaulk"", "" Michael Husted"", "" Donald Daniels"")","Kennesaw, GA",KSU Convocation Center,4800,936,NA,NA,NA,NA,NA,NA,NA,NA,Kennesaw State,Kennesaw State,FALSE
401369198,2021-12-11,Kennesaw State,Voorhees,250,2,11:14,674,674,Kasen Jennings made Layup.,57,35,22,0,0.9901956375976148,0.9901956375976148,4,3,NA,NA,"c(""Art Vaulk"", "" Michael Husted"", "" Donald Daniels"")","Kennesaw, GA",KSU Convocation Center,4800,936,NA,NA,Kennesaw State,made,Kasen Jennings,NA,FALSE,FALSE,Kennesaw State,Voorhees,FALSE
401369198,2021-12-11,Kennesaw State,Voorhees,251,2,11:01,661,661,Tawon Buie missed Three Point Jumper.,57,35,22,13,0.9905593999937996,0.9905593999937996,4,3,NA,NA,"c(""Art Vaulk"", "" Michael Husted"", "" Donald Daniels"")","Kennesaw, GA",KSU Convocation Center,4800,936,NA,NA,Voorhees,missed,Tawon Buie,NA,TRUE,FALSE,Voorhees,Voorhees,FALSE
401369198,2021-12-11,Kennesaw State,Voorhees,252,2,10:56,656,656,Kristian Ford Offensive Rebound.,57,35,22,5,0.9906959205319129,0.9906959205319129,4,3,NA,NA,"c(""Art Vaulk"", "" Michael Husted"", "" Donald Daniels"")","Kennesaw, GA",KSU Convocation Center,4800,936,NA,NA,NA,NA,NA,NA,NA,NA,Voorhees,Voorhees,FALSE
401369198,2021-12-11,Kennesaw State,Voorhees,253,2,10:48,648,648,Antonio Lewis made Jumper.,57,37,20,8,0.9861456492084657,0.9861456492084657,4,3,NA,NA,"c(""Art Vaulk"", "" Michael Husted"", "" Donald Daniels"")","Kennesaw, GA",KSU Convocation Center,4800,936,NA,NA,Voorhees,made,Antonio Lewis,NA,FALSE,FALSE,Voorhees,Kennesaw State,FALSE
401369198,2021-12-11,Kennesaw State,Voorhees,254,2,10:31,631,631,Foul on Demond Robinson.,57,37,20,17,0.9867832610453223,0.9867832610453223,4,3,NA,NA,"c(""Art Vaulk"", "" Michael Husted"", "" Donald Daniels"")","Kennesaw, GA",KSU Convocation Center,4800,936,NA,NA,NA,NA,NA,NA,NA,NA,Kennesaw State,Voorhees,FALSE
401369198,2021-12-11,Kennesaw State,Voorhees,255,2,10:31,631,631,Demond Robinson Turnover.,57,37,20,0,0.9867832610453223,0.9867832610453223,4,3,NA,NA,"c(""Art Vaulk"", "" Michael Husted"", "" Donald Daniels"")","Kennesaw, GA",KSU Convocation Center,4800,936,NA,NA,NA,NA,NA,NA,NA,NA,Kennesaw State,Voorhees,FALSE
401369198,2021-12-11,Kennesaw State,Voorhees,256,2,10:20,620,620,Antonio Lewis missed Three Point Jumper.,57,37,20,11,0.987207481214916,0.987207481214916,4,3,NA,NA,"c(""Art Vaulk"", "" Michael Husted"", "" Donald Daniels"")","Kennesaw, GA",KSU Convocation Center,4800,936,NA,NA,Voorhees,missed,Antonio Lewis,NA,TRUE,FALSE,Voorhees,Kennesaw State,FALSE
401369198,2021-12-11,Kennesaw State,Voorhees,257,2,10:17,617,617,Kasen Jennings Defensive Rebound.,57,37,20,3,0.9873256910867038,0.9873256910867038,4,3,NA,NA,"c(""Art Vaulk"", "" Michael Husted"", "" Donald Daniels"")","Kennesaw, GA",KSU Convocation Center,4800,936,NA,NA,NA,NA,NA,NA,NA,NA,Voorhees,Kennesaw State,FALSE
401369198,2021-12-11,Kennesaw State,Voorhees,258,2,10:07,607,607,Spencer Rodgers missed Three Point Jumper.,57,37,20,10,0.987729359961804,0.987729359961804,4,3,NA,NA,"c(""Art Vaulk"", "" Michael Husted"", "" Donald Daniels"")","Kennesaw, GA",KSU Convocation Center,4800,936,NA,NA,Kennesaw State,missed,Spencer Rodgers,NA,TRUE,FALSE,Kennesaw State,Kennesaw State,FALSE
401369198,2021-12-11,Kennesaw State,Voorhees,259,2,10:02,602,602,Demond Robinson Offensive Rebound.,57,37,20,5,0.9879374403112317,0.9879374403112317,4,3,NA,NA,"c(""Art Vaulk"", "" Michael Husted"", "" Donald Daniels"")","Kennesaw, GA",KSU Convocation Center,4800,936,NA,NA,NA,NA,NA,NA,NA,NA,Kennesaw State,Kennesaw State,FALSE
401369198,2021-12-11,Kennesaw State,Voorhees,260,2,10:02,602,602,Demond Robinson made Layup.,59,37,22,0,0.9922020373889274,0.9922020373889274,4,3,NA,NA,"c(""Art Vaulk"", "" Michael Husted"", "" Donald Daniels"")","Kennesaw, GA",KSU Convocation Center,4800,936,NA,NA,Kennesaw State,made,Demond Robinson,NA,FALSE,FALSE,Kennesaw State,Voorhees,FALSE
401369198,2021-12-11,Kennesaw State,Voorhees,261,2,9:53,593,593,Kristian Ford missed Jumper.,59,37,22,9,0.9924774558285012,0.9924774558285012,4,3,NA,NA,"c(""Art Vaulk"", "" Michael Husted"", "" Donald Daniels"")","Kennesaw, GA",KSU Convocation Center,4800,936,NA,NA,Voorhees,missed,Kristian Ford,NA,FALSE,FALSE,Voorhees,Kennesaw State,FALSE
401369198,2021-12-11,Kennesaw State,Voorhees,262,2,9:51,591,591,Kenny Burns Defensive Rebound.,59,37,22,2,0.992540074685556,0.992540074685556,4,3,NA,NA,"c(""Art Vaulk"", "" Michael Husted"", "" Donald Daniels"")","Kennesaw, GA",KSU Convocation Center,4800,936,NA,NA,NA,NA,NA,NA,NA,NA,Voorhees,Kennesaw State,FALSE
401369198,2021-12-11,Kennesaw State,Voorhees,263,2,9:45,585,585,Demond Robinson made Layup. Assisted by Spencer Rodgers.,61,37,24,6,0.995338976140749,0.995338976140749,4,3,NA,NA,"c(""Art Vaulk"", "" Michael Husted"", "" Donald Daniels"")","Kennesaw, GA",KSU Convocation Center,4800,936,NA,NA,Kennesaw State,made,Demond Robinson,Spencer Rodgers,FALSE,FALSE,Kennesaw State,Voorhees,FALSE
401369198,2021-12-11,Kennesaw State,Voorhees,264,2,9:21,561,561,Tawon Buie missed Layup.,61,37,24,24,0.9959063611822977,0.9959063611822977,4,3,NA,NA,"c(""Art Vaulk"", "" Michael Husted"", "" Donald Daniels"")","Kennesaw, GA",KSU Convocation Center,4800,936,NA,NA,Voorhees,missed,Tawon Buie,NA,FALSE,FALSE,Voorhees,Kennesaw State,FALSE
401369198,2021-12-11,Kennesaw State,Voorhees,265,2,9:19,559,559,Spencer Rodgers Defensive Rebound.,61,37,24,2,0.995955754593514,0.995955754593514,4,3,NA,NA,"c(""Art Vaulk"", "" Michael Husted"", "" Donald Daniels"")","Kennesaw, GA",KSU Convocation Center,4800,936,NA,NA,NA,NA,NA,NA,NA,NA,Voorhees,Kennesaw State,FALSE
401369198,2021-12-11,Kennesaw State,Voorhees,266,2,9:15,555,555,Kasen Jennings missed Three Point Jumper.,61,37,24,4,0.996055420101073,0.996055420101073,4,3,NA,NA,"c(""Art Vaulk"", "" Michael Husted"", "" Donald Daniels"")","Kennesaw, GA",KSU Convocation Center,4800,936,NA,NA,Kennesaw State,missed,Kasen Jennings,NA,TRUE,FALSE,Kennesaw State,Voorhees,FALSE
401369198,2021-12-11,Kennesaw State,Voorhees,267,2,9:13,553,553,Voorhees Defensive Rebound.,61,37,24,2,0.9961056735756056,0.9961056735756056,4,3,NA,NA,"c(""Art Vaulk"", "" Michael Husted"", "" Donald Daniels"")","Kennesaw, GA",KSU Convocation Center,4800,936,NA,NA,NA,NA,NA,NA,NA,NA,Kennesaw State,Voorhees,FALSE
401369198,2021-12-11,Kennesaw State,Voorhees,268,2,8:53,533,533,Antonio Lewis Turnover.,61,37,24,20,0.9965532785746963,0.9965532785746963,4,3,NA,NA,"c(""Art Vaulk"", "" Michael Husted"", "" Donald Daniels"")","Kennesaw, GA",KSU Convocation Center,4800,936,NA,NA,NA,NA,NA,NA,NA,NA,Voorhees,Kennesaw State,FALSE
401369198,2021-12-11,Kennesaw State,Voorhees,269,2,8:53,533,533,Mayson Quartlebaum Steal.,61,37,24,0,0.9965532785746963,0.9965532785746963,4,3,NA,NA,"c(""Art Vaulk"", "" Michael Husted"", "" Donald Daniels"")","Kennesaw, GA",KSU Convocation Center,4800,936,NA,NA,NA,NA,NA,NA,NA,NA,Voorhees,Kennesaw State,FALSE
401369198,2021-12-11,Kennesaw State,Voorhees,270,2,8:43,523,523,Chris Youngblood made Three Point Jumper. Assisted by Kenny Burns.,64,37,27,10,0.9983975506971303,0.9983975506971303,4,3,NA,NA,"c(""Art Vaulk"", "" Michael Husted"", "" Donald Daniels"")","Kennesaw, GA",KSU Convocation Center,4800,936,NA,NA,Kennesaw State,made,Chris Youngblood,Kenny Burns,TRUE,FALSE,Kennesaw State,Voorhees,FALSE
401369198,2021-12-11,Kennesaw State,Voorhees,271,2,8:27,507,507,Foul on Ezekiel Williamsonbey.,64,37,27,16,0.9985323229115421,0.9985323229115421,4,3,NA,NA,"c(""Art Vaulk"", "" Michael Husted"", "" Donald Daniels"")","Kennesaw, GA",KSU Convocation Center,4800,936,NA,NA,NA,NA,NA,NA,NA,NA,Voorhees,Kennesaw State,FALSE
401369198,2021-12-11,Kennesaw State,Voorhees,272,2,8:27,507,507,Ezekiel Williamsonbey Turnover.,64,37,27,0,0.9985323229115421,0.9985323229115421,4,3,NA,NA,"c(""Art Vaulk"", "" Michael Husted"", "" Donald Daniels"")","Kennesaw, GA",KSU Convocation Center,4800,936,NA,NA,NA,NA,NA,NA,NA,NA,Kennesaw State,Kennesaw State,FALSE
401369198,2021-12-11,Kennesaw State,Voorhees,273,2,8:27,507,507,Voorhees  Timeout,64,37,27,0,0.9985323229115421,0.9985323229115421,4,2,NA,NA,"c(""Art Vaulk"", "" Michael Husted"", "" Donald Daniels"")","Kennesaw, GA",KSU Convocation Center,4800,936,NA,NA,NA,NA,NA,NA,NA,NA,Kennesaw State,Kennesaw State,FALSE
401369198,2021-12-11,Kennesaw State,Voorhees,274,2,8:27,507,507,Official TV Timeout,64,37,27,0,0.9985323229115421,0.9985323229115421,4,2,NA,NA,"c(""Art Vaulk"", "" Michael Husted"", "" Donald Daniels"")","Kennesaw, GA",KSU Convocation Center,4800,936,NA,NA,NA,NA,NA,NA,NA,NA,Kennesaw State,Kennesaw State,FALSE
401369198,2021-12-11,Kennesaw State,Voorhees,275,2,8:08,488,488,Chris Youngblood missed Three Point Jumper.,64,37,27,19,0.9986768450729117,0.9986768450729117,4,2,NA,NA,"c(""Art Vaulk"", "" Michael Husted"", "" Donald Daniels"")","Kennesaw, GA",KSU Convocation Center,4800,936,NA,NA,Kennesaw State,missed,Chris Youngblood,NA,TRUE,FALSE,Kennesaw State,Voorhees,FALSE
401369198,2021-12-11,Kennesaw State,Voorhees,276,2,8:06,486,486,Jordan Blue Defensive Rebound.,64,37,27,2,0.9986918651370678,0.9986918651370678,4,2,NA,NA,"c(""Art Vaulk"", "" Michael Husted"", "" Donald Daniels"")","Kennesaw, GA",KSU Convocation Center,4800,936,NA,NA,NA,NA,NA,NA,NA,NA,Kennesaw State,Voorhees,FALSE
401369198,2021-12-11,Kennesaw State,Voorhees,277,2,8:00,480,480,Kristian Ford missed Three Point Jumper.,64,37,27,6,0.9987372152124462,0.9987372152124462,4,2,NA,NA,"c(""Art Vaulk"", "" Michael Husted"", "" Donald Daniels"")","Kennesaw, GA",KSU Convocation Center,4800,936,NA,NA,Voorhees,missed,Kristian Ford,NA,TRUE,FALSE,Voorhees,Kennesaw State,FALSE
401369198,2021-12-11,Kennesaw State,Voorhees,278,2,7:58,478,478,Chris Youngblood Defensive Rebound.,64,37,27,2,0.998752479736516,0.998752479736516,4,2,NA,NA,"c(""Art Vaulk"", "" Michael Husted"", "" Donald Daniels"")","Kennesaw, GA",KSU Convocation Center,4800,936,NA,NA,NA,NA,NA,NA,NA,NA,Voorhees,Kennesaw State,FALSE
401369198,2021-12-11,Kennesaw State,Voorhees,279,2,7:51,471,471,Demond Robinson made Jumper. Assisted by Kenny Burns.,66,37,29,7,0.9992748373399181,0.9992748373399181,4,2,NA,NA,"c(""Art Vaulk"", "" Michael Husted"", "" Donald Daniels"")","Kennesaw, GA",KSU Convocation Center,4800,936,NA,NA,Kennesaw State,made,Demond Robinson,Kenny Burns,FALSE,FALSE,Kennesaw State,Voorhees,FALSE
401369198,2021-12-11,Kennesaw State,Voorhees,280,2,7:30,450,450,Foul on Demond Robinson.,66,37,29,21,0.999387720601977,0.999387720601977,4,2,NA,NA,"c(""Art Vaulk"", "" Michael Husted"", "" Donald Daniels"")","Kennesaw, GA",KSU Convocation Center,4800,936,NA,NA,NA,NA,NA,NA,NA,NA,Voorhees,Voorhees,FALSE
401369198,2021-12-11,Kennesaw State,Voorhees,281,2,7:22,442,442,Antonio Lewis missed Three Point Jumper.,66,37,29,8,0.999433555910859,0.999433555910859,4,2,NA,NA,"c(""Art Vaulk"", "" Michael Husted"", "" Donald Daniels"")","Kennesaw, GA",KSU Convocation Center,4800,936,NA,NA,Voorhees,missed,Antonio Lewis,NA,TRUE,FALSE,Voorhees,Kennesaw State,FALSE
401369198,2021-12-11,Kennesaw State,Voorhees,282,2,7:22,442,442,Kennesaw State Defensive Rebound.,66,37,29,0,0.999433555910859,0.999433555910859,4,2,NA,NA,"c(""Art Vaulk"", "" Michael Husted"", "" Donald Daniels"")","Kennesaw, GA",KSU Convocation Center,4800,936,NA,NA,NA,NA,NA,NA,NA,NA,Voorhees,Kennesaw State,FALSE
401369198,2021-12-11,Kennesaw State,Voorhees,283,2,6:56,416,416,Demond Robinson Turnover.,66,37,29,26,0.9995787743354301,0.9995787743354301,4,2,NA,NA,"c(""Art Vaulk"", "" Michael Husted"", "" Donald Daniels"")","Kennesaw, GA",KSU Convocation Center,4800,936,NA,NA,NA,NA,NA,NA,NA,NA,Kennesaw State,Voorhees,FALSE
401369198,2021-12-11,Kennesaw State,Voorhees,284,2,6:56,416,416,Omari Joseph Steal.,66,37,29,0,0.9995787743354301,0.9995787743354301,4,2,NA,NA,"c(""Art Vaulk"", "" Michael Husted"", "" Donald Daniels"")","Kennesaw, GA",KSU Convocation Center,4800,936,NA,NA,NA,NA,NA,NA,NA,NA,Kennesaw State,Voorhees,FALSE
401369198,2021-12-11,Kennesaw State,Voorhees,285,2,6:51,411,411,Ezekiel Williamsonbey missed Jumper.,66,37,29,5,0.9996012127600857,0.9996012127600857,4,2,NA,NA,"c(""Art Vaulk"", "" Michael Husted"", "" Donald Daniels"")","Kennesaw, GA",KSU Convocation Center,4800,936,NA,NA,Voorhees,missed,Ezekiel Williamsonbey,NA,FALSE,FALSE,Voorhees,Kennesaw State,FALSE
401369198,2021-12-11,Kennesaw State,Voorhees,286,2,6:48,408,408,Mayson Quartlebaum Defensive Rebound.,66,37,29,3,0.9996138946362968,0.9996138946362968,4,2,NA,NA,"c(""Art Vaulk"", "" Michael Husted"", "" Donald Daniels"")","Kennesaw, GA",KSU Convocation Center,4800,936,NA,NA,NA,NA,NA,NA,NA,NA,Voorhees,Kennesaw State,FALSE
401369198,2021-12-11,Kennesaw State,Voorhees,287,2,6:33,393,393,Foul on Antonio Lewis.,66,37,29,15,0.9996705505026214,0.9996705505026214,4,2,NA,NA,"c(""Art Vaulk"", "" Michael Husted"", "" Donald Daniels"")","Kennesaw, GA",KSU Convocation Center,4800,936,NA,NA,NA,NA,NA,NA,NA,NA,Kennesaw State,Kennesaw State,FALSE
401369198,2021-12-11,Kennesaw State,Voorhees,288,2,6:33,393,393,Demond Robinson made Free Throw.,67,37,30,0,0.9997501081462605,0.9997501081462605,4,2,NA,NA,"c(""Art Vaulk"", "" Michael Husted"", "" Donald Daniels"")","Kennesaw, GA",KSU Convocation Center,4800,936,NA,NA,Kennesaw State,made,Demond Robinson,NA,FALSE,TRUE,Kennesaw State,Kennesaw State,FALSE
401369198,2021-12-11,Kennesaw State,Voorhees,289,2,6:33,393,393,Demond Robinson made Free Throw.,68,37,31,0,0.9998104573266254,0.9998104573266254,4,2,NA,NA,"c(""Art Vaulk"", "" Michael Husted"", "" Donald Daniels"")","Kennesaw, GA",KSU Convocation Center,4800,936,NA,NA,Kennesaw State,made,Demond Robinson,NA,FALSE,TRUE,Kennesaw State,Voorhees,FALSE
401369198,2021-12-11,Kennesaw State,Voorhees,290,2,6:16,376,376,Omari Joseph Turnover.,68,37,31,17,0.9998441835579128,0.9998441835579128,4,2,NA,NA,"c(""Art Vaulk"", "" Michael Husted"", "" Donald Daniels"")","Kennesaw, GA",KSU Convocation Center,4800,936,NA,NA,NA,NA,NA,NA,NA,NA,Voorhees,Kennesaw State,FALSE
401369198,2021-12-11,Kennesaw State,Voorhees,291,2,6:16,376,376,Jamir Moultrie Steal.,68,37,31,0,0.9998441835579128,0.9998441835579128,4,2,NA,NA,"c(""Art Vaulk"", "" Michael Husted"", "" Donald Daniels"")","Kennesaw, GA",KSU Convocation Center,4800,936,NA,NA,NA,NA,NA,NA,NA,NA,Voorhees,Kennesaw State,FALSE
401369198,2021-12-11,Kennesaw State,Voorhees,292,2,6:10,370,370,Chris Youngblood missed Layup.,68,37,31,6,0.9998551256812767,0.9998551256812767,4,2,NA,NA,"c(""Art Vaulk"", "" Michael Husted"", "" Donald Daniels"")","Kennesaw, GA",KSU Convocation Center,4800,936,NA,NA,Kennesaw State,missed,Chris Youngblood,NA,FALSE,FALSE,Kennesaw State,Kennesaw State,FALSE
401369198,2021-12-11,Kennesaw State,Voorhees,293,2,6:08,368,368,Mayson Quartlebaum Offensive Rebound.,68,37,31,2,0.9998586889525872,0.9998586889525872,4,2,NA,NA,"c(""Art Vaulk"", "" Michael Husted"", "" Donald Daniels"")","Kennesaw, GA",KSU Convocation Center,4800,936,NA,NA,NA,NA,NA,NA,NA,NA,Kennesaw State,Kennesaw State,FALSE
401369198,2021-12-11,Kennesaw State,Voorhees,294,2,6:04,364,364,Mayson Quartlebaum made Layup.,70,37,33,4,0.9999244393580538,0.9999244393580538,4,2,NA,NA,"c(""Art Vaulk"", "" Michael Husted"", "" Donald Daniels"")","Kennesaw, GA",KSU Convocation Center,4800,936,NA,NA,Kennesaw State,made,Mayson Quartlebaum,NA,FALSE,FALSE,Kennesaw State,Voorhees,FALSE
401369198,2021-12-11,Kennesaw State,Voorhees,295,2,5:43,343,343,Jordan Blue made Jumper.,70,39,31,21,0.9999003769500922,0.9999003769500922,4,2,NA,NA,"c(""Art Vaulk"", "" Michael Husted"", "" Donald Daniels"")","Kennesaw, GA",KSU Convocation Center,4800,936,NA,NA,Voorhees,made,Jordan Blue,NA,FALSE,FALSE,Voorhees,Kennesaw State,FALSE
401369198,2021-12-11,Kennesaw State,Voorhees,296,2,5:26,326,326,Jamir Moultrie missed Layup.,70,39,31,17,0.9999257949147499,0.9999257949147499,4,2,NA,NA,"c(""Art Vaulk"", "" Michael Husted"", "" Donald Daniels"")","Kennesaw, GA",KSU Convocation Center,4800,936,NA,NA,Kennesaw State,missed,Jamir Moultrie,NA,FALSE,FALSE,Kennesaw State,Kennesaw State,FALSE
401369198,2021-12-11,Kennesaw State,Voorhees,297,2,5:26,326,326,Kennesaw State Offensive Rebound.,70,39,31,0,0.9999257949147499,0.9999257949147499,4,2,NA,NA,"c(""Art Vaulk"", "" Michael Husted"", "" Donald Daniels"")","Kennesaw, GA",KSU Convocation Center,4800,936,NA,NA,NA,NA,NA,NA,NA,NA,Kennesaw State,Kennesaw State,FALSE
401369198,2021-12-11,Kennesaw State,Voorhees,298,2,5:26,326,326,Omari Joseph Block.,70,39,31,0,0.9999257949147499,0.9999257949147499,4,2,NA,NA,"c(""Art Vaulk"", "" Michael Husted"", "" Donald Daniels"")","Kennesaw, GA",KSU Convocation Center,4800,936,NA,NA,NA,NA,NA,NA,NA,NA,Kennesaw State,Kennesaw State,FALSE
401369198,2021-12-11,Kennesaw State,Voorhees,299,2,5:18,318,318,Cole LaRue missed Jumper.,70,39,31,8,0.999936750798762,0.999936750798762,4,2,NA,NA,"c(""Art Vaulk"", "" Michael Husted"", "" Donald Daniels"")","Kennesaw, GA",KSU Convocation Center,4800,936,NA,NA,Kennesaw State,missed,Cole LaRue,NA,FALSE,FALSE,Kennesaw State,Kennesaw State,FALSE
401369198,2021-12-11,Kennesaw State,Voorhees,300,2,5:18,318,318,Kennesaw State Offensive Rebound.,70,39,31,0,0.999936750798762,0.999936750798762,4,2,NA,NA,"c(""Art Vaulk"", "" Michael Husted"", "" Donald Daniels"")","Kennesaw, GA",KSU Convocation Center,4800,936,NA,NA,NA,NA,NA,NA,NA,NA,Kennesaw State,Kennesaw State,FALSE
401369198,2021-12-11,Kennesaw State,Voorhees,301,2,5:16,316,316,Cole LaRue made Layup. Assisted by Jamir Moultrie.,72,39,33,2,0.9999675960002277,0.9999675960002277,4,2,NA,NA,"c(""Art Vaulk"", "" Michael Husted"", "" Donald Daniels"")","Kennesaw, GA",KSU Convocation Center,4800,936,NA,NA,Kennesaw State,made,Cole LaRue,Jamir Moultrie,FALSE,FALSE,Kennesaw State,Voorhees,FALSE
401369198,2021-12-11,Kennesaw State,Voorhees,302,2,4:54,294,294,Jordan Blue made Jumper.,72,41,31,22,0.999957109383769,0.999957109383769,4,2,NA,NA,"c(""Art Vaulk"", "" Michael Husted"", "" Donald Daniels"")","Kennesaw, GA",KSU Convocation Center,4800,936,NA,NA,Voorhees,made,Jordan Blue,NA,FALSE,FALSE,Voorhees,Kennesaw State,FALSE
401369198,2021-12-11,Kennesaw State,Voorhees,303,2,4:31,271,271,Chris Youngblood missed Three Point Jumper.,72,41,31,23,0.999953985248868,0.999953985248868,4,2,NA,NA,"c(""Art Vaulk"", "" Michael Husted"", "" Donald Daniels"")","Kennesaw, GA",KSU Convocation Center,4800,936,NA,NA,Kennesaw State,missed,Chris Youngblood,NA,TRUE,FALSE,Kennesaw State,Kennesaw State,FALSE
401369198,2021-12-11,Kennesaw State,Voorhees,304,2,4:28,268,268,Mayson Quartlebaum Offensive Rebound.,72,41,31,3,0.9999527559775109,0.9999527559775109,4,2,NA,NA,"c(""Art Vaulk"", "" Michael Husted"", "" Donald Daniels"")","Kennesaw, GA",KSU Convocation Center,4800,936,NA,NA,NA,NA,NA,NA,NA,NA,Kennesaw State,Kennesaw State,FALSE
401369198,2021-12-11,Kennesaw State,Voorhees,305,2,4:19,259,259,Cole LaRue made Layup. Assisted by Mayson Quartlebaum.,74,41,33,9,0.9999728001649616,0.9999728001649616,4,2,NA,NA,"c(""Art Vaulk"", "" Michael Husted"", "" Donald Daniels"")","Kennesaw, GA",KSU Convocation Center,4800,936,NA,NA,Kennesaw State,made,Cole LaRue,Mayson Quartlebaum,FALSE,FALSE,Kennesaw State,Voorhees,FALSE
401369198,2021-12-11,Kennesaw State,Voorhees,306,2,3:57,237,237,Kristian Ford made Jumper. Assisted by Antonio Lewis.,74,43,31,22,0.9999411433033554,0.9999411433033554,4,2,NA,NA,"c(""Art Vaulk"", "" Michael Husted"", "" Donald Daniels"")","Kennesaw, GA",KSU Convocation Center,4800,936,NA,NA,Voorhees,made,Kristian Ford,Antonio Lewis,FALSE,FALSE,Voorhees,Kennesaw State,FALSE
401369198,2021-12-11,Kennesaw State,Voorhees,307,2,3:43,223,223,Cole LaRue missed Three Point Jumper.,74,43,31,14,0.9999454318806534,0.9999454318806534,4,2,NA,NA,"c(""Art Vaulk"", "" Michael Husted"", "" Donald Daniels"")","Kennesaw, GA",KSU Convocation Center,4800,936,NA,NA,Kennesaw State,missed,Cole LaRue,NA,TRUE,FALSE,Kennesaw State,Voorhees,FALSE
401369198,2021-12-11,Kennesaw State,Voorhees,308,2,3:41,221,221,Kristian Ford Defensive Rebound.,74,43,31,2,0.9999468762938131,0.9999468762938131,4,2,NA,NA,"c(""Art Vaulk"", "" Michael Husted"", "" Donald Daniels"")","Kennesaw, GA",KSU Convocation Center,4800,936,NA,NA,NA,NA,NA,NA,NA,NA,Kennesaw State,Voorhees,FALSE
401369198,2021-12-11,Kennesaw State,Voorhees,309,2,3:35,215,215,Jordan Blue missed Jumper.,74,43,31,6,0.9999523869756566,0.9999523869756566,4,2,NA,NA,"c(""Art Vaulk"", "" Michael Husted"", "" Donald Daniels"")","Kennesaw, GA",KSU Convocation Center,4800,936,NA,NA,Voorhees,missed,Jordan Blue,NA,FALSE,FALSE,Voorhees,Kennesaw State,FALSE
401369198,2021-12-11,Kennesaw State,Voorhees,310,2,3:35,215,215,Cole LaRue Block.,74,43,31,0,0.9999523869756566,0.9999523869756566,4,2,NA,NA,"c(""Art Vaulk"", "" Michael Husted"", "" Donald Daniels"")","Kennesaw, GA",KSU Convocation Center,4800,936,NA,NA,NA,NA,NA,NA,NA,NA,Voorhees,Kennesaw State,FALSE
401369198,2021-12-11,Kennesaw State,Voorhees,311,2,3:31,211,211,Chris Youngblood Defensive Rebound.,74,43,31,4,0.9999568958110656,0.9999568958110656,4,2,NA,NA,"c(""Art Vaulk"", "" Michael Husted"", "" Donald Daniels"")","Kennesaw, GA",KSU Convocation Center,4800,936,NA,NA,NA,NA,NA,NA,NA,NA,Voorhees,Kennesaw State,FALSE
401369198,2021-12-11,Kennesaw State,Voorhees,312,2,3:30,210,210,Foul on Kristian Ford.,74,43,31,1,0.9999581045027716,0.9999581045027716,4,2,NA,NA,"c(""Art Vaulk"", "" Michael Husted"", "" Donald Daniels"")","Kennesaw, GA",KSU Convocation Center,4800,936,NA,NA,NA,NA,NA,NA,NA,NA,Kennesaw State,Kennesaw State,FALSE
401369198,2021-12-11,Kennesaw State,Voorhees,313,2,3:30,210,210,Official TV Timeout,74,43,31,0,0.9999581045027716,0.9999581045027716,4,2,NA,NA,"c(""Art Vaulk"", "" Michael Husted"", "" Donald Daniels"")","Kennesaw, GA",KSU Convocation Center,4800,936,NA,NA,NA,NA,NA,NA,NA,NA,Kennesaw State,Kennesaw State,FALSE
401369198,2021-12-11,Kennesaw State,Voorhees,314,2,3:30,210,210,Jamir Moultrie missed Free Throw.,74,43,31,0,0.9999581045027716,0.9999581045027716,4,2,NA,NA,"c(""Art Vaulk"", "" Michael Husted"", "" Donald Daniels"")","Kennesaw, GA",KSU Convocation Center,4800,936,NA,NA,Kennesaw State,missed,Jamir Moultrie,NA,FALSE,TRUE,Kennesaw State,Kennesaw State,FALSE
401369198,2021-12-11,Kennesaw State,Voorhees,315,2,3:30,210,210,Kennesaw State Offensive Rebound.,74,43,31,0,0.9999581045027716,0.9999581045027716,4,2,NA,NA,"c(""Art Vaulk"", "" Michael Husted"", "" Donald Daniels"")","Kennesaw, GA",KSU Convocation Center,4800,936,NA,NA,NA,NA,NA,NA,NA,NA,Kennesaw State,Kennesaw State,FALSE
401369198,2021-12-11,Kennesaw State,Voorhees,316,2,3:30,210,210,Jamir Moultrie made Free Throw.,75,43,32,0,0.9999697341706617,0.9999697341706617,4,2,NA,NA,"c(""Art Vaulk"", "" Michael Husted"", "" Donald Daniels"")","Kennesaw, GA",KSU Convocation Center,4800,936,NA,NA,Kennesaw State,made,Jamir Moultrie,NA,FALSE,TRUE,Kennesaw State,Voorhees,FALSE
401369198,2021-12-11,Kennesaw State,Voorhees,317,2,3:06,186,186,Antonio Lewis missed Jumper.,75,43,32,24,0.9999910215398004,0.9999910215398004,4,2,NA,NA,"c(""Art Vaulk"", "" Michael Husted"", "" Donald Daniels"")","Kennesaw, GA",KSU Convocation Center,4800,936,NA,NA,Voorhees,missed,Antonio Lewis,NA,FALSE,FALSE,Voorhees,Voorhees,FALSE
401369198,2021-12-11,Kennesaw State,Voorhees,318,2,3:06,186,186,Kenny Burns Block.,75,43,32,0,0.9999910215398004,0.9999910215398004,4,2,NA,NA,"c(""Art Vaulk"", "" Michael Husted"", "" Donald Daniels"")","Kennesaw, GA",KSU Convocation Center,4800,936,NA,NA,NA,NA,NA,NA,NA,NA,Voorhees,Voorhees,FALSE
401369198,2021-12-11,Kennesaw State,Voorhees,319,2,3:02,182,182,Antonio Lewis Offensive Rebound.,75,43,32,4,0.999993135185585,0.999993135185585,4,2,NA,NA,"c(""Art Vaulk"", "" Michael Husted"", "" Donald Daniels"")","Kennesaw, GA",KSU Convocation Center,4800,936,NA,NA,NA,NA,NA,NA,NA,NA,Voorhees,Voorhees,FALSE
401369198,2021-12-11,Kennesaw State,Voorhees,320,2,3:02,182,182,Foul on Demetrius Rives.,75,43,32,0,0.999993135185585,0.999993135185585,4,2,NA,NA,"c(""Art Vaulk"", "" Michael Husted"", "" Donald Daniels"")","Kennesaw, GA",KSU Convocation Center,4800,936,NA,NA,NA,NA,NA,NA,NA,NA,Voorhees,Voorhees,FALSE
401369198,2021-12-11,Kennesaw State,Voorhees,321,2,3:02,182,182,Jordan Blue made Free Throw.,75,44,31,0,0.9999900463419634,0.9999900463419634,4,2,NA,NA,"c(""Art Vaulk"", "" Michael Husted"", "" Donald Daniels"")","Kennesaw, GA",KSU Convocation Center,4800,936,NA,NA,Voorhees,made,Jordan Blue,NA,FALSE,TRUE,Voorhees,Voorhees,FALSE
401369198,2021-12-11,Kennesaw State,Voorhees,322,2,3:02,182,182,Jordan Blue made Free Throw.,75,45,30,0,0.9999855676840449,0.9999855676840449,4,2,NA,NA,"c(""Art Vaulk"", "" Michael Husted"", "" Donald Daniels"")","Kennesaw, GA",KSU Convocation Center,4800,936,NA,NA,Voorhees,made,Jordan Blue,NA,FALSE,TRUE,Voorhees,Kennesaw State,FALSE
401369198,2021-12-11,Kennesaw State,Voorhees,323,2,2:48,168,168,Kenny Burns Turnover.,75,45,30,14,0.9999941622940794,0.9999941622940794,4,2,NA,NA,"c(""Art Vaulk"", "" Michael Husted"", "" Donald Daniels"")","Kennesaw, GA",KSU Convocation Center,4800,936,NA,NA,NA,NA,NA,NA,NA,NA,Kennesaw State,Voorhees,FALSE
401369198,2021-12-11,Kennesaw State,Voorhees,324,2,2:30,150,150,Zakary White made Jumper.,75,47,28,18,0.9999960207736392,0.9999960207736392,4,2,NA,NA,"c(""Art Vaulk"", "" Michael Husted"", "" Donald Daniels"")","Kennesaw, GA",KSU Convocation Center,4800,936,NA,NA,Voorhees,made,Zakary White,NA,FALSE,FALSE,Voorhees,Kennesaw State,FALSE
401369198,2021-12-11,Kennesaw State,Voorhees,325,2,2:13,133,133,Kenny Burns missed Jumper.,75,47,28,17,0.9999989075955252,0.9999989075955252,4,2,NA,NA,"c(""Art Vaulk"", "" Michael Husted"", "" Donald Daniels"")","Kennesaw, GA",KSU Convocation Center,4800,936,NA,NA,Kennesaw State,missed,Kenny Burns,NA,FALSE,FALSE,Kennesaw State,Voorhees,FALSE
401369198,2021-12-11,Kennesaw State,Voorhees,326,2,2:10,130,130,Keyshaun Fleetion Defensive Rebound.,75,47,28,3,0.9999991499123054,0.9999991499123054,4,2,NA,NA,"c(""Art Vaulk"", "" Michael Husted"", "" Donald Daniels"")","Kennesaw, GA",KSU Convocation Center,4800,936,NA,NA,NA,NA,NA,NA,NA,NA,Kennesaw State,Voorhees,FALSE
401369198,2021-12-11,Kennesaw State,Voorhees,327,2,2:08,128,128,Antonio Lewis made Three Point Jumper.,75,50,25,2,0.9999967387857759,0.9999967387857759,4,2,NA,NA,"c(""Art Vaulk"", "" Michael Husted"", "" Donald Daniels"")","Kennesaw, GA",KSU Convocation Center,4800,936,NA,NA,Voorhees,made,Antonio Lewis,NA,TRUE,FALSE,Voorhees,Kennesaw State,FALSE
401369198,2021-12-11,Kennesaw State,Voorhees,328,2,1:55,115,115,Kenny Burns made Three Point Jumper. Assisted by Jamir Moultrie.,78,50,28,13,0.9999997857300839,0.9999997857300839,4,2,NA,NA,"c(""Art Vaulk"", "" Michael Husted"", "" Donald Daniels"")","Kennesaw, GA",KSU Convocation Center,4800,936,NA,NA,Kennesaw State,made,Kenny Burns,Jamir Moultrie,TRUE,FALSE,Kennesaw State,Voorhees,FALSE
401369198,2021-12-11,Kennesaw State,Voorhees,329,2,1:47,107,107,Foul on Mayson Quartlebaum.,78,50,28,8,0.999999906638444,0.999999906638444,4,2,NA,NA,"c(""Art Vaulk"", "" Michael Husted"", "" Donald Daniels"")","Kennesaw, GA",KSU Convocation Center,4800,936,NA,NA,NA,NA,NA,NA,NA,NA,Voorhees,Voorhees,FALSE
401369198,2021-12-11,Kennesaw State,Voorhees,330,2,1:41,101,101,Foul on Troy McCant.,78,50,28,6,0.9999999523445745,0.9999999523445745,4,2,NA,NA,"c(""Art Vaulk"", "" Michael Husted"", "" Donald Daniels"")","Kennesaw, GA",KSU Convocation Center,4800,936,NA,NA,NA,NA,NA,NA,NA,NA,Voorhees,Kennesaw State,FALSE
401369198,2021-12-11,Kennesaw State,Voorhees,331,2,1:41,101,101,Troy McCant Turnover.,78,50,28,0,0.9999999523445745,0.9999999523445745,4,2,NA,NA,"c(""Art Vaulk"", "" Michael Husted"", "" Donald Daniels"")","Kennesaw, GA",KSU Convocation Center,4800,936,NA,NA,NA,NA,NA,NA,NA,NA,Kennesaw State,Kennesaw State,FALSE
401369198,2021-12-11,Kennesaw State,Voorhees,332,2,1:24,84,84,Kenny Burns missed Three Point Jumper.,78,50,28,17,0.9999999941616005,0.9999999941616005,4,2,NA,NA,"c(""Art Vaulk"", "" Michael Husted"", "" Donald Daniels"")","Kennesaw, GA",KSU Convocation Center,4800,936,NA,NA,Kennesaw State,missed,Kenny Burns,NA,TRUE,FALSE,Kennesaw State,Voorhees,FALSE
401369198,2021-12-11,Kennesaw State,Voorhees,333,2,1:21,81,81,Keyshaun Fleetion Defensive Rebound.,78,50,28,3,0.9999999960426351,0.9999999960426351,4,2,NA,NA,"c(""Art Vaulk"", "" Michael Husted"", "" Donald Daniels"")","Kennesaw, GA",KSU Convocation Center,4800,936,NA,NA,NA,NA,NA,NA,NA,NA,Kennesaw State,Voorhees,FALSE
401369198,2021-12-11,Kennesaw State,Voorhees,334,2,1:17,77,77,Antonio Lewis made Three Point Jumper. Assisted by Jordan Blue.,78,53,25,4,0.9999999804181394,0.9999999804181394,4,2,NA,NA,"c(""Art Vaulk"", "" Michael Husted"", "" Donald Daniels"")","Kennesaw, GA",KSU Convocation Center,4800,936,NA,NA,Voorhees,made,Antonio Lewis,Jordan Blue,TRUE,FALSE,Voorhees,Kennesaw State,FALSE
401369198,2021-12-11,Kennesaw State,Voorhees,335,2,0:59,59,59,Demetrius Rives missed Jumper.,78,53,25,18,0.9999999980443228,0.9999999980443228,4,2,NA,NA,"c(""Art Vaulk"", "" Michael Husted"", "" Donald Daniels"")","Kennesaw, GA",KSU Convocation Center,4800,936,NA,NA,Kennesaw State,missed,Demetrius Rives,NA,FALSE,FALSE,Kennesaw State,Voorhees,FALSE
401369198,2021-12-11,Kennesaw State,Voorhees,336,2,0:58,58,58,Antonio Lewis Defensive Rebound.,78,53,25,1,0.9999999982904986,0.9999999982904986,4,2,NA,NA,"c(""Art Vaulk"", "" Michael Husted"", "" Donald Daniels"")","Kennesaw, GA",KSU Convocation Center,4800,936,NA,NA,NA,NA,NA,NA,NA,NA,Kennesaw State,Voorhees,FALSE
401369198,2021-12-11,Kennesaw State,Voorhees,337,2,0:57,57,57,Zakary White made Layup.,78,55,23,1,0.9999999924107442,0.9999999924107442,4,2,NA,NA,"c(""Art Vaulk"", "" Michael Husted"", "" Donald Daniels"")","Kennesaw, GA",KSU Convocation Center,4800,936,NA,NA,Voorhees,made,Zakary White,NA,FALSE,FALSE,Voorhees,Kennesaw State,FALSE
401369198,2021-12-11,Kennesaw State,Voorhees,338,2,0:57,57,57,Foul on Jamir Moultrie.,78,55,23,0,0.9999999924107442,0.9999999924107442,4,2,NA,NA,"c(""Art Vaulk"", "" Michael Husted"", "" Donald Daniels"")","Kennesaw, GA",KSU Convocation Center,4800,936,NA,NA,NA,NA,NA,NA,NA,NA,Voorhees,Voorhees,FALSE
401369198,2021-12-11,Kennesaw State,Voorhees,339,2,0:57,57,57,Zakary White missed Free Throw.,78,55,23,0,0.9999999924107442,0.9999999924107442,4,2,NA,NA,"c(""Art Vaulk"", "" Michael Husted"", "" Donald Daniels"")","Kennesaw, GA",KSU Convocation Center,4800,936,NA,NA,Voorhees,missed,Zakary White,NA,FALSE,TRUE,Voorhees,Kennesaw State,FALSE
401369198,2021-12-11,Kennesaw State,Voorhees,340,2,0:57,57,57,Kennesaw State Defensive Rebound.,78,55,23,0,0.9999999924107442,0.9999999924107442,4,2,NA,NA,"c(""Art Vaulk"", "" Michael Husted"", "" Donald Daniels"")","Kennesaw, GA",KSU Convocation Center,4800,936,NA,NA,NA,NA,NA,NA,NA,NA,Voorhees,Kennesaw State,FALSE
401369198,2021-12-11,Kennesaw State,Voorhees,341,2,0:45,45,45,Jamir Moultrie made Jumper.,80,55,25,12,0.9999999997229538,0.9999999997229538,4,2,NA,NA,"c(""Art Vaulk"", "" Michael Husted"", "" Donald Daniels"")","Kennesaw, GA",KSU Convocation Center,4800,936,NA,NA,Kennesaw State,made,Jamir Moultrie,NA,FALSE,FALSE,Kennesaw State,Voorhees,FALSE
401369198,2021-12-11,Kennesaw State,Voorhees,342,2,0:37,37,37,Foul on Demetrius Rives.,80,55,25,8,0.9999999999159466,0.9999999999159466,4,2,NA,NA,"c(""Art Vaulk"", "" Michael Husted"", "" Donald Daniels"")","Kennesaw, GA",KSU Convocation Center,4800,936,NA,NA,NA,NA,NA,NA,NA,NA,Voorhees,Voorhees,FALSE
401369198,2021-12-11,Kennesaw State,Voorhees,343,2,0:37,37,37,Jordan Blue made Free Throw.,80,56,24,0,0.9999999997873952,0.9999999997873952,4,2,NA,NA,"c(""Art Vaulk"", "" Michael Husted"", "" Donald Daniels"")","Kennesaw, GA",KSU Convocation Center,4800,936,NA,NA,Voorhees,made,Jordan Blue,NA,FALSE,TRUE,Voorhees,Voorhees,FALSE
401369198,2021-12-11,Kennesaw State,Voorhees,344,2,0:37,37,37,Jordan Blue missed Free Throw.,80,56,24,0,0.9999999997873952,0.9999999997873952,4,2,NA,NA,"c(""Art Vaulk"", "" Michael Husted"", "" Donald Daniels"")","Kennesaw, GA",KSU Convocation Center,4800,936,NA,NA,Voorhees,missed,Jordan Blue,NA,FALSE,TRUE,Voorhees,Kennesaw State,FALSE
401369198,2021-12-11,Kennesaw State,Voorhees,345,2,0:36,36,36,Demetrius Rives Defensive Rebound.,80,56,24,1,0.9999999998163972,0.9999999998163972,4,2,NA,NA,"c(""Art Vaulk"", "" Michael Husted"", "" Donald Daniels"")","Kennesaw, GA",KSU Convocation Center,4800,936,NA,NA,NA,NA,NA,NA,NA,NA,Voorhees,Kennesaw State,FALSE
401369198,2021-12-11,Kennesaw State,Voorhees,346,2,0:31,31,31,Foul on Demetrius Rives.,80,56,24,5,0.9999999999127259,0.9999999999127259,4,2,NA,NA,"c(""Art Vaulk"", "" Michael Husted"", "" Donald Daniels"")","Kennesaw, GA",KSU Convocation Center,4800,936,NA,NA,NA,NA,NA,NA,NA,NA,Kennesaw State,Voorhees,FALSE
401369198,2021-12-11,Kennesaw State,Voorhees,347,2,0:31,31,31,Demetrius Rives Turnover.,80,56,24,0,0.9999999999127259,0.9999999999127259,4,2,NA,NA,"c(""Art Vaulk"", "" Michael Husted"", "" Donald Daniels"")","Kennesaw, GA",KSU Convocation Center,4800,936,NA,NA,NA,NA,NA,NA,NA,NA,Kennesaw State,Voorhees,FALSE
401369198,2021-12-11,Kennesaw State,Voorhees,348,2,0:20,20,20,Antonio Lewis missed Three Point Jumper.,80,56,24,11,0.9999999999839205,0.9999999999839205,4,2,NA,NA,"c(""Art Vaulk"", "" Michael Husted"", "" Donald Daniels"")","Kennesaw, GA",KSU Convocation Center,4800,936,NA,NA,Voorhees,missed,Antonio Lewis,NA,TRUE,FALSE,Voorhees,Kennesaw State,FALSE
401369198,2021-12-11,Kennesaw State,Voorhees,349,2,0:18,18,18,Mayson Quartlebaum Defensive Rebound.,80,56,24,2,0.99999999998832,0.99999999998832,4,2,NA,NA,"c(""Art Vaulk"", "" Michael Husted"", "" Donald Daniels"")","Kennesaw, GA",KSU Convocation Center,4800,936,NA,NA,NA,NA,NA,NA,NA,NA,Voorhees,Kennesaw State,FALSE
401369198,2021-12-11,Kennesaw State,Voorhees,350,2,0:00,0,0,End of 2nd half,80,56,24,18,1,1,4,2,NA,NA,"c(""Art Vaulk"", "" Michael Husted"", "" Donald Daniels"")","Kennesaw, GA",KSU Convocation Center,4800,936,NA,NA,NA,NA,NA,NA,NA,NA,Kennesaw State,NA,FALSE
401369198,2021-12-11,Kennesaw State,Voorhees,351,2,0:00,0,0,End of Game,80,56,24,0,1,1,4,2,NA,NA,"c(""Art Vaulk"", "" Michael Husted"", "" Donald Daniels"")","Kennesaw, GA",KSU Convocation Center,4800,936,NA,NA,NA,NA,NA,NA,NA,NA,Kennesaw State,NA,FALSE
