game_id,date,home,away,play_id,half,time_remaining_half,secs_remaining,secs_remaining_absolute,description,home_score,away_score,score_diff,play_length,win_prob,naive_win_prob,home_time_out_remaining,away_time_out_remaining,home_favored_by,shot_x,shot_y,shot_team,shot_outcome,shooter,assist,three_pt,free_throw,possession_before,possession_after
401120752,2019-03-13,Oregon,Washington State,1,1,20:00:00,2400,2400,PLAY,0,0,0,0,0.8727141006710032,0.5,4,4,12,NA,NA,NA,NA,NA,NA,NA,NA,NA,Oregon
401120752,2019-03-13,Oregon,Washington State,2,1,20:00:00,2400,2400,Jump Ball won by Oregon,0,0,0,0,0.8727141006710032,0.5,4,4,12,NA,NA,NA,NA,NA,NA,NA,NA,Oregon,Oregon
401120752,2019-03-13,Oregon,Washington State,3,1,19:49:00,2389,2389,Payton Pritchard missed Jumper.,0,0,0,11,0.8724790277965991,0.5,4,4,12,33,69.14222222222222,Oregon,missed,Payton Pritchard,NA,FALSE,FALSE,Oregon,Washington State
401120752,2019-03-13,Oregon,Washington State,4,1,19:49:00,2389,2389,CJ Elleby Defensive Rebound.,0,0,0,0,0.8724790277965991,0.5,4,4,12,NA,NA,NA,NA,NA,NA,NA,NA,Oregon,Washington State
401120752,2019-03-13,Oregon,Washington State,5,1,19:31:00,2371,2371,Jervae Robinson missed Three Point Jumper.,0,0,0,18,0.8720868287940106,0.5,4,4,12,24,29.244444444444444,Washington State,missed,Jervae Robinson,NA,TRUE,FALSE,Washington State,Oregon
401120752,2019-03-13,Oregon,Washington State,6,1,19:31:00,2371,2371,Kenny Wooten Defensive Rebound.,0,0,0,0,0.8720868287940106,0.5,4,4,12,NA,NA,NA,NA,NA,NA,NA,NA,Washington State,Oregon
401120752,2019-03-13,Oregon,Washington State,7,1,19:19:00,2359,2359,Louis King missed Three Point Jumper.,0,0,0,12,0.8718200489066196,0.5,4,4,12,37,67.05333333333333,Oregon,missed,Louis King,NA,TRUE,FALSE,Oregon,Washington State
401120752,2019-03-13,Oregon,Washington State,8,1,19:19:00,2359,2359,Jeff Pollard Defensive Rebound.,0,0,0,0,0.8718200489066196,0.5,4,4,12,NA,NA,NA,NA,NA,NA,NA,NA,Oregon,Washington State
401120752,2019-03-13,Oregon,Washington State,9,1,19:19:00,2359,2359,Foul on Louis King.,0,0,0,0,0.8718200489066196,0.5,4,4,12,NA,NA,NA,NA,NA,NA,NA,NA,Oregon,Washington State
401120752,2019-03-13,Oregon,Washington State,10,1,19:19:00,2359,2359,Marvin Cannon missed Free Throw.,0,0,0,0,0.8718200489066196,0.5,4,4,12,25,4.177777777777778,Washington State,missed,Marvin Cannon,NA,FALSE,TRUE,Washington State,Washington State
401120752,2019-03-13,Oregon,Washington State,11,1,19:19:00,2359,2359,Washington State Deadball Team Rebound.,0,0,0,0,0.8718200489066196,0.5,4,4,12,NA,NA,NA,NA,NA,NA,NA,NA,Oregon,Washington State
401120752,2019-03-13,Oregon,Washington State,12,1,19:19:00,2359,2359,Marvin Cannon missed Free Throw.,0,0,0,0,0.8718200489066196,0.5,4,4,12,25,4.177777777777778,Washington State,missed,Marvin Cannon,NA,FALSE,TRUE,Washington State,Washington State
401120752,2019-03-13,Oregon,Washington State,13,1,19:19:00,2359,2359,Kenny Wooten Defensive Rebound.,0,0,0,0,0.8718200489066196,0.5,4,4,12,NA,NA,NA,NA,NA,NA,NA,NA,Oregon,Washington State
401120752,2019-03-13,Oregon,Washington State,14,1,18:53:00,2333,2333,Paul White missed Three Point Jumper.,0,0,0,26,0.8712269947481786,0.5,4,4,12,1,82.72,Oregon,missed,Paul White,NA,TRUE,FALSE,Oregon,Oregon
401120752,2019-03-13,Oregon,Washington State,15,1,18:53:00,2333,2333,Louis King Offensive Rebound.,0,0,0,0,0.8712269947481786,0.5,4,4,12,NA,NA,NA,NA,NA,NA,NA,NA,Oregon,Oregon
401120752,2019-03-13,Oregon,Washington State,16,1,18:49:00,2329,2329,Louis King missed Jumper.,0,0,0,4,0.8711338887716749,0.5,4,4,12,21,75.4088888888889,Oregon,missed,Louis King,NA,FALSE,FALSE,Oregon,Washington State
401120752,2019-03-13,Oregon,Washington State,17,1,18:49:00,2329,2329,Robert Franks Defensive Rebound.,0,0,0,0,0.8711338887716749,0.5,4,4,12,NA,NA,NA,NA,NA,NA,NA,NA,Oregon,Washington State
401120752,2019-03-13,Oregon,Washington State,18,1,18:17:00,2297,2297,Marvin Cannon missed Three Point Jumper.,0,0,0,32,0.8703705257701163,0.5,4,4,12,1.25,4.177777777777778,Washington State,missed,Marvin Cannon,NA,TRUE,FALSE,Washington State,Washington State
401120752,2019-03-13,Oregon,Washington State,19,1,18:17:00,2297,2297,Washington State Offensive Rebound.,0,0,0,0,0.8703705257701163,0.5,4,4,12,NA,NA,NA,NA,NA,NA,NA,NA,Washington State,Washington State
401120752,2019-03-13,Oregon,Washington State,20,1,18:03:00,2283,2283,Jeff Pollard Turnover.,0,0,0,14,0.8700259323233143,0.5,4,4,12,NA,NA,NA,NA,NA,NA,NA,NA,Washington State,Oregon
401120752,2019-03-13,Oregon,Washington State,21,1,18:03:00,2283,2283,Louis King Steal.,0,0,0,0,0.8700259323233143,0.5,4,4,12,NA,NA,NA,NA,NA,NA,NA,NA,Washington State,Oregon
401120752,2019-03-13,Oregon,Washington State,22,1,17:56:00,2276,2276,Payton Pritchard missed Three Point Jumper.,0,0,0,7,0.8698511444725906,0.5,4,4,12,44,75.4088888888889,Oregon,missed,Payton Pritchard,NA,TRUE,FALSE,Oregon,Washington State
401120752,2019-03-13,Oregon,Washington State,23,1,17:56:00,2276,2276,Jeff Pollard Defensive Rebound.,0,0,0,0,0.8698511444725906,0.5,4,4,12,NA,NA,NA,NA,NA,NA,NA,NA,Oregon,Washington State
401120752,2019-03-13,Oregon,Washington State,24,1,17:35:00,2255,2255,CJ Elleby made Three Point Jumper. Assisted by Jervae Robinson.,0,3,-3,21,0.8335370457968447,0.4294674080180174,4,4,12,11,26.11111111111111,Washington State,made,CJ Elleby,Jervae Robinson,TRUE,FALSE,Washington State,Oregon
401120752,2019-03-13,Oregon,Washington State,25,1,17:07:00,2227,2227,Foul on Kenny Wooten.,0,3,-3,28,0.8320994497136968,0.4285238207803005,4,4,12,NA,NA,NA,NA,NA,NA,NA,NA,Oregon,Washington State
401120752,2019-03-13,Oregon,Washington State,26,1,17:07:00,2227,2227,Kenny Wooten Turnover.,0,3,-3,0,0.8320994497136968,0.4285238207803005,4,4,12,NA,NA,NA,NA,NA,NA,NA,NA,Oregon,Washington State
401120752,2019-03-13,Oregon,Washington State,27,1,16:59:00,2219,2219,Marvin Cannon Turnover.,0,3,-3,8,0.8316803774625621,0.4282528359497078,4,4,12,NA,NA,NA,NA,NA,NA,NA,NA,Washington State,Oregon
401120752,2019-03-13,Oregon,Washington State,28,1,16:59:00,2219,2219,Louis King Steal.,0,3,-3,0,0.8316803774625621,0.4282528359497078,4,4,12,NA,NA,NA,NA,NA,NA,NA,NA,Washington State,Oregon
401120752,2019-03-13,Oregon,Washington State,29,1,16:51:00,2211,2211,Louis King missed Layup.,0,3,-3,8,0.8312575689817354,0.42798130756589703,4,4,12,28.000000000000004,86.89777777777778,Oregon,missed,Louis King,NA,FALSE,FALSE,Oregon,Oregon
401120752,2019-03-13,Oregon,Washington State,30,1,16:51:00,2211,2211,Francis Okoro Offensive Rebound.,0,3,-3,0,0.8312575689817354,0.42798130756589703,4,4,12,NA,NA,NA,NA,NA,NA,NA,NA,Oregon,Oregon
401120752,2019-03-13,Oregon,Washington State,31,1,16:47:00,2207,2207,Francis Okoro made Layup.,2,3,-1,4,0.8565363203830327,0.47579830099359666,4,4,12,27,84.80888888888889,Oregon,made,Francis Okoro,NA,FALSE,FALSE,Oregon,Washington State
401120752,2019-03-13,Oregon,Washington State,32,1,16:23:00,2183,2183,Robert Franks Turnover.,2,3,-1,24,0.85567663981720965,0.4755203953303274,4,4,12,NA,NA,NA,NA,NA,NA,NA,NA,Washington State,Oregon
401120752,2019-03-13,Oregon,Washington State,33,1,16:23:00,2183,2183,Paul White Steal.,2,3,-1,0,0.85567663981720965,0.4755203953303274,4,4,12,NA,NA,NA,NA,NA,NA,NA,NA,Washington State,Oregon
401120752,2019-03-13,Oregon,Washington State,34,1,16:07:00,2167,2167,Louis King missed Layup.,2,3,-1,16,0.8550890293823343,0.47533440906265767,4,4,12,26,83.76444444444444,Oregon,missed,Louis King,NA,FALSE,FALSE,Oregon,Oregon
401120752,2019-03-13,Oregon,Washington State,35,1,16:07:00,2167,2167,Louis King Offensive Rebound.,2,3,-1,0,0.8550890293823343,0.47533440906265767,4,4,12,NA,NA,NA,NA,NA,NA,NA,NA,Oregon,Oregon
401120752,2019-03-13,Oregon,Washington State,36,1,16:04:00,2164,2164,Louis King made Layup.,4,3,1,3,0.8778206267786539,0.5247005411416555,4,4,12,26,85.85333333333332,Oregon,made,Louis King,NA,FALSE,FALSE,Oregon,Washington State
401120752,2019-03-13,Oregon,Washington State,37,1,15:54:00,2154,2154,Foul on Payton Pritchard.,4,3,1,10,0.877597295462335,0.5248172923310004,4,4,12,NA,NA,NA,NA,NA,NA,NA,NA,Washington State,Washington State
401120752,2019-03-13,Oregon,Washington State,38,1,15:54:00,2154,2154,Official TV Timeout,4,3,1,0,0.877597295462335,0.5248172923310004,4,4,12,NA,NA,NA,NA,NA,NA,NA,NA,Washington State,Washington State
401120752,2019-03-13,Oregon,Washington State,39,1,15:50:00,2150,2150,CJ Elleby missed Jumper.,4,3,1,4,0.8775070708727991,0.5248641034247604,4,4,12,21.000000000000004,20.88888888888889,Washington State,missed,CJ Elleby,NA,FALSE,FALSE,Washington State,Oregon
401120752,2019-03-13,Oregon,Washington State,40,1,15:50:00,2150,2150,Will Richardson Defensive Rebound.,4,3,1,0,0.8775070708727991,0.5248641034247604,4,4,12,NA,NA,NA,NA,NA,NA,NA,NA,Washington State,Oregon
401120752,2019-03-13,Oregon,Washington State,41,1,15:18:00,2118,2118,Francis Okoro Turnover.,4,3,1,32,0.8767671079729807,0.5252410183927532,4,4,12,NA,NA,NA,NA,NA,NA,NA,NA,Oregon,Washington State
401120752,2019-03-13,Oregon,Washington State,42,1,15:03:00,2103,2103,Robert Franks missed Three Point Jumper.,4,3,1,15,0.8764092587671646,0.5254192842743747,4,4,12,18,31.33333333333333,Washington State,missed,Robert Franks,NA,TRUE,FALSE,Washington State,Washington State
401120752,2019-03-13,Oregon,Washington State,43,1,15:03:00,2103,2103,Marvin Cannon Offensive Rebound.,4,3,1,0,0.8764092587671646,0.5254192842743747,4,4,12,NA,NA,NA,NA,NA,NA,NA,NA,Washington State,Washington State
401120752,2019-03-13,Oregon,Washington State,44,1,14:51:00,2091,2091,Jervae Robinson missed Jumper.,4,3,1,12,0.87611799501727206,0.5255626806433447,4,4,12,18,15.666666666666664,Washington State,missed,Jervae Robinson,NA,FALSE,FALSE,Washington State,Washington State
401120752,2019-03-13,Oregon,Washington State,45,1,14:51:00,2091,2091,Jervae Robinson Offensive Rebound.,4,3,1,0,0.87611799501727206,0.5255626806433447,4,4,12,NA,NA,NA,NA,NA,NA,NA,NA,Washington State,Washington State
401120752,2019-03-13,Oregon,Washington State,46,1,14:48:00,2088,2088,CJ Elleby Turnover.,4,3,1,3,0.8760444915594756,0.5255986424134269,4,4,12,NA,NA,NA,NA,NA,NA,NA,NA,Washington State,Oregon
401120752,2019-03-13,Oregon,Washington State,47,1,14:32:00,2072,2072,Will Richardson made Three Point Jumper.,7,3,4,16,0.9056478354081334,0.6018132833172037,4,4,12,5,72.27555555555554,Oregon,made,Will Richardson,NA,TRUE,FALSE,Oregon,Washington State
401120752,2019-03-13,Oregon,Washington State,48,1,14:07:00,2047,2047,Robert Franks Turnover.,7,3,4,25,0.9054626040775382,0.6029802658032427,4,4,12,NA,NA,NA,NA,NA,NA,NA,NA,Washington State,Oregon
401120752,2019-03-13,Oregon,Washington State,49,1,14:07:00,2047,2047,Will Richardson Steal.,7,3,4,0,0.9054626040775382,0.6029802658032427,4,4,12,NA,NA,NA,NA,NA,NA,NA,NA,Washington State,Oregon
401120752,2019-03-13,Oregon,Washington State,50,1,14:02:00,2042,2042,Paul White made Layup. Assisted by Will Richardson.,9,3,6,5,0.9218998856027774,0.65210837103598,4,4,12,27,85.85333333333332,Oregon,made,Paul White,Will Richardson,FALSE,FALSE,Oregon,Washington State
401120752,2019-03-13,Oregon,Washington State,51,1,13:46:00,2026,2026,Marvin Cannon Turnover.,9,3,6,16,0.9219090610535098,0.6531817175978573,4,4,12,NA,NA,NA,NA,NA,NA,NA,NA,Washington State,Oregon
401120752,2019-03-13,Oregon,Washington State,52,1,13:40:00,2020,2020,Foul on Jervae Robinson.,9,3,6,6,0.9219120279645628,0.6535860307094367,4,4,12,NA,NA,NA,NA,NA,NA,NA,NA,Oregon,Oregon
401120752,2019-03-13,Oregon,Washington State,53,1,13:19:00,1999,1999,Payton Pritchard made Jumper.,11,3,8,21,0.935982662036505,0.7015819149026303,4,4,12,24,79.58666666666667,Oregon,made,Payton Pritchard,NA,FALSE,FALSE,Oregon,Washington State
401120752,2019-03-13,Oregon,Washington State,54,1,13:06:00,1986,1986,CJ Elleby missed Layup.,11,3,8,13,0.9360644378576936,0.7026778856851637,4,4,12,23,6.266666666666667,Washington State,missed,CJ Elleby,NA,FALSE,FALSE,Washington State,Washington State
401120752,2019-03-13,Oregon,Washington State,55,1,13:06:00,1986,1986,Kenny Wooten Block.,11,3,8,0,0.9360644378576936,0.7026778856851637,4,4,12,NA,NA,NA,NA,NA,NA,NA,NA,Washington State,Washington State
401120752,2019-03-13,Oregon,Washington State,56,1,13:06:00,1986,1986,Washington State Offensive Rebound.,11,3,8,0,0.9360644378576936,0.7026778856851637,4,4,12,NA,NA,NA,NA,NA,NA,NA,NA,Washington State,Washington State
401120752,2019-03-13,Oregon,Washington State,57,1,12:57:00,1977,1977,Jeff Pollard Turnover.,11,3,8,9,0.9361208959894012,0.7034398189395991,4,4,12,NA,NA,NA,NA,NA,NA,NA,NA,Washington State,Oregon
401120752,2019-03-13,Oregon,Washington State,58,1,12:57:00,1977,1977,Payton Pritchard Steal.,11,3,8,0,0.9361208959894012,0.7034398189395991,4,4,12,NA,NA,NA,NA,NA,NA,NA,NA,Washington State,Oregon
401120752,2019-03-13,Oregon,Washington State,59,1,12:47:00,1967,1967,Payton Pritchard missed Layup.,11,3,8,10,0.9361835265620184,0.7042895562463658,4,4,12,23,84.80888888888889,Oregon,missed,Payton Pritchard,NA,FALSE,FALSE,Oregon,Oregon
401120752,2019-03-13,Oregon,Washington State,60,1,12:47:00,1967,1967,Kenny Wooten Offensive Rebound.,11,3,8,0,0.9361835265620184,0.7042895562463658,4,4,12,NA,NA,NA,NA,NA,NA,NA,NA,Oregon,Oregon
401120752,2019-03-13,Oregon,Washington State,61,1,12:43:00,1963,1963,Ehab Amin made Three Point Jumper. Assisted by Kenny Wooten.,14,3,11,4,0.9531249956732226,0.7677211815943193,4,4,12,41,70.18666666666667,Oregon,made,Ehab Amin,Kenny Wooten,TRUE,FALSE,Oregon,Washington State
401120752,2019-03-13,Oregon,Washington State,62,1,12:43:00,1963,1963,Washington State  Timeout,14,3,11,0,0.9531249956732226,0.7677211815943193,4,3,12,NA,NA,NA,NA,NA,NA,NA,NA,Oregon,Washington State
401120752,2019-03-13,Oregon,Washington State,63,1,12:33:00,1953,1953,Aljaz Kunc Turnover.,14,3,11,10,0.9532405289477192,0.7687272226609473,4,3,12,NA,NA,NA,NA,NA,NA,NA,NA,Washington State,Oregon
401120752,2019-03-13,Oregon,Washington State,64,1,12:14:00,1934,1934,Francis Okoro missed Jumper.,14,3,11,19,0.9534605616790804,0.7706464049395537,4,3,12,20,80.6311111111111,Oregon,missed,Francis Okoro,NA,FALSE,FALSE,Oregon,Washington State
401120752,2019-03-13,Oregon,Washington State,65,1,12:14:00,1934,1934,CJ Elleby Defensive Rebound.,14,3,11,0,0.9534605616790804,0.7706464049395537,4,3,12,NA,NA,NA,NA,NA,NA,NA,NA,Oregon,Washington State
401120752,2019-03-13,Oregon,Washington State,66,1,11:55:00,1915,1915,Aljaz Kunc Turnover.,14,3,11,19,0.9536787155249372,0.7725672714288105,4,3,12,NA,NA,NA,NA,NA,NA,NA,NA,Washington State,Oregon
401120752,2019-03-13,Oregon,Washington State,67,1,11:55:00,1915,1915,Ehab Amin Steal.,14,3,11,0,0.9536787155249372,0.7725672714288105,4,3,12,NA,NA,NA,NA,NA,NA,NA,NA,Washington State,Oregon
401120752,2019-03-13,Oregon,Washington State,68,1,11:46:00,1906,1906,Will Richardson Turnover.,14,3,11,9,0.9537795508872716,0.7734718312593025,4,3,12,NA,NA,NA,NA,NA,NA,NA,NA,Oregon,Washington State
401120752,2019-03-13,Oregon,Washington State,69,1,11:46:00,1906,1906,CJ Elleby Steal.,14,3,11,0,0.9537795508872716,0.7734718312593025,4,3,12,NA,NA,NA,NA,NA,NA,NA,NA,Oregon,Washington State
401120752,2019-03-13,Oregon,Washington State,70,1,11:46:00,1906,1906,Jump Ball won by Washington State,14,3,11,0,0.9537795508872716,0.7734718312593025,4,3,12,NA,NA,NA,NA,NA,NA,NA,NA,Oregon,Washington State
401120752,2019-03-13,Oregon,Washington State,71,1,11:46:00,1906,1906,Official TV Timeout,14,3,11,0,0.9537795508872716,0.7734718312593025,4,3,12,NA,NA,NA,NA,NA,NA,NA,NA,Oregon,Washington State
401120752,2019-03-13,Oregon,Washington State,72,1,11:26:00,1886,1886,Jeff Pollard Turnover.,14,3,11,20,0.953998575826982,0.775471812616917,4,3,12,NA,NA,NA,NA,NA,NA,NA,NA,Washington State,Oregon
401120752,2019-03-13,Oregon,Washington State,73,1,11:26:00,1886,1886,Ehab Amin Steal.,14,3,11,0,0.953998575826982,0.775471812616917,4,3,12,NA,NA,NA,NA,NA,NA,NA,NA,Washington State,Oregon
401120752,2019-03-13,Oregon,Washington State,74,1,10:57:00,1857,1857,Francis Okoro Turnover.,14,3,11,29,0.9543064782279648,0.7783550639800375,4,3,12,NA,NA,NA,NA,NA,NA,NA,NA,Oregon,Washington State
401120752,2019-03-13,Oregon,Washington State,75,1,10:40:00,1840,1840,Ahmed Ali missed Three Point Jumper.,14,3,11,17,0.954483304428495,0.7800410270949509,4,3,12,42,20.88888888888889,Washington State,missed,Ahmed Ali,NA,TRUE,FALSE,Washington State,Oregon
401120752,2019-03-13,Oregon,Washington State,76,1,10:40:00,1840,1840,Kenny Wooten Defensive Rebound.,14,3,11,0,0.954483304428495,0.7800410270949509,4,3,12,NA,NA,NA,NA,NA,NA,NA,NA,Washington State,Oregon
401120752,2019-03-13,Oregon,Washington State,77,1,10:33:00,1833,1833,Payton Pritchard missed Three Point Jumper.,14,3,11,7,0.9545556090734866,0.7807351802925667,4,3,12,6,75.4088888888889,Oregon,missed,Payton Pritchard,NA,TRUE,FALSE,Oregon,Washington State
401120752,2019-03-13,Oregon,Washington State,78,1,10:33:00,1833,1833,CJ Elleby Defensive Rebound.,14,3,11,0,0.9545556090734866,0.7807351802925667,4,3,12,NA,NA,NA,NA,NA,NA,NA,NA,Oregon,Washington State
401120752,2019-03-13,Oregon,Washington State,79,1,10:23:00,1823,1823,Robert Franks missed Three Point Jumper.,14,3,11,10,0.9546585697833102,0.7817272934076732,4,3,12,24,28.2,Washington State,missed,Robert Franks,NA,TRUE,FALSE,Washington State,Oregon
401120752,2019-03-13,Oregon,Washington State,80,1,10:23:00,1823,1823,Victor Bailey Jr. Defensive Rebound.,14,3,11,0,0.9546585697833102,0.7817272934076732,4,3,12,NA,NA,NA,NA,NA,NA,NA,NA,Washington State,Oregon
401120752,2019-03-13,Oregon,Washington State,81,1,10:02:00,1802,1802,Foul on Paul White.,14,3,11,21,0.954874280837284,0.783814753530535,4,3,12,NA,NA,NA,NA,NA,NA,NA,NA,Oregon,Washington State
401120752,2019-03-13,Oregon,Washington State,82,1,10:02:00,1802,1802,Paul White Turnover.,14,3,11,0,0.954874280837284,0.783814753530535,4,3,12,NA,NA,NA,NA,NA,NA,NA,NA,Oregon,Washington State
401120752,2019-03-13,Oregon,Washington State,83,1,09:51:00,1791,1791,Carter Skaggs missed Three Point Jumper.,14,3,11,11,0.954987450012572,0.7849116747366801,4,3,12,38,26.11111111111111,Washington State,missed,Carter Skaggs,NA,TRUE,FALSE,Washington State,Oregon
401120752,2019-03-13,Oregon,Washington State,84,1,09:51:00,1791,1791,Louis King Defensive Rebound.,14,3,11,0,0.954987450012572,0.7849116747366801,4,3,12,NA,NA,NA,NA,NA,NA,NA,NA,Washington State,Oregon
401120752,2019-03-13,Oregon,Washington State,85,1,09:30:00,1770,1770,Kenny Wooten made Dunk. Assisted by Louis King.,16,3,13,21,0.964341880793776,0.8241426490824793,4,3,12,25,85.85333333333332,Oregon,made,Kenny Wooten,Louis King,FALSE,FALSE,Oregon,Washington State
401120752,2019-03-13,Oregon,Washington State,86,1,09:17:00,1757,1757,Foul on Marvin Cannon.,16,3,13,13,0.964500097430161,0.8254807606583285,4,3,12,NA,NA,NA,NA,NA,NA,NA,NA,Oregon,Oregon
401120752,2019-03-13,Oregon,Washington State,87,1,09:17:00,1757,1757,Marvin Cannon Turnover.,16,3,13,0,0.964500097430161,0.8254807606583285,4,3,12,NA,NA,NA,NA,NA,NA,NA,NA,Washington State,Oregon
401120752,2019-03-13,Oregon,Washington State,88,1,09:03:00,1743,1743,Paul White missed Three Point Jumper.,16,3,13,14,0.9646721093356796,0.8269281225037021,4,3,12,43,72.27555555555554,Oregon,missed,Paul White,NA,TRUE,FALSE,Oregon,Washington State
401120752,2019-03-13,Oregon,Washington State,89,1,09:03:00,1743,1743,CJ Elleby Defensive Rebound.,16,3,13,0,0.9646721093356796,0.8269281225037021,4,3,12,NA,NA,NA,NA,NA,NA,NA,NA,Oregon,Washington State
401120752,2019-03-13,Oregon,Washington State,90,1,08:56:00,1736,1736,CJ Elleby Turnover.,16,3,13,7,0.9647588760342496,0.8276546529047093,4,3,12,NA,NA,NA,NA,NA,NA,NA,NA,Washington State,Oregon
401120752,2019-03-13,Oregon,Washington State,91,1,08:56:00,1736,1736,Paul White Steal.,16,3,13,0,0.9647588760342496,0.8276546529047093,4,3,12,NA,NA,NA,NA,NA,NA,NA,NA,Washington State,Oregon
401120752,2019-03-13,Oregon,Washington State,92,1,08:51:00,1731,1731,Payton Pritchard made Layup. Assisted by Victor Bailey Jr..,18,3,15,5,0.97217119672167,0.8599299487365223,4,3,12,22,87.94222222222221,Oregon,made,Payton Pritchard,Victor Bailey Jr.,FALSE,FALSE,Oregon,Washington State
401120752,2019-03-13,Oregon,Washington State,93,1,08:29:00,1709,1709,CJ Elleby missed Three Point Jumper.,18,3,15,22,0.9724600648781556,0.8621762517826137,4,3,12,1.25,12.533333333333331,Washington State,missed,CJ Elleby,NA,TRUE,FALSE,Washington State,Washington State
401120752,2019-03-13,Oregon,Washington State,94,1,08:29:00,1709,1709,Marvin Cannon Offensive Rebound.,18,3,15,0,0.9724600648781556,0.8621762517826137,4,3,12,NA,NA,NA,NA,NA,NA,NA,NA,Washington State,Washington State
401120752,2019-03-13,Oregon,Washington State,95,1,08:25:00,1705,1705,Foul on Louis King.,18,3,15,4,0.9725132264047344,0.8625866303228683,4,3,12,NA,NA,NA,NA,NA,NA,NA,NA,Washington State,Washington State
401120752,2019-03-13,Oregon,Washington State,96,1,08:25:00,1705,1705,Marvin Cannon made Free Throw.,18,4,14,0,0.969043183339299,0.8474163434376801,4,3,12,25,4.177777777777778,Washington State,made,Marvin Cannon,NA,FALSE,TRUE,Washington State,Washington State
401120752,2019-03-13,Oregon,Washington State,97,1,08:25:00,1705,1705,Marvin Cannon made Free Throw.,18,5,13,0,0.9651507657780896,0.8308995957495701,4,3,12,25,4.177777777777778,Washington State,made,Marvin Cannon,NA,FALSE,TRUE,Washington State,Oregon
401120752,2019-03-13,Oregon,Washington State,98,1,08:03:00,1683,1683,Foul on Marvin Cannon.,18,5,13,22,0.9654360777127902,0.8332276413234094,4,3,12,NA,NA,NA,NA,NA,NA,NA,NA,Oregon,Washington State
401120752,2019-03-13,Oregon,Washington State,99,1,08:03:00,1683,1683,Ehab Amin made Free Throw.,19,5,14,0,0.9693357587851748,0.8497218968150432,4,3,12,25,87.94222222222221,Oregon,made,Ehab Amin,NA,FALSE,TRUE,Oregon,Oregon
401120752,2019-03-13,Oregon,Washington State,100,1,08:03:00,1683,1683,Ehab Amin missed Free Throw.,19,5,14,0,0.9693357587851748,0.8497218968150432,4,3,12,25,87.94222222222221,Oregon,missed,Ehab Amin,NA,FALSE,TRUE,Oregon,Washington State
401120752,2019-03-13,Oregon,Washington State,101,1,08:03:00,1683,1683,CJ Elleby Defensive Rebound.,19,5,14,0,0.9693357587851748,0.8497218968150432,4,3,12,NA,NA,NA,NA,NA,NA,NA,NA,Oregon,Washington State
401120752,2019-03-13,Oregon,Washington State,102,1,07:56:00,1676,1676,Foul on Kenny Wooten.,19,5,14,7,0.969425457469098,0.8504429834622457,4,3,12,NA,NA,NA,NA,NA,NA,NA,NA,Washington State,Washington State
401120752,2019-03-13,Oregon,Washington State,103,1,07:56:00,1676,1676,Official TV Timeout,19,5,14,0,0.969425457469098,0.8504429834622457,4,3,12,NA,NA,NA,NA,NA,NA,NA,NA,Washington State,Washington State
401120752,2019-03-13,Oregon,Washington State,104,1,07:48:00,1668,1668,Isaiah Wade missed Layup.,19,5,14,8,0.9695246570721844,0.8512550776994354,4,3,12,27,5.222222222222221,Washington State,missed,Isaiah Wade,NA,FALSE,FALSE,Washington State,Washington State
401120752,2019-03-13,Oregon,Washington State,105,1,07:48:00,1668,1668,Ehab Amin Block.,19,5,14,0,0.9695246570721844,0.8512550776994354,4,3,12,NA,NA,NA,NA,NA,NA,NA,NA,Washington State,Washington State
401120752,2019-03-13,Oregon,Washington State,106,1,07:48:00,1668,1668,Washington State Offensive Rebound.,19,5,14,0,0.9695246570721844,0.8512550776994354,4,3,12,NA,NA,NA,NA,NA,NA,NA,NA,Washington State,Washington State
401120752,2019-03-13,Oregon,Washington State,107,1,07:37:00,1657,1657,CJ Elleby Turnover.,19,5,14,11,0.9696558409960314,0.8523527891270647,4,3,12,NA,NA,NA,NA,NA,NA,NA,NA,Washington State,Oregon
401120752,2019-03-13,Oregon,Washington State,108,1,07:37:00,1657,1657,Payton Pritchard Steal.,19,5,14,0,0.9696558409960314,0.8523527891270647,4,3,12,NA,NA,NA,NA,NA,NA,NA,NA,Washington State,Oregon
401120752,2019-03-13,Oregon,Washington State,109,1,07:25:00,1645,1645,Ehab Amin made Layup.,21,5,16,12,0.9763578666295216,0.8822944360933944,4,3,12,27,85.85333333333332,Oregon,made,Ehab Amin,NA,FALSE,FALSE,Oregon,Washington State
401120752,2019-03-13,Oregon,Washington State,110,1,07:25:00,1645,1645,Foul on Isaiah Wade.,21,5,16,0,0.9763578666295216,0.8822944360933944,4,3,12,NA,NA,NA,NA,NA,NA,NA,NA,Oregon,Washington State
401120752,2019-03-13,Oregon,Washington State,111,1,07:25:00,1645,1645,Ehab Amin made Free Throw.,22,5,17,0,0.9790961188303752,0.8947528145303824,4,3,12,25,87.94222222222221,Oregon,made,Ehab Amin,NA,FALSE,TRUE,Oregon,Washington State
401120752,2019-03-13,Oregon,Washington State,112,1,07:08:00,1628,1628,Carter Skaggs made Three Point Jumper. Assisted by Robert Franks.,22,8,14,17,0.9699782939361736,0.8551615543641717,4,3,12,47,2.088888888888889,Washington State,made,Carter Skaggs,Robert Franks,TRUE,FALSE,Washington State,Oregon
401120752,2019-03-13,Oregon,Washington State,113,1,06:40:00,1600,1600,Will Richardson made Jumper.,24,8,16,28,0.976843983411437,0.8863317842192957,4,3,12,24,78.54222222222222,Oregon,made,Will Richardson,NA,FALSE,FALSE,Oregon,Washington State
401120752,2019-03-13,Oregon,Washington State,114,1,06:40:00,1600,1600,Foul on Marvin Cannon.,24,8,16,0,0.976843983411437,0.8863317842192957,4,3,12,NA,NA,NA,NA,NA,NA,NA,NA,Oregon,Washington State
401120752,2019-03-13,Oregon,Washington State,115,1,06:40:00,1600,1600,Will Richardson missed Free Throw.,24,8,16,0,0.976843983411437,0.8863317842192957,4,3,12,25,87.94222222222221,Oregon,missed,Will Richardson,NA,FALSE,TRUE,Oregon,Washington State
401120752,2019-03-13,Oregon,Washington State,116,1,06:40:00,1600,1600,Robert Franks Defensive Rebound.,24,8,16,0,0.976843983411437,0.8863317842192957,4,3,12,NA,NA,NA,NA,NA,NA,NA,NA,Oregon,Washington State
401120752,2019-03-13,Oregon,Washington State,117,1,06:16:00,1576,1576,Robert Franks missed Three Point Jumper.,24,8,16,24,0.9770915757700758,0.8884296677678487,4,3,12,38,26.11111111111111,Washington State,missed,Robert Franks,NA,TRUE,FALSE,Washington State,Washington State
401120752,2019-03-13,Oregon,Washington State,118,1,06:16:00,1576,1576,Carter Skaggs Offensive Rebound.,24,8,16,0,0.9770915757700758,0.8884296677678487,4,3,12,NA,NA,NA,NA,NA,NA,NA,NA,Washington State,Washington State
401120752,2019-03-13,Oregon,Washington State,119,1,06:10:00,1570,1570,Robert Franks missed Three Point Jumper.,24,8,16,6,0.977153290845694,0.88895213130791,4,3,12,13,27.15555555555555,Washington State,missed,Robert Franks,NA,TRUE,FALSE,Washington State,Oregon
401120752,2019-03-13,Oregon,Washington State,120,1,06:10:00,1570,1570,Payton Pritchard Defensive Rebound.,24,8,16,0,0.977153290845694,0.88895213130791,4,3,12,NA,NA,NA,NA,NA,NA,NA,NA,Washington State,Oregon
401120752,2019-03-13,Oregon,Washington State,121,1,06:04:00,1564,1564,Foul on Robert Franks.,24,8,16,6,0.9772151338111544,0.8894745203835308,4,3,12,NA,NA,NA,NA,NA,NA,NA,NA,Oregon,Oregon
401120752,2019-03-13,Oregon,Washington State,122,1,06:04:00,1564,1564,Will Richardson made Free Throw.,25,8,17,0,0.9799436021421948,0.901652434898484,4,3,12,25,87.94222222222221,Oregon,made,Will Richardson,NA,FALSE,TRUE,Oregon,Oregon
401120752,2019-03-13,Oregon,Washington State,123,1,06:04:00,1564,1564,Will Richardson made Free Throw.,26,8,18,0,0.98235123957402,0.9126203764245012,4,3,12,25,87.94222222222221,Oregon,made,Will Richardson,NA,FALSE,TRUE,Oregon,Washington State
401120752,2019-03-13,Oregon,Washington State,124,1,05:50:00,1550,1550,Carter Skaggs Turnover.,26,8,18,14,0.9824912606422194,0.9137331924382118,4,3,12,NA,NA,NA,NA,NA,NA,NA,NA,Washington State,Oregon
401120752,2019-03-13,Oregon,Washington State,125,1,05:50:00,1550,1550,Payton Pritchard Steal.,26,8,18,0,0.9824912606422194,0.9137331924382118,4,3,12,NA,NA,NA,NA,NA,NA,NA,NA,Washington State,Oregon
401120752,2019-03-13,Oregon,Washington State,126,1,05:43:00,1543,1543,Payton Pritchard missed Layup.,26,8,18,7,0.9825619250767093,0.914290580513454,4,3,12,25,85.85333333333332,Oregon,missed,Payton Pritchard,NA,FALSE,FALSE,Oregon,Washington State
401120752,2019-03-13,Oregon,Washington State,127,1,05:43:00,1543,1543,CJ Elleby Block.,26,8,18,0,0.9825619250767093,0.914290580513454,4,3,12,NA,NA,NA,NA,NA,NA,NA,NA,Oregon,Washington State
401120752,2019-03-13,Oregon,Washington State,128,1,05:43:00,1543,1543,Jervae Robinson Defensive Rebound.,26,8,18,0,0.9825619250767093,0.914290580513454,4,3,12,NA,NA,NA,NA,NA,NA,NA,NA,Oregon,Washington State
401120752,2019-03-13,Oregon,Washington State,129,1,05:34:00,1534,1534,Foul on Will Richardson.,26,8,18,9,0.9826536888042462,0.9150091814044232,4,3,12,NA,NA,NA,NA,NA,NA,NA,NA,Washington State,Washington State
401120752,2019-03-13,Oregon,Washington State,130,1,05:34:00,1534,1534,Robert Franks made Free Throw.,26,9,17,0,0.9802538913707844,0.9041637216812014,4,3,12,25,4.177777777777778,Washington State,made,Robert Franks,NA,FALSE,TRUE,Washington State,Washington State
401120752,2019-03-13,Oregon,Washington State,131,1,05:34:00,1534,1534,Robert Franks made Free Throw.,26,10,16,0,0.9775296828209692,0.8920975044260955,4,3,12,25,4.177777777777778,Washington State,made,Robert Franks,NA,FALSE,TRUE,Washington State,Oregon
401120752,2019-03-13,Oregon,Washington State,132,1,05:11:00,1511,1511,Paul White missed Layup.,26,10,16,23,0.9777821065694556,0.8941392509375112,4,3,12,23,84.80888888888889,Oregon,missed,Paul White,NA,FALSE,FALSE,Oregon,Oregon
401120752,2019-03-13,Oregon,Washington State,133,1,05:11:00,1511,1511,Paul White Offensive Rebound.,26,10,16,0,0.9777821065694556,0.8941392509375112,4,3,12,NA,NA,NA,NA,NA,NA,NA,NA,Oregon,Oregon
401120752,2019-03-13,Oregon,Washington State,134,1,05:07:00,1507,1507,Paul White made Layup.,28,10,18,4,0.982937626918022,0.9171873526059622,4,3,12,22,84.80888888888889,Oregon,made,Paul White,NA,FALSE,FALSE,Oregon,Washington State
401120752,2019-03-13,Oregon,Washington State,135,1,05:02:00,1502,1502,Carter Skaggs missed Three Point Jumper.,28,10,18,5,0.9829920121587924,0.9175957648969684,4,3,12,3,17.755555555555556,Washington State,missed,Carter Skaggs,NA,TRUE,FALSE,Washington State,Washington State
401120752,2019-03-13,Oregon,Washington State,136,1,05:02:00,1502,1502,Isaiah Wade Offensive Rebound.,28,10,18,0,0.9829920121587924,0.9175957648969684,4,3,12,NA,NA,NA,NA,NA,NA,NA,NA,Washington State,Washington State
401120752,2019-03-13,Oregon,Washington State,137,1,04:55:00,1495,1495,Jervae Robinson missed Three Point Jumper.,28,10,18,7,0.9830692820423672,0.918170837953954,4,3,12,47,4.177777777777778,Washington State,missed,Jervae Robinson,NA,TRUE,FALSE,Washington State,Oregon
401120752,2019-03-13,Oregon,Washington State,138,1,04:55:00,1495,1495,Paul White Defensive Rebound.,28,10,18,0,0.9830692820423672,0.918170837953954,4,3,12,NA,NA,NA,NA,NA,NA,NA,NA,Washington State,Oregon
401120752,2019-03-13,Oregon,Washington State,139,1,04:49:00,1489,1489,Ehab Amin missed Layup.,28,10,18,6,0.9831366389081792,0.9186670803421508,4,3,12,27,86.89777777777778,Oregon,missed,Ehab Amin,NA,FALSE,FALSE,Oregon,Washington State
401120752,2019-03-13,Oregon,Washington State,140,1,04:49:00,1489,1489,CJ Elleby Defensive Rebound.,28,10,18,0,0.9831366389081792,0.9186670803421508,4,3,12,NA,NA,NA,NA,NA,NA,NA,NA,Oregon,Washington State
401120752,2019-03-13,Oregon,Washington State,141,1,04:40:00,1480,1480,CJ Elleby missed Three Point Jumper.,28,10,18,9,0.983239778659574,0.9194177301526272,4,3,12,26,29.244444444444444,Washington State,missed,CJ Elleby,NA,TRUE,FALSE,Washington State,Oregon
401120752,2019-03-13,Oregon,Washington State,142,1,04:40:00,1480,1480,Ehab Amin Defensive Rebound.,28,10,18,0,0.983239778659574,0.9194177301526272,4,3,12,NA,NA,NA,NA,NA,NA,NA,NA,Washington State,Oregon
401120752,2019-03-13,Oregon,Washington State,143,1,04:11:00,1451,1451,Will Richardson Turnover.,28,10,18,29,0.983591724844271,0.9218959414074982,4,3,12,NA,NA,NA,NA,NA,NA,NA,NA,Oregon,Washington State
401120752,2019-03-13,Oregon,Washington State,144,1,03:58:00,1438,1438,Robert Franks made Layup. Assisted by Jeff Pollard.,28,12,16,13,0.9786991537749636,0.9009637325686,4,3,12,26,6.266666666666667,Washington State,made,Robert Franks,Jeff Pollard,FALSE,FALSE,Washington State,Oregon
401120752,2019-03-13,Oregon,Washington State,145,1,03:33:00,1413,1413,Ehab Amin made Three Point Jumper. Assisted by Will Richardson.,31,12,19,25,0.9860901416808991,0.9341636375936484,4,3,12,37,67.05333333333333,Oregon,made,Ehab Amin,Will Richardson,TRUE,FALSE,Oregon,Washington State
401120752,2019-03-13,Oregon,Washington State,146,1,03:18:00,1398,1398,Carter Skaggs Turnover.,31,12,19,15,0.986242683996238,0.9352487987235716,4,3,12,NA,NA,NA,NA,NA,NA,NA,NA,Washington State,Oregon
401120752,2019-03-13,Oregon,Washington State,147,1,03:18:00,1398,1398,Victor Bailey Jr. Steal.,31,12,19,0,0.986242683996238,0.9352487987235716,4,3,12,NA,NA,NA,NA,NA,NA,NA,NA,Washington State,Oregon
401120752,2019-03-13,Oregon,Washington State,148,1,03:11:00,1391,1391,Francis Okoro made Layup. Assisted by Ehab Amin.,33,12,21,7,0.9896399256917984,0.9507533585835392,4,3,12,22,85.85333333333332,Oregon,made,Francis Okoro,Ehab Amin,FALSE,FALSE,Oregon,Washington State
401120752,2019-03-13,Oregon,Washington State,149,1,02:57:00,1377,1377,CJ Elleby made Three Point Jumper. Assisted by Robert Franks.,33,15,18,14,0.984414016838702,0.9277716600511592,4,3,12,7,21.93333333333333,Washington State,made,CJ Elleby,Robert Franks,TRUE,FALSE,Washington State,Oregon
401120752,2019-03-13,Oregon,Washington State,150,1,02:37:00,1357,1357,Miles Norris made Dunk. Assisted by Will Richardson.,35,15,20,20,0.9883966808525748,0.9458885294809264,4,3,12,26,85.85333333333332,Oregon,made,Miles Norris,Will Richardson,FALSE,FALSE,Oregon,Washington State
401120752,2019-03-13,Oregon,Washington State,151,1,02:16:00,1336,1336,Carter Skaggs made Three Point Jumper. Assisted by Jeff Pollard.,35,18,17,21,0.9825036363010587,0.9208491247481552,4,3,12,4,16.711111111111112,Washington State,made,Carter Skaggs,Jeff Pollard,TRUE,FALSE,Washington State,Oregon
401120752,2019-03-13,Oregon,Washington State,152,1,01:54:00,1314,1314,Francis Okoro made Jumper.,37,18,19,22,0.987043685378931,0.9409791444704686,4,3,12,22,78.54222222222222,Oregon,made,Francis Okoro,NA,FALSE,FALSE,Oregon,Washington State
401120752,2019-03-13,Oregon,Washington State,153,1,01:39:00,1299,1299,CJ Elleby Turnover.,37,18,19,15,0.9871918771263104,0.9420009102197052,4,3,12,NA,NA,NA,NA,NA,NA,NA,NA,Washington State,Oregon
401120752,2019-03-13,Oregon,Washington State,154,1,01:39:00,1299,1299,Official TV Timeout,37,18,19,0,0.9871918771263104,0.9420009102197052,4,3,12,NA,NA,NA,NA,NA,NA,NA,NA,Washington State,Oregon
401120752,2019-03-13,Oregon,Washington State,155,1,01:27:00,1287,1287,Louis King missed Three Point Jumper.,37,18,19,12,0.987314387530599,0.9428291491402164,4,3,12,6,73.32,Oregon,missed,Louis King,NA,TRUE,FALSE,Oregon,Washington State
401120752,2019-03-13,Oregon,Washington State,156,1,01:26:00,1286,1286,Ahmed Ali Defensive Rebound.,37,18,19,1,0.987324781476636,0.9428987011362026,4,3,12,NA,NA,NA,NA,NA,NA,NA,NA,Oregon,Washington State
401120752,2019-03-13,Oregon,Washington State,157,1,01:15:00,1275,1275,Ahmed Ali missed Three Point Jumper.,37,18,19,11,0.9874412077904544,0.943669977854498,4,3,12,1,7.311111111111111,Washington State,missed,Ahmed Ali,NA,TRUE,FALSE,Washington State,Oregon
401120752,2019-03-13,Oregon,Washington State,158,1,01:14:00,1274,1274,Paul White Defensive Rebound.,37,18,19,1,0.9874519926529386,0.9437406959270416,4,3,12,NA,NA,NA,NA,NA,NA,NA,NA,Washington State,Oregon
401120752,2019-03-13,Oregon,Washington State,159,1,01:14:00,1274,1274,Payton Pritchard missed Layup.,37,18,19,0,0.9874519926529386,0.9437406959270416,4,3,12,28.000000000000004,85.85333333333332,Oregon,missed,Payton Pritchard,NA,FALSE,FALSE,Oregon,Washington State
401120752,2019-03-13,Oregon,Washington State,160,1,01:00:00,1260,1260,CJ Elleby Defensive Rebound.,37,18,19,14,0.9876068438627644,0.9447425516510218,4,3,12,NA,NA,NA,NA,NA,NA,NA,NA,Oregon,Washington State
401120752,2019-03-13,Oregon,Washington State,161,1,00:30:00,1230,1230,Foul on Louis King.,37,18,19,30,0.9879664896490392,0.94697595298083,4,3,12,NA,NA,NA,NA,NA,NA,NA,NA,Washington State,Washington State
401120752,2019-03-13,Oregon,Washington State,162,1,00:30:00,1230,1230,Ahmed Ali made Free Throw.,37,19,18,0,0.986022654409926,0.9388207314076296,4,3,12,25,4.177777777777778,Washington State,made,Ahmed Ali,NA,FALSE,TRUE,Washington State,Washington State
401120752,2019-03-13,Oregon,Washington State,163,1,00:30:00,1230,1230,Ahmed Ali made Free Throw.,37,20,17,0,0.9837699796612632,0.9295045906517924,4,3,12,25,4.177777777777778,Washington State,made,Ahmed Ali,NA,FALSE,TRUE,Washington State,Oregon
401120752,2019-03-13,Oregon,Washington State,164,1,00:01:00,1201,1201,Ehab Amin missed Three Point Jumper.,37,20,17,29,0.9842127778448242,0.9321676477246764,4,3,12,47,86.89777777777778,Oregon,missed,Ehab Amin,NA,TRUE,FALSE,Oregon,Washington State
401120752,2019-03-13,Oregon,Washington State,165,1,00:01:00,1201,1201,Jeff Pollard Defensive Rebound.,37,20,17,0,0.9842127778448242,0.9321676477246764,4,3,12,NA,NA,NA,NA,NA,NA,NA,NA,Oregon,Washington State
401120752,2019-03-13,Oregon,Washington State,166,1,00:00:00,1200,1200,End of 1st half,37,20,17,1,0.9842280392889596,0.9322584459832474,4,3,12,NA,NA,NA,NA,NA,NA,NA,NA,Washington State,NA
401120752,2019-03-13,Oregon,Washington State,167,2,20:00:00,1200,1200,PLAY,37,20,17,0,0.9842280392889596,0.9322584459832474,4,4,12,NA,NA,NA,NA,NA,NA,NA,NA,NA,Oregon
401120752,2019-03-13,Oregon,Washington State,168,2,20:00:00,1200,1200,Jump Ball won by Oregon,37,20,17,0,0.9842280392889596,0.9322584459832474,4,4,12,NA,NA,NA,NA,NA,NA,NA,NA,Oregon,Oregon
401120752,2019-03-13,Oregon,Washington State,169,2,19:33:00,1173,1173,Will Richardson missed Three Point Jumper.,37,20,17,27,0.9846218295744084,0.93461113615449,4,4,12,7,73.32,Oregon,missed,Will Richardson,NA,TRUE,FALSE,Oregon,Oregon
401120752,2019-03-13,Oregon,Washington State,170,2,19:33:00,1173,1173,Francis Okoro Offensive Rebound.,37,20,17,0,0.9846218295744084,0.93461113615449,4,4,12,NA,NA,NA,NA,NA,NA,NA,NA,Oregon,Oregon
401120752,2019-03-13,Oregon,Washington State,171,2,19:29:00,1169,1169,Will Richardson made Layup. Assisted by Francis Okoro.,39,20,19,4,0.9887554588586702,0.95160843899185,4,4,12,23,86.89777777777778,Oregon,made,Will Richardson,Francis Okoro,FALSE,FALSE,Oregon,Washington State
401120752,2019-03-13,Oregon,Washington State,172,2,19:29:00,1169,1169,Foul on Jeff Pollard.,39,20,19,0,0.9887554588586702,0.95160843899185,4,4,12,NA,NA,NA,NA,NA,NA,NA,NA,Oregon,Washington State
401120752,2019-03-13,Oregon,Washington State,173,2,19:29:00,1169,1169,Will Richardson made Free Throw.,40,20,20,0,0.9903714238866655,0.9583379020859952,4,4,12,25,87.94222222222221,Oregon,made,Will Richardson,NA,FALSE,TRUE,Oregon,Washington State
401120752,2019-03-13,Oregon,Washington State,174,2,19:14:00,1154,1154,Marvin Cannon missed Jumper.,40,20,20,15,0.990534974868782,0.9592859128203328,4,4,12,5,3.1333333333333333,Washington State,missed,Marvin Cannon,NA,FALSE,FALSE,Washington State,Washington State
401120752,2019-03-13,Oregon,Washington State,175,2,19:14:00,1154,1154,CJ Elleby Offensive Rebound.,40,20,20,0,0.990534974868782,0.9592859128203328,4,4,12,NA,NA,NA,NA,NA,NA,NA,NA,Washington State,Washington State
401120752,2019-03-13,Oregon,Washington State,176,2,19:11:00,1151,1151,CJ Elleby missed Layup.,40,20,20,3,0.990567111122508,0.9594719031182246,4,4,12,21.999999999999996,6.266666666666667,Washington State,missed,CJ Elleby,NA,FALSE,FALSE,Washington State,Oregon
401120752,2019-03-13,Oregon,Washington State,177,2,19:11:00,1151,1151,Francis Okoro Defensive Rebound.,40,20,20,0,0.990567111122508,0.9594719031182246,4,4,12,NA,NA,NA,NA,NA,NA,NA,NA,Washington State,Oregon
401120752,2019-03-13,Oregon,Washington State,178,2,19:05:00,1145,1145,Foul on Francis Okoro.,40,20,20,6,0.9906309222391284,0.9598407923471984,4,4,12,NA,NA,NA,NA,NA,NA,NA,NA,Oregon,Washington State
401120752,2019-03-13,Oregon,Washington State,179,2,19:05:00,1145,1145,Francis Okoro Turnover.,40,20,20,0,0.9906309222391284,0.9598407923471984,4,4,12,NA,NA,NA,NA,NA,NA,NA,NA,Oregon,Washington State
401120752,2019-03-13,Oregon,Washington State,180,2,18:46:00,1126,1126,Marvin Cannon missed Three Point Jumper.,40,20,20,19,0.9908300346523192,0.9609867852107522,4,4,12,9,21.93333333333333,Washington State,missed,Marvin Cannon,NA,TRUE,FALSE,Washington State,Oregon
401120752,2019-03-13,Oregon,Washington State,181,2,18:46:00,1126,1126,Oregon Defensive Rebound.,40,20,20,0,0.9908300346523192,0.9609867852107522,4,4,12,NA,NA,NA,NA,NA,NA,NA,NA,Washington State,Oregon
401120752,2019-03-13,Oregon,Washington State,182,2,18:33:00,1113,1113,Paul White missed Three Point Jumper.,40,20,20,13,0.990964933218168,0.9617571352298178,4,4,12,47,84.80888888888889,Oregon,missed,Paul White,NA,TRUE,FALSE,Oregon,Oregon
401120752,2019-03-13,Oregon,Washington State,183,2,18:33:00,1113,1113,Francis Okoro Offensive Rebound.,40,20,20,0,0.990964933218168,0.9617571352298178,4,4,12,NA,NA,NA,NA,NA,NA,NA,NA,Oregon,Oregon
401120752,2019-03-13,Oregon,Washington State,184,2,18:21:00,1101,1101,Francis Okoro missed Jumper.,40,20,20,12,0.991089479885159,0.962462704224228,4,4,12,25,80.6311111111111,Oregon,missed,Francis Okoro,NA,FALSE,FALSE,Oregon,Oregon
401120752,2019-03-13,Oregon,Washington State,185,2,18:21:00,1101,1101,Kenny Wooten Offensive Rebound.,40,20,20,0,0.991089479885159,0.962462704224228,4,4,12,NA,NA,NA,NA,NA,NA,NA,NA,Oregon,Oregon
401120752,2019-03-13,Oregon,Washington State,186,2,18:16:00,1096,1096,Payton Pritchard made Three Point Jumper. Assisted by Kenny Wooten.,43,20,23,5,0.9945427217868188,0.9768005239572496,4,4,12,1.25,86.89777777777778,Oregon,made,Payton Pritchard,Kenny Wooten,TRUE,FALSE,Oregon,Washington State
401120752,2019-03-13,Oregon,Washington State,187,2,18:03:00,1083,1083,Jeff Pollard missed Three Point Jumper.,43,20,23,13,0.9946442170379324,0.9773534918598176,4,4,12,1.25,5.222222222222221,Washington State,missed,Jeff Pollard,NA,TRUE,FALSE,Washington State,Oregon
401120752,2019-03-13,Oregon,Washington State,188,2,18:03:00,1083,1083,Paul White Defensive Rebound.,43,20,23,0,0.9946442170379324,0.9773534918598176,4,4,12,NA,NA,NA,NA,NA,NA,NA,NA,Washington State,Oregon
401120752,2019-03-13,Oregon,Washington State,189,2,17:41:00,1061,1061,Paul White made Three Point Jumper. Assisted by Payton Pritchard.,46,20,26,22,0.9968406082695572,0.9866755716235924,4,4,12,41,67.05333333333333,Oregon,made,Paul White,Payton Pritchard,TRUE,FALSE,Oregon,Washington State
401120752,2019-03-13,Oregon,Washington State,190,2,17:30:00,1050,1050,CJ Elleby missed Jumper.,46,20,26,11,0.9969041629543623,0.98700500352068965,4,4,12,29,10.444444444444445,Washington State,missed,CJ Elleby,NA,FALSE,FALSE,Washington State,Oregon
401120752,2019-03-13,Oregon,Washington State,191,2,17:30:00,1050,1050,Francis Okoro Defensive Rebound.,46,20,26,0,0.9969041629543623,0.98700500352068965,4,4,12,NA,NA,NA,NA,NA,NA,NA,NA,Washington State,Oregon
401120752,2019-03-13,Oregon,Washington State,192,2,16:57:00,1017,1017,Paul White missed Three Point Jumper.,46,20,26,33,0.997101041873279,0.988004533215841,4,4,12,28.000000000000004,59.74222222222222,Oregon,missed,Paul White,NA,TRUE,FALSE,Oregon,Washington State
401120752,2019-03-13,Oregon,Washington State,193,2,16:57:00,1017,1017,Marvin Cannon Defensive Rebound.,46,20,26,0,0.997101041873279,0.988004533215841,4,4,12,NA,NA,NA,NA,NA,NA,NA,NA,Oregon,Washington State
401120752,2019-03-13,Oregon,Washington State,194,2,16:57:00,1017,1017,Foul on Kenny Wooten.,46,20,26,0,0.997101041873279,0.988004533215841,4,4,12,NA,NA,NA,NA,NA,NA,NA,NA,Oregon,Washington State
401120752,2019-03-13,Oregon,Washington State,195,2,16:34:00,994,994,Ahmed Ali missed Three Point Jumper.,46,20,26,23,0.9972451195099252,0.9887163403959244,4,4,12,43,26.11111111111111,Washington State,missed,Ahmed Ali,NA,TRUE,FALSE,Washington State,Oregon
401120752,2019-03-13,Oregon,Washington State,196,2,16:34:00,994,994,Oregon Defensive Rebound.,46,20,26,0,0.9972451195099252,0.9887163403959244,4,4,12,NA,NA,NA,NA,NA,NA,NA,NA,Washington State,Oregon
401120752,2019-03-13,Oregon,Washington State,197,2,16:06:00,966,966,Payton Pritchard missed Three Point Jumper.,46,20,26,28,0.9974286326448816,0.9896007962637836,4,4,12,8,70.18666666666667,Oregon,missed,Payton Pritchard,NA,TRUE,FALSE,Oregon,Washington State
401120752,2019-03-13,Oregon,Washington State,198,2,16:06:00,966,966,Isaiah Wade Defensive Rebound.,46,20,26,0,0.9974286326448816,0.9896007962637836,4,4,12,NA,NA,NA,NA,NA,NA,NA,NA,Oregon,Washington State
401120752,2019-03-13,Oregon,Washington State,199,2,15:59:00,959,959,Foul on Miles Norris.,46,20,26,7,0.997472543916564,0.9898103555248856,4,4,12,NA,NA,NA,NA,NA,NA,NA,NA,Washington State,Washington State
401120752,2019-03-13,Oregon,Washington State,200,2,15:59:00,959,959,Official TV Timeout,46,20,26,0,0.997472543916564,0.9898103555248856,4,4,12,NA,NA,NA,NA,NA,NA,NA,NA,Washington State,Washington State
401120752,2019-03-13,Oregon,Washington State,201,2,15:55:00,955,955,Robert Franks missed Three Point Jumper.,46,20,26,4,0.9974964929010752,0.9899246592274052,4,4,12,43,26.11111111111111,Washington State,missed,Robert Franks,NA,TRUE,FALSE,Washington State,Washington State
401120752,2019-03-13,Oregon,Washington State,202,2,15:55:00,955,955,Isaiah Wade Offensive Rebound.,46,20,26,0,0.9974964929010752,0.9899246592274052,4,4,12,NA,NA,NA,NA,NA,NA,NA,NA,Washington State,Washington State
401120752,2019-03-13,Oregon,Washington State,203,2,15:51:00,951,951,Isaiah Wade made Layup.,46,22,24,4,0.996470754552684,0.9858661202716488,4,4,12,27,6.266666666666667,Washington State,made,Isaiah Wade,NA,FALSE,FALSE,Washington State,Oregon
401120752,2019-03-13,Oregon,Washington State,204,2,15:33:00,933,933,Miles Norris missed Three Point Jumper.,46,22,24,18,0.9965948442354536,0.98646473982912,4,4,12,47,86.89777777777778,Oregon,missed,Miles Norris,NA,TRUE,FALSE,Oregon,Oregon
401120752,2019-03-13,Oregon,Washington State,205,2,15:33:00,933,933,Francis Okoro Offensive Rebound.,46,22,24,0,0.9965948442354536,0.98646473982912,4,4,12,NA,NA,NA,NA,NA,NA,NA,NA,Oregon,Oregon
401120752,2019-03-13,Oregon,Washington State,206,2,15:24:00,924,924,Will Richardson Turnover.,46,22,24,9,0.9966515135832852,0.986738139494353,4,4,12,NA,NA,NA,NA,NA,NA,NA,NA,Oregon,Washington State
401120752,2019-03-13,Oregon,Washington State,207,2,15:24:00,924,924,Isaiah Wade Steal.,46,22,24,0,0.9966515135832852,0.986738139494353,4,4,12,NA,NA,NA,NA,NA,NA,NA,NA,Oregon,Washington State
401120752,2019-03-13,Oregon,Washington State,208,2,15:24:00,924,924,Foul on Will Richardson.,46,22,24,0,0.9966515135832852,0.986738139494353,4,4,12,NA,NA,NA,NA,NA,NA,NA,NA,Oregon,Washington State
401120752,2019-03-13,Oregon,Washington State,209,2,15:09:00,909,909,Ahmed Ali missed Three Point Jumper.,46,22,24,15,0.9967399314015593,0.987164285788524,4,4,12,1.25,8.355555555555556,Washington State,missed,Ahmed Ali,NA,TRUE,FALSE,Washington State,Oregon
401120752,2019-03-13,Oregon,Washington State,210,2,15:09:00,909,909,Victor Bailey Jr. Defensive Rebound.,46,22,24,0,0.9967399314015593,0.987164285788524,4,4,12,NA,NA,NA,NA,NA,NA,NA,NA,Washington State,Oregon
401120752,2019-03-13,Oregon,Washington State,211,2,14:40:00,880,880,Francis Okoro made Layup.,48,22,26,29,0.9978482243971408,0.9915980893706294,4,4,12,24,84.80888888888889,Oregon,made,Francis Okoro,NA,FALSE,FALSE,Oregon,Washington State
401120752,2019-03-13,Oregon,Washington State,212,2,14:25:00,865,865,Carter Skaggs missed Three Point Jumper.,48,22,26,15,0.997907944046893,0.9918779922098022,4,4,12,44,21.93333333333333,Washington State,missed,Carter Skaggs,NA,TRUE,FALSE,Washington State,Oregon
401120752,2019-03-13,Oregon,Washington State,213,2,14:25:00,865,865,Francis Okoro Defensive Rebound.,48,22,26,0,0.997907944046893,0.9918779922098022,4,4,12,NA,NA,NA,NA,NA,NA,NA,NA,Washington State,Oregon
401120752,2019-03-13,Oregon,Washington State,214,2,14:11:00,851,851,Foul on Ahmed Ali.,48,22,26,14,0.9979636214419864,0.9921364871147004,4,4,12,NA,NA,NA,NA,NA,NA,NA,NA,Oregon,Oregon
401120752,2019-03-13,Oregon,Washington State,215,2,14:04:00,844,844,Ehab Amin made Three Point Jumper. Assisted by Payton Pritchard.,51,22,29,7,0.998852020411782,0.995568138298414,4,4,12,4,78.54222222222222,Oregon,made,Ehab Amin,Payton Pritchard,TRUE,FALSE,Oregon,Washington State
401120752,2019-03-13,Oregon,Washington State,216,2,13:44:00,824,824,CJ Elleby made Three Point Jumper. Assisted by Jervae Robinson.,51,25,26,20,0.9980743717221076,0.992642305777763,4,4,12,31,29.244444444444444,Washington State,made,CJ Elleby,Jervae Robinson,TRUE,FALSE,Washington State,Oregon
401120752,2019-03-13,Oregon,Washington State,217,2,13:22:00,802,802,Payton Pritchard missed Three Point Jumper.,51,25,26,22,0.9981710844765348,0.9930744389626036,4,4,12,33,63.919999999999995,Oregon,missed,Payton Pritchard,NA,TRUE,FALSE,Oregon,Washington State
401120752,2019-03-13,Oregon,Washington State,218,2,13:22:00,802,802,Isaiah Wade Defensive Rebound.,51,25,26,0,0.9981710844765348,0.9930744389626036,4,4,12,NA,NA,NA,NA,NA,NA,NA,NA,Oregon,Washington State
401120752,2019-03-13,Oregon,Washington State,219,2,13:22:00,802,802,Foul on Miles Norris.,51,25,26,0,0.9981710844765348,0.9930744389626036,4,4,12,NA,NA,NA,NA,NA,NA,NA,NA,Oregon,Washington State
401120752,2019-03-13,Oregon,Washington State,220,2,13:04:00,784,784,Jeff Pollard made Three Point Jumper. Assisted by Carter Skaggs.,51,28,23,18,0.9968917366326248,0.9883647070982536,4,4,12,41,24.02222222222222,Washington State,made,Jeff Pollard,Carter Skaggs,TRUE,FALSE,Washington State,Oregon
401120752,2019-03-13,Oregon,Washington State,221,2,12:36:00,756,756,Louis King missed Three Point Jumper.,51,28,23,28,0.9971168397373252,0.9893438498717044,4,4,12,42,69.14222222222222,Oregon,missed,Louis King,NA,TRUE,FALSE,Oregon,Oregon
401120752,2019-03-13,Oregon,Washington State,222,2,12:36:00,756,756,Louis King Offensive Rebound.,51,28,23,0,0.9971168397373252,0.9893438498717044,4,4,12,NA,NA,NA,NA,NA,NA,NA,NA,Oregon,Oregon
401120752,2019-03-13,Oregon,Washington State,223,2,12:26:00,746,746,Victor Bailey Jr. missed Three Point Jumper.,51,28,23,10,0.9972040516845216,0.9897164803744584,4,4,12,3,87.94222222222221,Oregon,missed,Victor Bailey Jr.,NA,TRUE,FALSE,Oregon,Oregon
401120752,2019-03-13,Oregon,Washington State,224,2,12:26:00,746,746,Oregon Offensive Rebound.,51,28,23,0,0.9972040516845216,0.9897164803744584,4,4,12,NA,NA,NA,NA,NA,NA,NA,NA,Oregon,Oregon
401120752,2019-03-13,Oregon,Washington State,225,2,12:12:00,732,732,Louis King Turnover.,51,28,23,14,0.9973321784724164,0.9902578876593964,4,4,12,NA,NA,NA,NA,NA,NA,NA,NA,Oregon,Washington State
401120752,2019-03-13,Oregon,Washington State,226,2,12:12:00,732,732,CJ Elleby Steal.,51,28,23,0,0.9973321784724164,0.9902578876593964,4,4,12,NA,NA,NA,NA,NA,NA,NA,NA,Oregon,Washington State
401120752,2019-03-13,Oregon,Washington State,227,2,12:09:00,729,729,Foul on Victor Bailey Jr..,51,28,23,3,0.997360453178124,0.9903764739632984,4,4,12,NA,NA,NA,NA,NA,NA,NA,NA,Washington State,Washington State
401120752,2019-03-13,Oregon,Washington State,228,2,12:06:00,726,726,Jervae Robinson missed Three Point Jumper.,51,28,23,3,0.9973880005001488,0.9904920243433366,4,4,12,43,20.88888888888889,Washington State,missed,Jervae Robinson,NA,TRUE,FALSE,Washington State,Oregon
401120752,2019-03-13,Oregon,Washington State,229,2,12:06:00,726,726,Louis King Defensive Rebound.,51,28,23,0,0.9973880005001488,0.9904920243433366,4,4,12,NA,NA,NA,NA,NA,NA,NA,NA,Washington State,Oregon
401120752,2019-03-13,Oregon,Washington State,230,2,11:51:00,711,711,Miles Norris missed Dunk.,51,28,23,15,0.9975122328327266,0.9910146070405076,4,4,12,26,85.85333333333332,Oregon,missed,Miles Norris,NA,FALSE,FALSE,Oregon,Washington State
401120752,2019-03-13,Oregon,Washington State,231,2,11:51:00,711,711,Jeff Pollard Defensive Rebound.,51,28,23,0,0.9975122328327266,0.9910146070405076,4,4,12,NA,NA,NA,NA,NA,NA,NA,NA,Oregon,Washington State
401120752,2019-03-13,Oregon,Washington State,232,2,11:43:00,703,703,Isaiah Wade missed Layup.,51,28,23,8,0.9975708184440818,0.9912619362268114,4,4,12,23,7.311111111111111,Washington State,missed,Isaiah Wade,NA,FALSE,FALSE,Washington State,Oregon
401120752,2019-03-13,Oregon,Washington State,233,2,11:43:00,703,703,Will Richardson Defensive Rebound.,51,28,23,0,0.9975708184440818,0.9912619362268114,4,4,12,NA,NA,NA,NA,NA,NA,NA,NA,Washington State,Oregon
401120752,2019-03-13,Oregon,Washington State,234,2,11:25:00,685,685,Miles Norris made Layup.,53,28,25,18,0.998474809773934,0.9945521185579838,4,4,12,28.000000000000004,85.85333333333332,Oregon,made,Miles Norris,NA,FALSE,FALSE,Oregon,Washington State
401120752,2019-03-13,Oregon,Washington State,235,2,11:25:00,685,685,Foul on Jeff Pollard.,53,28,25,0,0.998474809773934,0.9945521185579838,4,4,12,NA,NA,NA,NA,NA,NA,NA,NA,Oregon,Washington State
401120752,2019-03-13,Oregon,Washington State,236,2,11:25:00,685,685,Official TV Timeout,53,28,25,0,0.998474809773934,0.9945521185579838,4,4,12,NA,NA,NA,NA,NA,NA,NA,NA,Oregon,Washington State
401120752,2019-03-13,Oregon,Washington State,237,2,11:25:00,685,685,Miles Norris made Free Throw.,54,28,26,0,0.998761224583899,0.9955719069520368,4,4,12,25,87.94222222222221,Oregon,made,Miles Norris,NA,FALSE,TRUE,Oregon,Washington State
401120752,2019-03-13,Oregon,Washington State,238,2,11:13:00,673,673,CJ Elleby missed Three Point Jumper.,54,28,26,12,0.998805095029392,0.9957546060029484,4,4,12,6,18.799999999999997,Washington State,missed,CJ Elleby,NA,TRUE,FALSE,Washington State,Oregon
401120752,2019-03-13,Oregon,Washington State,239,2,11:13:00,673,673,Miles Norris Defensive Rebound.,54,28,26,0,0.998805095029392,0.9957546060029484,4,4,12,NA,NA,NA,NA,NA,NA,NA,NA,Washington State,Oregon
401120752,2019-03-13,Oregon,Washington State,240,2,11:01:00,661,661,Louis King made Three Point Jumper. Assisted by Will Richardson.,57,28,29,12,0.9993881685345872,0.9978364304438692,4,4,12,3,76.45333333333333,Oregon,made,Louis King,Will Richardson,TRUE,FALSE,Oregon,Washington State
401120752,2019-03-13,Oregon,Washington State,241,2,10:30:00,630,630,Robert Franks made Jumper. Assisted by Jervae Robinson.,57,30,27,31,0.9991544511027838,0.9970601396580168,4,4,12,32,9.4,Washington State,made,Robert Franks,Jervae Robinson,FALSE,FALSE,Washington State,Oregon
401120752,2019-03-13,Oregon,Washington State,242,2,10:12:00,612,612,Miles Norris made Dunk. Assisted by Kenny Wooten.,59,30,29,18,0.99948814616398,0.9982365276474424,4,4,12,28.999999999999996,85.85333333333332,Oregon,made,Miles Norris,Kenny Wooten,FALSE,FALSE,Oregon,Washington State
401120752,2019-03-13,Oregon,Washington State,243,2,09:59:00,599,599,CJ Elleby Turnover.,59,30,29,13,0.9995166349225206,0.998347037965772,4,4,12,NA,NA,NA,NA,NA,NA,NA,NA,Washington State,Oregon
401120752,2019-03-13,Oregon,Washington State,244,2,09:59:00,599,599,Louis King Steal.,59,30,29,0,0.9995166349225206,0.998347037965772,4,4,12,NA,NA,NA,NA,NA,NA,NA,NA,Washington State,Oregon
401120752,2019-03-13,Oregon,Washington State,245,2,09:59:00,599,599,Will Richardson missed Layup.,59,30,29,0,0.9995166349225206,0.998347037965772,4,4,12,26,85.85333333333332,Oregon,missed,Will Richardson,NA,FALSE,FALSE,Oregon,Oregon
401120752,2019-03-13,Oregon,Washington State,246,2,09:59:00,599,599,Louis King Offensive Rebound.,59,30,29,0,0.9995166349225206,0.998347037965772,4,4,12,NA,NA,NA,NA,NA,NA,NA,NA,Oregon,Oregon
401120752,2019-03-13,Oregon,Washington State,247,2,09:51:00,591,591,Louis King Turnover.,59,30,29,8,0.9995348952297456,0.998417018265126,4,4,12,NA,NA,NA,NA,NA,NA,NA,NA,Oregon,Washington State
401120752,2019-03-13,Oregon,Washington State,248,2,09:42:00,582,582,Foul on Louis King.,59,30,29,9,0.9995561462349036,0.998497652866934,4,4,12,NA,NA,NA,NA,NA,NA,NA,NA,Washington State,Washington State
401120752,2019-03-13,Oregon,Washington State,249,2,09:42:00,582,582,Isaiah Wade missed Free Throw.,59,30,29,0,0.9995561462349036,0.998497652866934,4,4,12,25,4.177777777777778,Washington State,missed,Isaiah Wade,NA,FALSE,TRUE,Washington State,Washington State
401120752,2019-03-13,Oregon,Washington State,250,2,09:42:00,582,582,Washington State Deadball Team Rebound.,59,30,29,0,0.9995561462349036,0.998497652866934,4,4,12,NA,NA,NA,NA,NA,NA,NA,NA,Washington State,Washington State
401120752,2019-03-13,Oregon,Washington State,251,2,09:42:00,582,582,Isaiah Wade made Free Throw.,59,31,28,0,0.9994447076124294,0.9981209572897168,4,4,12,25,4.177777777777778,Washington State,made,Isaiah Wade,NA,FALSE,TRUE,Washington State,Oregon
401120752,2019-03-13,Oregon,Washington State,252,2,09:28:00,568,568,Louis King made Layup.,61,31,30,14,0.9996738545078244,0.9989057284178574,4,4,12,25,85.85333333333332,Oregon,made,Louis King,NA,FALSE,FALSE,Oregon,Washington State
401120752,2019-03-13,Oregon,Washington State,253,2,09:17:00,557,557,Jervae Robinson missed Layup.,61,31,30,11,0.9996972404465668,0.998991744923448,4,4,12,25,6.266666666666667,Washington State,missed,Jervae Robinson,NA,FALSE,FALSE,Washington State,Washington State
401120752,2019-03-13,Oregon,Washington State,254,2,09:17:00,557,557,Kenny Wooten Block.,61,31,30,0,0.9996972404465668,0.998991744923448,4,4,12,NA,NA,NA,NA,NA,NA,NA,NA,Washington State,Washington State
401120752,2019-03-13,Oregon,Washington State,255,2,09:17:00,557,557,Isaiah Wade Offensive Rebound.,61,31,30,0,0.9996972404465668,0.998991744923448,4,4,12,NA,NA,NA,NA,NA,NA,NA,NA,Washington State,Washington State
401120752,2019-03-13,Oregon,Washington State,256,2,09:08:00,548,548,Isaiah Wade missed Layup.,61,31,30,9,0.9997167501463868,0.9990627138567538,4,4,12,24,6.266666666666667,Washington State,missed,Isaiah Wade,NA,FALSE,FALSE,Washington State,Oregon
401120752,2019-03-13,Oregon,Washington State,257,2,09:08:00,548,548,Louis King Defensive Rebound.,61,31,30,0,0.9997167501463868,0.9990627138567538,4,4,12,NA,NA,NA,NA,NA,NA,NA,NA,Washington State,Oregon
401120752,2019-03-13,Oregon,Washington State,258,2,09:07:00,547,547,Miles Norris Turnover.,61,31,30,1,0.9997188292658148,0.999070255499482,4,4,12,NA,NA,NA,NA,NA,NA,NA,NA,Oregon,Oregon
401120752,2019-03-13,Oregon,Washington State,259,2,09:07:00,547,547,Robert Franks Turnover.,61,31,30,0,0.9997188292658148,0.999070255499482,4,4,12,NA,NA,NA,NA,NA,NA,NA,NA,Washington State,Oregon
401120752,2019-03-13,Oregon,Washington State,260,2,09:07:00,547,547,Foul on Robert Franks.,61,31,30,0,0.9997188292658148,0.999070255499482,4,4,12,NA,NA,NA,NA,NA,NA,NA,NA,Oregon,Oregon
401120752,2019-03-13,Oregon,Washington State,261,2,08:50:00,530,530,Louis King made Three Point Jumper. Assisted by Will Richardson.,64,31,33,17,0.9998764987871412,0.9995962747878292,4,4,12,1.25,84.80888888888889,Oregon,made,Louis King,Will Richardson,TRUE,FALSE,Oregon,Washington State
401120752,2019-03-13,Oregon,Washington State,262,2,08:29:00,509,509,Foul on Kenny Wooten.,64,31,33,21,0.9998916036890484,0.9996505914015634,4,4,12,NA,NA,NA,NA,NA,NA,NA,NA,Washington State,Washington State
401120752,2019-03-13,Oregon,Washington State,263,2,08:29:00,509,509,Robert Franks made Free Throw.,64,32,32,0,0.9998620427495044,0.999555332827106,4,4,12,25,4.177777777777778,Washington State,made,Robert Franks,NA,FALSE,TRUE,Washington State,Washington State
401120752,2019-03-13,Oregon,Washington State,264,2,08:29:00,509,509,Robert Franks made Free Throw.,64,33,31,0,0.999824421612216,0.9994341187972404,4,4,12,25,4.177777777777778,Washington State,made,Robert Franks,NA,FALSE,TRUE,Washington State,Oregon
401120752,2019-03-13,Oregon,Washington State,265,2,08:20:00,500,500,Miles Norris made Three Point Jumper. Assisted by Kenny Wooten.,67,33,34,9,0.999919385034465,0.999741682320772,4,4,12,1.25,84.80888888888889,Oregon,made,Miles Norris,Kenny Wooten,TRUE,FALSE,Oregon,Washington State
401120752,2019-03-13,Oregon,Washington State,266,2,08:11:00,491,491,Washington State  Timeout,67,33,34,9,0.999923773659165,0.9997572198110964,4,3,12,NA,NA,NA,NA,NA,NA,NA,NA,Washington State,Washington State
401120752,2019-03-13,Oregon,Washington State,267,2,07:51:00,471,471,Isaiah Wade made Layup. Assisted by Robert Franks.,67,35,32,20,0.9998906438149276,0.9996565596233592,4,3,12,28,6.266666666666667,Washington State,made,Isaiah Wade,Robert Franks,FALSE,FALSE,Washington State,Oregon
401120752,2019-03-13,Oregon,Washington State,268,2,07:28:00,448,448,Kenny Wooten Turnover.,67,35,32,23,0.9999095544256508,0.999720880069826,4,3,12,NA,NA,NA,NA,NA,NA,NA,NA,Oregon,Washington State
401120752,2019-03-13,Oregon,Washington State,269,2,07:28:00,448,448,Jervae Robinson Steal.,67,35,32,0,0.9999095544256508,0.999720880069826,4,3,12,NA,NA,NA,NA,NA,NA,NA,NA,Oregon,Washington State
401120752,2019-03-13,Oregon,Washington State,270,2,07:24:00,444,444,Isaiah Wade made Layup. Assisted by CJ Elleby.,67,37,30,4,0.9998546428877788,0.9995529384616156,4,3,12,28,5.222222222222221,Washington State,made,Isaiah Wade,CJ Elleby,FALSE,FALSE,Washington State,Oregon
401120752,2019-03-13,Oregon,Washington State,271,2,07:12:00,432,432,Kenny Wooten made Dunk. Assisted by Louis King.,69,37,32,12,0.9999239566994982,0.9997684888580556,4,3,12,26,84.80888888888889,Oregon,made,Kenny Wooten,Louis King,FALSE,FALSE,Oregon,Washington State
401120752,2019-03-13,Oregon,Washington State,272,2,07:00:00,420,420,Jervae Robinson missed Three Point Jumper.,69,37,32,12,0.9999342069038224,0.9998018849429886,4,3,12,32,28.2,Washington State,missed,Jervae Robinson,NA,TRUE,FALSE,Washington State,Oregon
401120752,2019-03-13,Oregon,Washington State,273,2,07:00:00,420,420,Miles Norris Defensive Rebound.,69,37,32,0,0.9999342069038224,0.9998018849429886,4,3,12,NA,NA,NA,NA,NA,NA,NA,NA,Washington State,Oregon
401120752,2019-03-13,Oregon,Washington State,274,2,06:53:00,413,413,Victor Bailey Jr. made Three Point Jumper.,72,37,35,7,0.9999728893197504,0.9999188992237682,4,3,12,35,66.00888888888889,Oregon,made,Victor Bailey Jr.,NA,TRUE,FALSE,Oregon,Washington State
401120752,2019-03-13,Oregon,Washington State,275,2,06:41:00,401,401,Marvin Cannon made Three Point Jumper. Assisted by Robert Franks.,72,40,32,12,0.9999466284067104,0.999842215735424,4,3,12,47,4.177777777777778,Washington State,made,Marvin Cannon,Robert Franks,TRUE,FALSE,Washington State,Oregon
401120752,2019-03-13,Oregon,Washington State,276,2,06:17:00,377,377,Foul on Jervae Robinson.,72,40,32,24,0.9999587714313076,0.9998811102531128,4,3,12,NA,NA,NA,NA,NA,NA,NA,NA,Oregon,Oregon
401120752,2019-03-13,Oregon,Washington State,277,2,06:17:00,377,377,Official TV Timeout,72,40,32,0,0.9999587714313076,0.9998811102531128,4,3,12,NA,NA,NA,NA,NA,NA,NA,NA,Oregon,Oregon
401120752,2019-03-13,Oregon,Washington State,278,2,06:13:00,373,373,Ehab Amin Turnover.,72,40,32,4,0.9999605930547498,0.9998868536344248,4,3,12,NA,NA,NA,NA,NA,NA,NA,NA,Oregon,Washington State
401120752,2019-03-13,Oregon,Washington State,279,2,06:13:00,373,373,Jervae Robinson Steal.,72,40,32,0,0.9999605930547498,0.9998868536344248,4,3,12,NA,NA,NA,NA,NA,NA,NA,NA,Oregon,Washington State
401120752,2019-03-13,Oregon,Washington State,280,2,06:11:00,371,371,Marvin Cannon made Dunk. Assisted by Isaiah Wade.,72,42,30,2,0.999931940170254,0.9998050211792971,4,3,12,23,7.311111111111111,Washington State,made,Marvin Cannon,Isaiah Wade,FALSE,FALSE,Washington State,Oregon
401120752,2019-03-13,Oregon,Washington State,281,2,05:45:00,345,345,Victor Bailey Jr. made Layup.,74,42,32,26,0.9999725243832563,0.999923570214808,4,3,12,28.000000000000004,87.94222222222221,Oregon,made,Victor Bailey Jr.,NA,FALSE,FALSE,Oregon,Washington State
401120752,2019-03-13,Oregon,Washington State,282,2,05:32:00,332,332,Foul on Francis Okoro.,74,42,32,13,0.9999776553237256,0.9999388001960436,4,3,12,NA,NA,NA,NA,NA,NA,NA,NA,Washington State,Washington State
401120752,2019-03-13,Oregon,Washington State,283,2,05:32:00,332,332,Marvin Cannon made Free Throw.,74,43,31,0,0.9999697424429111,0.9999171287576748,4,3,12,25,4.177777777777778,Washington State,made,Marvin Cannon,NA,FALSE,TRUE,Washington State,Washington State
401120752,2019-03-13,Oregon,Washington State,284,2,05:32:00,332,332,Marvin Cannon made Free Throw.,74,44,30,0,0.9999590275023792,0.999887784116043,4,3,12,25,4.177777777777778,Washington State,made,Marvin Cannon,NA,FALSE,TRUE,Washington State,Oregon
401120752,2019-03-13,Oregon,Washington State,285,2,05:17:00,317,317,Foul on Francis Okoro.,74,44,30,15,0.9999685127178752,0.99991534538088,4,3,12,NA,NA,NA,NA,NA,NA,NA,NA,Oregon,Washington State
401120752,2019-03-13,Oregon,Washington State,286,2,05:17:00,317,317,Francis Okoro Turnover.,74,44,30,0,0.9999685127178752,0.99991534538088,4,3,12,NA,NA,NA,NA,NA,NA,NA,NA,Oregon,Washington State
401120752,2019-03-13,Oregon,Washington State,287,2,05:05:00,305,305,Foul on Ehab Amin.,74,44,30,12,0.999974970504693,0.9999337251271072,4,3,12,NA,NA,NA,NA,NA,NA,NA,NA,Washington State,Washington State
401120752,2019-03-13,Oregon,Washington State,288,2,05:05:00,305,305,Jervae Robinson made Free Throw.,74,45,29,0,0.9999655066485984,0.999908667482101,4,3,12,25,4.177777777777778,Washington State,made,Jervae Robinson,NA,FALSE,TRUE,Washington State,Washington State
401120752,2019-03-13,Oregon,Washington State,289,2,05:05:00,305,305,Jervae Robinson missed Free Throw.,74,45,29,0,0.9999655066485984,0.999908667482101,4,3,12,25,4.177777777777778,Washington State,missed,Jervae Robinson,NA,FALSE,TRUE,Washington State,Oregon
401120752,2019-03-13,Oregon,Washington State,290,2,05:05:00,305,305,Payton Pritchard Defensive Rebound.,74,45,29,0,0.9999655066485984,0.999908667482101,4,3,12,NA,NA,NA,NA,NA,NA,NA,NA,Washington State,Oregon
401120752,2019-03-13,Oregon,Washington State,291,2,04:45:00,285,285,Louis King made Layup.,76,45,31,20,0.9999835617681332,0.999957554086608,4,3,12,23,87.94222222222221,Oregon,made,Louis King,NA,FALSE,FALSE,Oregon,Washington State
401120752,2019-03-13,Oregon,Washington State,292,2,04:27:00,267,267,CJ Elleby missed Three Point Jumper.,76,45,31,18,0.9999811120428636,0.9999523213559302,4,3,12,37,29.244444444444444,Washington State,missed,CJ Elleby,NA,TRUE,FALSE,Washington State,Oregon
401120752,2019-03-13,Oregon,Washington State,293,2,04:27:00,267,267,Francis Okoro Defensive Rebound.,76,45,31,0,0.9999811120428636,0.9999523213559302,4,3,12,NA,NA,NA,NA,NA,NA,NA,NA,Washington State,Oregon
401120752,2019-03-13,Oregon,Washington State,294,2,04:09:00,249,249,Foul on Jervae Robinson.,76,45,31,18,0.999977296449716,0.9999440078276924,4,3,12,NA,NA,NA,NA,NA,NA,NA,NA,Oregon,Oregon
401120752,2019-03-13,Oregon,Washington State,295,2,03:53:00,233,233,Francis Okoro missed Layup.,76,45,31,16,0.9999757070174105,0.9999413706192044,4,3,12,27,84.80888888888889,Oregon,missed,Francis Okoro,NA,FALSE,FALSE,Oregon,Oregon
401120752,2019-03-13,Oregon,Washington State,296,2,03:53:00,233,233,Ehab Amin Offensive Rebound.,76,45,31,0,0.9999757070174105,0.9999413706192044,4,3,12,NA,NA,NA,NA,NA,NA,NA,NA,Oregon,Oregon
401120752,2019-03-13,Oregon,Washington State,297,2,03:47:00,227,227,Ehab Amin made Layup.,78,45,33,6,0.9999873625085004,0.9999697559507236,4,3,12,24,84.80888888888889,Oregon,made,Ehab Amin,NA,FALSE,FALSE,Oregon,Washington State
401120752,2019-03-13,Oregon,Washington State,298,2,03:37:00,217,217,CJ Elleby Turnover.,78,45,33,10,0.9999888973114252,0.9999738121012458,4,3,12,NA,NA,NA,NA,NA,NA,NA,NA,Washington State,Oregon
401120752,2019-03-13,Oregon,Washington State,299,2,03:37:00,217,217,Victor Bailey Jr. Steal.,78,45,33,0,0.9999888973114252,0.9999738121012458,4,3,12,NA,NA,NA,NA,NA,NA,NA,NA,Washington State,Oregon
401120752,2019-03-13,Oregon,Washington State,300,2,03:27:00,207,207,Victor Bailey Jr. missed Jumper.,78,45,33,10,0.999991487831028,0.999980225000972,4,3,12,32,76.45333333333333,Oregon,missed,Victor Bailey Jr.,NA,FALSE,FALSE,Oregon,Oregon
401120752,2019-03-13,Oregon,Washington State,301,2,03:27:00,207,207,Miles Norris Offensive Rebound.,78,45,33,0,0.999991487831028,0.999980225000972,4,3,12,NA,NA,NA,NA,NA,NA,NA,NA,Oregon,Oregon
401120752,2019-03-13,Oregon,Washington State,302,2,03:23:00,203,203,Miles Norris made Layup.,80,45,35,4,0.999996240267421,0.9999913202716408,4,3,12,22,85.85333333333332,Oregon,made,Miles Norris,NA,FALSE,FALSE,Oregon,Washington State
401120752,2019-03-13,Oregon,Washington State,303,2,03:04:00,184,184,Robert Franks missed Layup.,80,45,35,19,0.9999988337183844,0.9999973912579276,4,3,12,28,5.222222222222221,Washington State,missed,Robert Franks,NA,FALSE,FALSE,Washington State,Oregon
401120752,2019-03-13,Oregon,Washington State,304,2,03:04:00,184,184,Ehab Amin Defensive Rebound.,80,45,35,0,0.9999988337183844,0.9999973912579276,4,3,12,NA,NA,NA,NA,NA,NA,NA,NA,Washington State,Oregon
401120752,2019-03-13,Oregon,Washington State,305,2,02:53:00,173,173,Miles Norris missed Three Point Jumper.,80,45,35,11,0.9999994759771428,0.9999988500183826,4,3,12,5,74.36444444444444,Oregon,missed,Miles Norris,NA,TRUE,FALSE,Oregon,Washington State
401120752,2019-03-13,Oregon,Washington State,306,2,02:53:00,173,173,CJ Elleby Defensive Rebound.,80,45,35,0,0.9999994759771428,0.9999988500183826,4,3,12,NA,NA,NA,NA,NA,NA,NA,NA,Oregon,Washington State
401120752,2019-03-13,Oregon,Washington State,307,2,02:49:00,169,169,Jervae Robinson made Layup. Assisted by CJ Elleby.,80,47,33,4,0.9999991363517898,0.9999981179983686,4,3,12,23,5.222222222222221,Washington State,made,Jervae Robinson,CJ Elleby,FALSE,FALSE,Washington State,Oregon
401120752,2019-03-13,Oregon,Washington State,308,2,02:41:00,161,161,Foul on Aljaz Kunc.,80,47,33,8,0.9999995176301408,0.999998963730518,4,3,12,NA,NA,NA,NA,NA,NA,NA,NA,Oregon,Oregon
401120752,2019-03-13,Oregon,Washington State,309,2,02:41:00,161,161,Official TV Timeout,80,47,33,0,0.9999995176301408,0.999998963730518,4,3,12,NA,NA,NA,NA,NA,NA,NA,NA,Oregon,Oregon
401120752,2019-03-13,Oregon,Washington State,310,2,02:41:00,161,161,Ehab Amin made Free Throw.,81,47,34,0,0.9999996822899622,0.999999317467142,4,3,12,25,87.94222222222221,Oregon,made,Ehab Amin,NA,FALSE,TRUE,Oregon,Oregon
401120752,2019-03-13,Oregon,Washington State,311,2,02:41:00,161,161,Ehab Amin made Free Throw.,82,47,35,0,0.9999997907421856,0.9999995504537628,4,3,12,25,87.94222222222221,Oregon,made,Ehab Amin,NA,FALSE,TRUE,Oregon,Washington State
401120752,2019-03-13,Oregon,Washington State,312,2,02:21:00,141,141,Aljaz Kunc missed Three Point Jumper.,82,47,35,20,0.9999999623413048,0.999999922018927,4,3,12,47,8.355555555555556,Washington State,missed,Aljaz Kunc,NA,TRUE,FALSE,Washington State,Washington State
401120752,2019-03-13,Oregon,Washington State,313,2,02:21:00,141,141,Washington State Offensive Rebound.,82,47,35,0,0.9999999623413048,0.999999922018927,4,3,12,NA,NA,NA,NA,NA,NA,NA,NA,Washington State,Washington State
401120752,2019-03-13,Oregon,Washington State,314,2,02:07:00,127,127,Jervae Robinson made Jumper.,82,49,33,14,0.9999999743776125,0.9999999483472812,4,3,12,39,7.311111111111111,Washington State,made,Jervae Robinson,NA,FALSE,FALSE,Washington State,Oregon
401120752,2019-03-13,Oregon,Washington State,315,2,01:43:00,103,103,Miles Norris missed Three Point Jumper.,82,49,33,24,0.999999998398826,0.9999999969246652,4,3,12,1.25,86.89777777777778,Oregon,missed,Miles Norris,NA,TRUE,FALSE,Oregon,Washington State
401120752,2019-03-13,Oregon,Washington State,316,2,01:43:00,103,103,Robert Franks Defensive Rebound.,82,49,33,0,0.999999998398826,0.9999999969246652,4,3,12,NA,NA,NA,NA,NA,NA,NA,NA,Oregon,Washington State
401120752,2019-03-13,Oregon,Washington State,317,2,01:36:00,96,96,Jervae Robinson made Layup.,82,51,31,7,0.9999999978601232,0.9999999959501756,4,3,12,21.999999999999996,6.266666666666667,Washington State,made,Jervae Robinson,NA,FALSE,FALSE,Washington State,Oregon
401120752,2019-03-13,Oregon,Washington State,318,2,01:10:00,70,70,Miles Norris made Layup.,84,51,33,26,0.9999999999880969,0.9999999999787164,4,3,12,28.000000000000004,86.89777777777778,Oregon,made,Miles Norris,NA,FALSE,FALSE,Oregon,Washington State
401120752,2019-03-13,Oregon,Washington State,319,2,01:02:00,62,62,Robert Franks missed Three Point Jumper.,84,51,33,8,0.9999999999969168,0.9999999999945864,4,3,12,21.999999999999996,29.244444444444444,Washington State,missed,Robert Franks,NA,TRUE,FALSE,Washington State,Oregon
401120752,2019-03-13,Oregon,Washington State,320,2,01:02:00,62,62,Victor Bailey Jr. Defensive Rebound.,84,51,33,0,0.9999999999969168,0.9999999999945864,4,3,12,NA,NA,NA,NA,NA,NA,NA,NA,Washington State,Oregon
401120752,2019-03-13,Oregon,Washington State,321,2,00:29:00,29,29,Will Johnson missed Jumper.,84,51,33,33,0.999999999999994,0.9999999999999902,4,3,12,42,76.45333333333333,Oregon,missed,Will Johnson,NA,FALSE,FALSE,Oregon,Washington State
401120752,2019-03-13,Oregon,Washington State,322,2,00:29:00,29,29,Aljaz Kunc Defensive Rebound.,84,51,33,0,0.999999999999994,0.9999999999999902,4,3,12,NA,NA,NA,NA,NA,NA,NA,NA,Oregon,Washington State
401120752,2019-03-13,Oregon,Washington State,323,2,00:24:00,24,24,Aljaz Kunc Turnover.,84,51,33,5,0.999999999999998,0.9999999999999966,4,3,12,NA,NA,NA,NA,NA,NA,NA,NA,Washington State,Oregon
401120752,2019-03-13,Oregon,Washington State,324,2,00:24:00,24,24,Victor Bailey Jr. Steal.,84,51,33,0,0.999999999999998,0.9999999999999966,4,3,12,NA,NA,NA,NA,NA,NA,NA,NA,Washington State,Oregon
401120752,2019-03-13,Oregon,Washington State,325,2,00:16:00,16,16,Will Johnson missed Three Point Jumper.,84,51,33,8,0.9999999999999996,0.9999999999999994,4,3,12,47,75.4088888888889,Oregon,missed,Will Johnson,NA,TRUE,FALSE,Oregon,Oregon
401120752,2019-03-13,Oregon,Washington State,326,2,00:16:00,16,16,Ehab Amin Offensive Rebound.,84,51,33,0,0.9999999999999996,0.9999999999999994,4,3,12,NA,NA,NA,NA,NA,NA,NA,NA,Oregon,Oregon
401120752,2019-03-13,Oregon,Washington State,327,2,00:00:00,0,0,End of Game,84,51,33,16,1,1,4,3,12,NA,NA,NA,NA,NA,NA,NA,NA,Oregon,NA
