play_id,half,time_remaining_half,secs_remaining,secs_remaining_absolute,description,home_score,away_score,score_diff,play_length,win_prob,naive_win_prob,home,away,home_time_out_remaining,away_time_out_remaining,home_favored_by,game_id,date
1,1,20:00,2400,2400,PLAY,0,0,0,17,0.5,0.5,Fairfield,Iona,4,4,NA,283422217,2008-12-07
2,1,19:43,2383,2383,Warren Edney made Two Point Jumper.,2,0,2,11,0.5443841825587584,0.5443841825587584,Fairfield,Iona,4,4,NA,283422217,2008-12-07
3,1,19:32,2372,2372,Foul on Warren Edney,2,0,2,7,0.5446180346713736,0.5446180346713736,Fairfield,Iona,4,4,NA,283422217,2008-12-07
4,1,19:25,2365,2365,Greg Nero Steal.,2,0,2,22,0.5447677378565356,0.5447677378565356,Fairfield,Iona,4,4,NA,283422217,2008-12-07
5,1,19:03,2343,2343,Herbie Allen missed Two Point Jumper.,2,0,2,0,0.5452425068556261,0.5452425068556261,Fairfield,Iona,4,4,NA,283422217,2008-12-07
6,1,19:03,2343,2343,Jonathan Huffman Defensive Rebound.,2,0,2,18,0.5452425068556261,0.5452425068556261,Fairfield,Iona,4,4,NA,283422217,2008-12-07
7,1,18:45,2325,2325,Jonathan Huffman made Two Point Dunk Shot.  Assisted by Scott Machado.,2,2,0,15,0.5,0.5,Fairfield,Iona,4,4,NA,283422217,2008-12-07
8,1,18:30,2310,2310,Foul on Jonathan Huffman,2,2,0,6,0.5,0.5,Fairfield,Iona,4,4,NA,283422217,2008-12-07
9,1,18:24,2304,2304,Warren Edney missed Two Point Jumper.,2,2,0,0,0.5,0.5,Fairfield,Iona,4,4,NA,283422217,2008-12-07
10,1,18:24,2304,2304,Iona Defensive Rebound.,2,2,0,21,0.5,0.5,Fairfield,Iona,4,4,NA,283422217,2008-12-07
11,1,18:03,2283,2283,Rashon Dwight made Two Point Layup.  Assisted by Jonathan Huffman.,2,4,-2,6,0.4534335585723665,0.4534335585723665,Fairfield,Iona,4,4,NA,283422217,2008-12-07
12,1,17:57,2277,2277,Anthony Johnson missed Two Point Jumper.,2,4,-2,0,0.4532991278378673,0.4532991278378673,Fairfield,Iona,4,4,NA,283422217,2008-12-07
13,1,17:57,2277,2277,Iona Defensive Rebound.,2,4,-2,17,0.4532991278378673,0.4532991278378673,Fairfield,Iona,4,4,NA,283422217,2008-12-07
14,1,17:40,2260,2260,Scott Machado made Two Point Layup.,2,6,-4,16,0.40666070605256693,0.40666070605256693,Fairfield,Iona,4,4,NA,283422217,2008-12-07
15,1,17:24,2244,2244,Herbie Allen made Two Point Jumper.,4,6,-2,0,0.4525542545819073,0.4525542545819073,Fairfield,Iona,4,4,NA,283422217,2008-12-07
16,1,17:24,2244,2244,Foul on Scott Machado,4,6,-2,0,0.4525542545819073,0.4525542545819073,Fairfield,Iona,4,4,NA,283422217,2008-12-07
17,1,17:24,2244,2244,Herbie Allen made Free Throw.,5,6,-1,16,0.4762234829712621,0.4762234829712621,Fairfield,Iona,4,4,NA,283422217,2008-12-07
18,1,17:08,2228,2228,Jonathan Huffman missed Three Point Jumper.,5,6,-1,0,0.47604017155909156,0.47604017155909156,Fairfield,Iona,4,4,NA,283422217,2008-12-07
19,1,17:08,2228,2228,Warren Edney Defensive Rebound.,5,6,-1,12,0.47604017155909156,0.47604017155909156,Fairfield,Iona,4,4,NA,283422217,2008-12-07
20,1,16:56,2216,2216,Foul on Jonathan Huffman,5,6,-1,23,0.4759021236633784,0.4759021236633784,Fairfield,Iona,4,4,NA,283422217,2008-12-07
21,1,16:33,2193,2193,Devon Clarke missed Two Point Jumper.,5,6,-1,0,0.47563635998670234,0.47563635998670234,Fairfield,Iona,4,4,NA,283422217,2008-12-07
22,1,16:33,2193,2193,Herbie Allen Defensive Rebound.,5,6,-1,7,0.47563635998670234,0.47563635998670234,Fairfield,Iona,4,4,NA,283422217,2008-12-07
23,1,16:26,2186,2186,Herbie Allen missed Two Point Jumper.,5,6,-1,1,0.47555520838674514,0.47555520838674514,Fairfield,Iona,4,4,NA,283422217,2008-12-07
24,1,16:25,2185,2185,Fairfield Offensive Rebound.,5,6,-1,3,0.4755436062176915,0.4755436062176915,Fairfield,Iona,4,4,NA,283422217,2008-12-07
25,1,16:22,2182,2182,Yorel Hawkins missed Two Point Jumper.,5,6,-1,0,0.4755087866646665,0.4755087866646665,Fairfield,Iona,4,4,NA,283422217,2008-12-07
26,1,16:22,2182,2182,Scott Machado Defensive Rebound.,5,6,-1,8,0.4755087866646665,0.4755087866646665,Fairfield,Iona,4,4,NA,283422217,2008-12-07
27,1,16:14,2174,2174,Foul on Greg Nero,5,6,-1,0,0.47541584348665267,0.47541584348665267,Fairfield,Iona,4,4,NA,283422217,2008-12-07
28,1,16:14,2174,2174,Devon Clarke made Free Throw.,5,7,-2,0,0.4509502658340844,0.4509502658340844,Fairfield,Iona,4,4,NA,283422217,2008-12-07
29,1,16:14,2174,2174,Devon Clarke made Free Throw.,5,8,-3,19,0.4267195690789067,0.4267195690789067,Fairfield,Iona,4,4,NA,283422217,2008-12-07
30,1,15:55,2155,2155,Jonathan Han made Three Point Jumper.,8,8,0,8,0.5,0.5,Fairfield,Iona,4,4,NA,283422217,2008-12-07
31,1,15:47,2147,2147,Rashon Dwight missed Two Point Layup.,8,8,0,0,0.5,0.5,Fairfield,Iona,4,4,NA,283422217,2008-12-07
32,1,15:47,2147,2147,Greg Nero Defensive Rebound.,8,8,0,9,0.5,0.5,Fairfield,Iona,4,4,NA,283422217,2008-12-07
33,1,15:38,2138,2138,Scott Machado Steal.,8,8,0,3,0.5,0.5,Fairfield,Iona,4,4,NA,283422217,2008-12-07
34,1,15:35,2135,2135,Milan Prodanovic made Two Point Layup.  Assisted by Scott Machado.,8,10,-2,20,0.4500448272291208,0.4500448272291208,Fairfield,Iona,4,4,NA,283422217,2008-12-07
35,1,15:15,2115,2115,Foul on Jonathan Han,8,10,-2,19,0.44957569164120237,0.44957569164120237,Fairfield,Iona,4,4,NA,283422217,2008-12-07
36,1,14:56,2096,2096,Derek Wolfley made Two Point Layup.  Assisted by Devon Clarke.,8,12,-4,16,0.39929584923148437,0.39929584923148437,Fairfield,Iona,4,4,NA,283422217,2008-12-07
37,1,14:40,2080,2080,Ryan Olander made Two Point Layup.  Assisted by Yorel Hawkins.,10,12,-2,33,0.44874582321189277,0.44874582321189277,Fairfield,Iona,4,4,NA,283422217,2008-12-07
38,1,14:07,2047,2047,Lyndon Jordan made Two Point Jumper.,12,12,0,24,0.5,0.5,Fairfield,Iona,4,4,NA,283422217,2008-12-07
39,1,13:43,2023,2023,Trinity Fields missed Three Point Jumper.,12,12,0,0,0.5,0.5,Fairfield,Iona,4,4,NA,283422217,2008-12-07
40,1,13:43,2023,2023,Greg Nero Defensive Rebound.,12,12,0,12,0.5,0.5,Fairfield,Iona,4,4,NA,283422217,2008-12-07
41,1,13:31,2011,2011,Foul on Rashon Dwight,12,12,0,14,0.5,0.5,Fairfield,Iona,4,4,NA,283422217,2008-12-07
42,1,13:17,1997,1997,Anthony Johnson made Two Point Jumper.,14,12,2,32,0.5532748836115552,0.5532748836115552,Fairfield,Iona,4,4,NA,283422217,2008-12-07
43,1,12:45,1965,1965,Devon Clarke missed Two Point Layup.,14,12,2,0,0.554076840653077,0.554076840653077,Fairfield,Iona,4,4,NA,283422217,2008-12-07
44,1,12:45,1965,1965,Anthony Johnson Defensive Rebound.,14,12,2,20,0.554076840653077,0.554076840653077,Fairfield,Iona,4,4,NA,283422217,2008-12-07
45,1,12:25,1945,1945,Foul on Derek Wolfley,14,12,2,7,0.5545853127900813,0.5545853127900813,Fairfield,Iona,4,4,NA,283422217,2008-12-07
46,1,12:18,1938,1938,Anthony Johnson missed Two Point Jumper.,14,12,2,0,0.5547646572326396,0.5547646572326396,Fairfield,Iona,4,4,NA,283422217,2008-12-07
47,1,12:18,1938,1938,Anthony Johnson Offensive Rebound.,14,12,2,3,0.5547646572326396,0.5547646572326396,Fairfield,Iona,4,4,NA,283422217,2008-12-07
48,1,12:15,1935,1935,Anthony Johnson made Two Point Jumper.,16,12,4,28,0.6083796285257003,0.6083796285257003,Fairfield,Iona,4,4,NA,283422217,2008-12-07
49,1,11:47,1907,1907,Jermel Jenkins missed Two Point Jumper.,16,12,4,0,0.6097697497385554,0.6097697497385554,Fairfield,Iona,4,4,NA,283422217,2008-12-07
50,1,11:47,1907,1907,Anthony Johnson Defensive Rebound.,16,12,4,2,0.6097697497385554,0.6097697497385554,Fairfield,Iona,4,4,NA,283422217,2008-12-07
51,1,11:45,1905,1905,Foul on Alejo Rodriguez,16,12,4,0,0.6098688405376097,0.6098688405376097,Fairfield,Iona,4,4,NA,283422217,2008-12-07
52,1,11:45,1905,1905,Official TV Timeout.,16,12,4,21,0.6098688405376097,0.6098688405376097,Fairfield,Iona,4,4,NA,283422217,2008-12-07
53,1,11:24,1884,1884,Jonathan Han missed Two Point Layup.,16,12,4,1,0.6109085812400424,0.6109085812400424,Fairfield,Iona,4,4,NA,283422217,2008-12-07
54,1,11:23,1883,1883,Fairfield Offensive Rebound.,16,12,4,26,0.6109580862436181,0.6109580862436181,Fairfield,Iona,4,4,NA,283422217,2008-12-07
55,1,10:57,1857,1857,Foul on Alejo Rodriguez,16,12,4,15,0.612246665901079,0.612246665901079,Fairfield,Iona,4,4,NA,283422217,2008-12-07
56,1,10:42,1842,1842,Warren Edney made Two Point Layup.,18,12,6,7,0.6659365952050095,0.6659365952050095,Fairfield,Iona,4,4,NA,283422217,2008-12-07
57,1,10:35,1835,1835,Foul on Yorel Hawkins,18,12,6,2,0.6664275563286414,0.6664275563286414,Fairfield,Iona,4,4,NA,283422217,2008-12-07
58,1,10:33,1833,1833,Devon Clarke missed Two Point Jumper.,18,12,6,0,0.666567988078285,0.666567988078285,Fairfield,Iona,4,4,NA,283422217,2008-12-07
59,1,10:33,1833,1833,Warren Edney Defensive Rebound.,18,12,6,2,0.666567988078285,0.666567988078285,Fairfield,Iona,4,4,NA,283422217,2008-12-07
60,1,10:31,1831,1831,Iona 30 Second Timeout.,18,12,6,22,0.6667084956145828,0.6667084956145828,Fairfield,Iona,3,4,NA,283422217,2008-12-07
61,1,10:09,1809,1809,Warren Edney made Two Point Jumper.,20,12,8,20,0.7178390539980349,0.7178390539980349,Fairfield,Iona,3,4,NA,283422217,2008-12-07
62,1,9:49,1789,1789,Scott Machado missed Two Point Jumper.,20,12,8,0,0.719570420011865,0.719570420011865,Fairfield,Iona,3,4,NA,283422217,2008-12-07
63,1,9:49,1789,1789,Iona Offensive Rebound.,20,12,8,6,0.719570420011865,0.719570420011865,Fairfield,Iona,3,4,NA,283422217,2008-12-07
64,1,9:43,1783,1783,Devon Clarke made Two Point Layup.,20,14,6,21,0.6701117873850428,0.6701117873850428,Fairfield,Iona,3,4,NA,283422217,2008-12-07
65,1,9:22,1762,1762,Anthony Johnson made Two Point Layup.  Assisted by Greg Nero.,22,14,8,31,0.7219322936709841,0.7219322936709841,Fairfield,Iona,3,4,NA,283422217,2008-12-07
66,1,8:51,1731,1731,Devon Clarke missed Two Point Layup.,22,14,8,0,0.7246896343974039,0.7246896343974039,Fairfield,Iona,3,4,NA,283422217,2008-12-07
67,1,8:51,1731,1731,Anthony Johnson Defensive Rebound.,22,14,8,36,0.7246896343974039,0.7246896343974039,Fairfield,Iona,3,4,NA,283422217,2008-12-07
68,1,8:15,1695,1695,Anthony Johnson missed Three Point Jumper.,22,14,8,0,0.7279698232632904,0.7279698232632904,Fairfield,Iona,3,4,NA,283422217,2008-12-07
69,1,8:15,1695,1695,Iona Defensive Rebound.,22,14,8,16,0.7279698232632904,0.7279698232632904,Fairfield,Iona,3,4,NA,283422217,2008-12-07
70,1,7:59,1679,1679,Jermel Jenkins missed Three Point Jumper.,22,14,8,0,0.7294446410355339,0.7294446410355339,Fairfield,Iona,3,4,NA,283422217,2008-12-07
71,1,7:59,1679,1679,Sean Crawford Defensive Rebound.,22,14,8,8,0.7294446410355339,0.7294446410355339,Fairfield,Iona,3,4,NA,283422217,2008-12-07
72,1,7:51,1671,1671,Jonathan Han missed Three Point Jumper.,22,14,8,0,0.7301686426663356,0.7301686426663356,Fairfield,Iona,3,4,NA,283422217,2008-12-07
73,1,7:51,1671,1671,Devon Clarke Defensive Rebound.,22,14,8,18,0.7301686426663356,0.7301686426663356,Fairfield,Iona,3,4,NA,283422217,2008-12-07
74,1,7:33,1653,1653,Foul on Rashon Dwight,22,14,8,0,0.7317670141948943,0.7317670141948943,Fairfield,Iona,3,4,NA,283422217,2008-12-07
75,1,7:33,1653,1653,Official TV Timeout.,22,14,8,16,0.7317670141948943,0.7317670141948943,Fairfield,Iona,3,4,NA,283422217,2008-12-07
76,1,7:17,1637,1637,Foul on Devon Clarke,22,14,8,0,0.7331590091285285,0.7331590091285285,Fairfield,Iona,3,4,NA,283422217,2008-12-07
77,1,7:17,1637,1637,Sean Crawford made Free Throw.,23,14,9,0,0.7571373049558976,0.7571373049558976,Fairfield,Iona,3,4,NA,283422217,2008-12-07
78,1,7:17,1637,1637,Sean Crawford made Free Throw.,24,14,10,16,0.7796086241733547,0.7796086241733547,Fairfield,Iona,3,4,NA,283422217,2008-12-07
79,1,7:01,1621,1621,Jonathan Huffman made Two Point Layup.,24,16,8,0,0.7345314756838383,0.7345314756838383,Fairfield,Iona,3,4,NA,283422217,2008-12-07
80,1,7:01,1621,1621,Foul on Warren Edney,24,16,8,0,0.7345314756838383,0.7345314756838383,Fairfield,Iona,3,4,NA,283422217,2008-12-07
81,1,7:01,1621,1621,Jonathan Huffman made Free Throw.,24,17,7,31,0.7089973666470599,0.7089973666470599,Fairfield,Iona,3,4,NA,283422217,2008-12-07
82,1,6:30,1590,1590,Sean Crawford missed Three Point Jumper.,24,17,7,0,0.7114342007632034,0.7114342007632034,Fairfield,Iona,3,4,NA,283422217,2008-12-07
83,1,6:30,1590,1590,Yorel Hawkins Offensive Rebound.,24,17,7,3,0.7114342007632034,0.7114342007632034,Fairfield,Iona,3,4,NA,283422217,2008-12-07
84,1,6:27,1587,1587,Jonathan Han made Three Point Jumper.  Assisted by Yorel Hawkins.,27,17,10,10,0.7842697865957593,0.7842697865957593,Fairfield,Iona,3,4,NA,283422217,2008-12-07
85,1,6:17,1577,1577,Mike Evanovich Steal.,27,17,10,3,0.7851949446396241,0.7851949446396241,Fairfield,Iona,3,4,NA,283422217,2008-12-07
86,1,6:14,1574,1574,Yorel Hawkins made Two Point Layup.  Assisted by Jonathan Han.,29,17,12,5,0.8259826968065767,0.8259826968065767,Fairfield,Iona,3,4,NA,283422217,2008-12-07
87,1,6:09,1569,1569,Iona 30 Second Timeout.,29,17,12,12,0.8264571021701547,0.8264571021701547,Fairfield,Iona,2,4,NA,283422217,2008-12-07
88,1,5:57,1557,1557,Devon Clarke made Two Point Dunk Shot.  Assisted by Kashif Pratt.,29,19,10,10,0.7870529312364681,0.7870529312364681,Fairfield,Iona,2,4,NA,283422217,2008-12-07
89,1,5:47,1547,1547,Yorel Hawkins made Two Point Layup.  Assisted by Sean Crawford.,31,19,12,0,0.828554560543512,0.828554560543512,Fairfield,Iona,2,4,NA,283422217,2008-12-07
90,1,5:47,1547,1547,Foul on Milan Prodanovic,31,19,12,0,0.828554560543512,0.828554560543512,Fairfield,Iona,2,4,NA,283422217,2008-12-07
91,1,5:47,1547,1547,Yorel Hawkins missed Free Throw.,31,19,12,0,0.828554560543512,0.828554560543512,Fairfield,Iona,2,4,NA,283422217,2008-12-07
92,1,5:47,1547,1547,Rashon Dwight Defensive Rebound.,31,19,12,21,0.828554560543512,0.828554560543512,Fairfield,Iona,2,4,NA,283422217,2008-12-07
93,1,5:26,1526,1526,Devon Clarke made Two Point Layup.  Assisted by Jermel Jenkins.,31,21,10,15,0.7899815954602584,0.7899815954602584,Fairfield,Iona,2,4,NA,283422217,2008-12-07
94,1,5:11,1511,1511,Jonathan Han missed Three Point Jumper.,31,21,10,0,0.7914331188761408,0.7914331188761408,Fairfield,Iona,2,4,NA,283422217,2008-12-07
95,1,5:11,1511,1511,Devon Clarke Defensive Rebound.,31,21,10,17,0.7914331188761408,0.7914331188761408,Fairfield,Iona,2,4,NA,283422217,2008-12-07
96,1,4:54,1494,1494,Foul on Mike Evanovich,31,21,10,0,0.7931148998409306,0.7931148998409306,Fairfield,Iona,2,4,NA,283422217,2008-12-07
97,1,4:54,1494,1494,Devon Clarke made Free Throw.,31,22,9,0,0.770197031246345,0.770197031246345,Fairfield,Iona,2,4,NA,283422217,2008-12-07
98,1,4:54,1494,1494,Devon Clarke missed Free Throw.,31,22,9,0,0.770197031246345,0.770197031246345,Fairfield,Iona,2,4,NA,283422217,2008-12-07
99,1,4:54,1494,1494,Rashon Dwight Offensive Rebound.,31,22,9,14,0.770197031246345,0.770197031246345,Fairfield,Iona,2,4,NA,283422217,2008-12-07
100,1,4:40,1480,1480,Foul on Herbie Allen,31,22,9,0,0.7715758826971392,0.7715758826971392,Fairfield,Iona,2,4,NA,283422217,2008-12-07
101,1,4:40,1480,1480,Devon Clarke made Free Throw.,31,23,8,0,0.7468690784529353,0.7468690784529353,Fairfield,Iona,2,4,NA,283422217,2008-12-07
102,1,4:40,1480,1480,Devon Clarke made Free Throw.,31,24,7,16,0.7204581247953952,0.7204581247953952,Fairfield,Iona,2,4,NA,283422217,2008-12-07
103,1,4:24,1464,1464,Herbie Allen missed Three Point Jumper.,31,24,7,0,0.7218996191226553,0.7218996191226553,Fairfield,Iona,2,4,NA,283422217,2008-12-07
104,1,4:24,1464,1464,Yorel Hawkins Offensive Rebound.,31,24,7,22,0.7218996191226553,0.7218996191226553,Fairfield,Iona,2,4,NA,283422217,2008-12-07
105,1,4:02,1442,1442,Kashif Pratt made Two Point Jumper.,31,26,5,17,0.6656719082430862,0.6656719082430862,Fairfield,Iona,2,4,NA,283422217,2008-12-07
106,1,3:45,1425,1425,Official TV Timeout.,31,26,5,11,0.6669028698314224,0.6669028698314224,Fairfield,Iona,2,4,NA,283422217,2008-12-07
107,1,3:34,1414,1414,Anthony Johnson Steal.,31,26,5,12,0.6676789433786084,0.6676789433786084,Fairfield,Iona,2,4,NA,283422217,2008-12-07
108,1,3:22,1402,1402,Warren Edney missed Three Point Jumper.,31,26,5,0,0.6685113416854602,0.6685113416854602,Fairfield,Iona,2,4,NA,283422217,2008-12-07
109,1,3:22,1402,1402,Anthony Johnson Offensive Rebound.,31,26,5,2,0.6685113416854602,0.6685113416854602,Fairfield,Iona,2,4,NA,283422217,2008-12-07
110,1,3:20,1400,1400,Anthony Johnson made Free Throw.,32,26,6,0,0.6989907734755948,0.6989907734755948,Fairfield,Iona,2,4,NA,283422217,2008-12-07
111,1,3:20,1400,1400,Anthony Johnson made Free Throw.,33,26,7,30,0.7276857830855252,0.7276857830855252,Fairfield,Iona,2,4,NA,283422217,2008-12-07
112,1,2:50,1370,1370,Foul on Derek Wolfley,33,26,7,2,0.7302341353076652,0.7302341353076652,Fairfield,Iona,2,4,NA,283422217,2008-12-07
113,1,2:48,1368,1368,Anthony Johnson missed Two Point Jumper.,33,26,7,0,0.7304026647966165,0.7304026647966165,Fairfield,Iona,2,4,NA,283422217,2008-12-07
114,1,2:48,1368,1368,Devon Clarke Defensive Rebound.,33,26,7,0,0.7304026647966165,0.7304026647966165,Fairfield,Iona,2,4,NA,283422217,2008-12-07
115,1,2:48,1368,1368,Foul on Yorel Hawkins,33,26,7,0,0.7304026647966165,0.7304026647966165,Fairfield,Iona,2,4,NA,283422217,2008-12-07
116,1,2:48,1368,1368,Devon Clarke made Free Throw.,33,27,6,0,0.7014653623860821,0.7014653623860821,Fairfield,Iona,2,4,NA,283422217,2008-12-07
117,1,2:48,1368,1368,Devon Clarke made Free Throw.,33,28,5,26,0.6708218768934906,0.6708218768934906,Fairfield,Iona,2,4,NA,283422217,2008-12-07
118,1,2:22,1342,1342,Foul on Kashif Pratt,33,28,5,4,0.6725817917141237,0.6725817917141237,Fairfield,Iona,2,4,NA,283422217,2008-12-07
119,1,2:18,1338,1338,Foul on Kashif Pratt,33,28,5,0,0.6728547823547187,0.6728547823547187,Fairfield,Iona,2,4,NA,283422217,2008-12-07
120,1,2:18,1338,1338,Jonathan Han made Two Point Jumper.,35,28,7,14,0.7329370683332334,0.7329370683332334,Fairfield,Iona,2,4,NA,283422217,2008-12-07
121,1,2:04,1324,1324,Mike Evanovich missed Three Point Jumper.,35,28,7,0,0.7341365346377325,0.7341365346377325,Fairfield,Iona,2,4,NA,283422217,2008-12-07
122,1,2:04,1324,1324,Trinity Fields Defensive Rebound.,35,28,7,0,0.7341365346377325,0.7341365346377325,Fairfield,Iona,2,4,NA,283422217,2008-12-07
123,1,2:04,1324,1324,Foul on Herbie Allen,35,28,7,0,0.7341365346377325,0.7341365346377325,Fairfield,Iona,2,4,NA,283422217,2008-12-07
124,1,2:04,1324,1324,Scott Machado missed Free Throw.,35,28,7,0,0.7341365346377325,0.7341365346377325,Fairfield,Iona,2,4,NA,283422217,2008-12-07
125,1,2:04,1324,1324,Warren Edney Defensive Rebound.,35,28,7,8,0.7341365346377325,0.7341365346377325,Fairfield,Iona,2,4,NA,283422217,2008-12-07
126,1,1:56,1316,1316,Foul on Milan Prodanovic,35,28,7,0,0.73483075145104515,0.73483075145104515,Fairfield,Iona,2,4,NA,283422217,2008-12-07
127,1,1:56,1316,1316,Foul on Milan Prodanovic,35,28,7,0,0.73483075145104515,0.73483075145104515,Fairfield,Iona,2,4,NA,283422217,2008-12-07
128,1,1:56,1316,1316,Technical Foul on Milan Prodanovic,35,28,7,0,0.73483075145104515,0.73483075145104515,Fairfield,Iona,2,4,NA,283422217,2008-12-07
129,1,1:56,1316,1316,Jonathan Han missed Free Throw.,35,28,7,0,0.73483075145104515,0.73483075145104515,Fairfield,Iona,2,4,NA,283422217,2008-12-07
130,1,1:56,1316,1316,null,35,28,7,0,0.73483075145104515,0.73483075145104515,Fairfield,Iona,2,4,NA,283422217,2008-12-07
131,1,1:56,1316,1316,Mike Evanovich made Free Throw.,36,28,8,0,0.7622187000589619,0.7622187000589619,Fairfield,Iona,2,4,NA,283422217,2008-12-07
132,1,1:56,1316,1316,Jonathan Han made Free Throw.,37,28,9,0,0.7875955491545092,0.7875955491545092,Fairfield,Iona,2,4,NA,283422217,2008-12-07
133,1,1:56,1316,1316,Mike Evanovich made Free Throw.,38,28,10,20,0.8109358727166359,0.8109358727166359,Fairfield,Iona,2,4,NA,283422217,2008-12-07
134,1,1:36,1296,1296,Devon Clarke made Free Throw.,38,29,9,0,0.7895510411647632,0.7895510411647632,Fairfield,Iona,2,4,NA,283422217,2008-12-07
135,1,1:36,1296,1296,Foul on Warren Edney,38,29,9,0,0.7895510411647632,0.7895510411647632,Fairfield,Iona,2,4,NA,283422217,2008-12-07
136,1,1:36,1296,1296,Devon Clarke made Free Throw.,38,30,8,14,0.7641030945295582,0.7641030945295582,Fairfield,Iona,2,4,NA,283422217,2008-12-07
137,1,1:22,1282,1282,Jonathan Han missed Three Point Jumper.,38,30,8,0,0.7654643325901321,0.7654643325901321,Fairfield,Iona,2,4,NA,283422217,2008-12-07
138,1,1:22,1282,1282,Devon Clarke Defensive Rebound.,38,30,8,14,0.7654643325901321,0.7654643325901321,Fairfield,Iona,2,4,NA,283422217,2008-12-07
139,1,1:08,1268,1268,Devon Clarke missed Two Point Jumper.,38,30,8,0,0.7668685654573639,0.7668685654573639,Fairfield,Iona,2,4,NA,283422217,2008-12-07
140,1,1:08,1268,1268,Iona Offensive Rebound.,38,30,8,6,0.7668685654573639,0.7668685654573639,Fairfield,Iona,2,4,NA,283422217,2008-12-07
141,1,1:02,1262,1262,Iona Offensive Rebound.,38,30,8,0,0.7674853000961425,0.7674853000961425,Fairfield,Iona,2,4,NA,283422217,2008-12-07
142,1,1:02,1262,1262,Iona Offensive Rebound.,38,30,8,8,0.7674853000961425,0.7674853000961425,Fairfield,Iona,2,4,NA,283422217,2008-12-07
143,1,0:54,1254,1254,Jonathan Huffman missed Two Point Jumper.,38,30,8,0,0.7683228682664459,0.7683228682664459,Fairfield,Iona,2,4,NA,283422217,2008-12-07
144,1,0:54,1254,1254,Jonathan Huffman Offensive Rebound.,38,30,8,3,0.7683228682664459,0.7683228682664459,Fairfield,Iona,2,4,NA,283422217,2008-12-07
145,1,0:51,1251,1251,Jonathan Huffman missed Two Point Jumper.,38,30,8,0,0.7686416859057387,0.7686416859057387,Fairfield,Iona,2,4,NA,283422217,2008-12-07
146,1,0:51,1251,1251,Ryan Olander Defensive Rebound.,38,30,8,12,0.7686416859057387,0.7686416859057387,Fairfield,Iona,2,4,NA,283422217,2008-12-07
147,1,0:39,1239,1239,Herbie Allen missed Three Point Jumper.,38,30,8,0,0.7699444634715304,0.7699444634715304,Fairfield,Iona,2,4,NA,283422217,2008-12-07
148,1,0:39,1239,1239,Kashif Pratt Defensive Rebound.,38,30,8,3,0.7699444634715304,0.7699444634715304,Fairfield,Iona,2,4,NA,283422217,2008-12-07
149,1,0:36,1236,1236,Foul on Yorel Hawkins,38,30,8,0,0.7702773649019546,0.7702773649019546,Fairfield,Iona,2,4,NA,283422217,2008-12-07
150,1,0:36,1236,1236,Kashif Pratt made Free Throw.,38,31,7,0,0.7424311861494856,0.7424311861494856,Fairfield,Iona,2,4,NA,283422217,2008-12-07
151,1,0:36,1236,1236,Kashif Pratt missed Free Throw.,38,31,7,0,0.7424311861494856,0.7424311861494856,Fairfield,Iona,2,4,NA,283422217,2008-12-07
152,1,0:36,1236,1236,Greg Nero Defensive Rebound.,38,31,7,36,0.7424311861494856,0.7424311861494856,Fairfield,Iona,2,4,NA,283422217,2008-12-07
153,1,0:00,1200,1200,Greg Nero missed Two Point Layup.,38,31,7,0,0.7464201950257411,0.7464201950257411,Fairfield,Iona,2,4,NA,283422217,2008-12-07
154,1,0:00,1200,1200,Greg Nero Offensive Rebound.,38,31,7,0,0.7464201950257411,0.7464201950257411,Fairfield,Iona,2,4,NA,283422217,2008-12-07
155,1,0:00,1200,1200,Yorel Hawkins made Two Point Layup.,40,31,9,0,0.8002839754918194,0.8002839754918194,Fairfield,Iona,2,4,NA,283422217,2008-12-07
156,1,0:00,1200,1200,End of the 1st Half.,38,31,7,0,0.7464201950257411,0.7464201950257411,Fairfield,Iona,2,4,NA,283422217,2008-12-07
157,2,20:00,1200,1200,PLAY,38,31,7,12,0.7464201950257411,0.7464201950257411,Fairfield,Iona,3,4,NA,283422217,2008-12-07
158,2,19:48,1188,1188,Jonathan Huffman missed Three Point Jumper.,40,31,9,0,0.8017213298451011,0.8017213298451011,Fairfield,Iona,3,4,NA,283422217,2008-12-07
159,2,19:48,1188,1188,Iona Offensive Rebound.,40,31,9,3,0.8017213298451011,0.8017213298451011,Fairfield,Iona,3,4,NA,283422217,2008-12-07
160,2,19:45,1185,1185,Foul on Anthony Johnson,40,31,9,0,0.8020748408304956,0.8020748408304956,Fairfield,Iona,3,4,NA,283422217,2008-12-07
161,2,19:45,1185,1185,Alejo Rodriguez made Free Throw.,40,32,8,0,0.7762306253779878,0.7762306253779878,Fairfield,Iona,3,4,NA,283422217,2008-12-07
162,2,19:45,1185,1185,Alejo Rodriguez missed Free Throw.,40,32,8,0,0.7762306253779878,0.7762306253779878,Fairfield,Iona,3,4,NA,283422217,2008-12-07
163,2,19:45,1185,1185,Iona Offensive Rebound.,40,32,8,10,0.7762306253779878,0.7762306253779878,Fairfield,Iona,3,4,NA,283422217,2008-12-07
164,2,19:35,1175,1175,Jonathan Huffman made Two Point Jumper.,40,34,6,26,0.7186496853798265,0.7186496853798265,Fairfield,Iona,3,4,NA,283422217,2008-12-07
165,2,19:09,1149,1149,Foul on Alejo Rodriguez,40,34,6,1,0.7211694179792126,0.7211694179792126,Fairfield,Iona,3,4,NA,283422217,2008-12-07
166,2,19:08,1148,1148,Foul on Scott Machado,40,34,6,2,0.7212652169361211,0.7212652169361211,Fairfield,Iona,3,4,NA,283422217,2008-12-07
167,2,19:06,1146,1146,Warren Edney missed Two Point Jumper.,40,34,6,0,0.721456663853357,0.721456663853357,Fairfield,Iona,3,4,NA,283422217,2008-12-07
168,2,19:06,1146,1146,Jonathan Huffman Defensive Rebound.,40,34,6,8,0.721456663853357,0.721456663853357,Fairfield,Iona,3,4,NA,283422217,2008-12-07
169,2,18:58,1138,1138,Kashif Pratt made Three Point Jumper.  Assisted by Jonathan Huffman.,40,37,3,9,0.617217016219744,0.617217016219744,Fairfield,Iona,3,4,NA,283422217,2008-12-07
170,2,18:49,1129,1129,Jonathan Han made Three Point Jumper.,43,37,6,48,0.7230793831725605,0.7230793831725605,Fairfield,Iona,3,4,NA,283422217,2008-12-07
171,2,18:01,1081,1081,Kashif Pratt Steal.,43,37,6,0,0.727730129695696,0.727730129695696,Fairfield,Iona,3,4,NA,283422217,2008-12-07
172,2,18:01,1081,1081,Foul on Greg Nero,43,37,6,14,0.727730129695696,0.727730129695696,Fairfield,Iona,3,4,NA,283422217,2008-12-07
173,2,17:47,1067,1067,Jonathan Huffman made Three Point Jumper.  Assisted by Milan Prodanovic.,43,40,3,34,0.6213159470489006,0.6213159470489006,Fairfield,Iona,3,4,NA,283422217,2008-12-07
174,2,17:13,1033,1033,Jonathan Han missed Three Point Jumper.,43,40,3,0,0.6234759938471366,0.6234759938471366,Fairfield,Iona,3,4,NA,283422217,2008-12-07
175,2,17:13,1033,1033,Anthony Johnson Offensive Rebound.,43,40,3,0,0.6234759938471366,0.6234759938471366,Fairfield,Iona,3,4,NA,283422217,2008-12-07
176,2,17:13,1033,1033,Foul on Kashif Pratt,43,40,3,16,0.6234759938471366,0.6234759938471366,Fairfield,Iona,3,4,NA,283422217,2008-12-07
177,2,16:57,1017,1017,Foul on Alejo Rodriguez,43,40,3,16,0.6245672909907259,0.6245672909907259,Fairfield,Iona,3,4,NA,283422217,2008-12-07
178,2,16:41,1001,1001,Anthony Johnson Steal.,43,40,3,9,0.6257170294951038,0.6257170294951038,Fairfield,Iona,3,4,NA,283422217,2008-12-07
179,2,16:32,992,992,Greg Nero made Two Point Jumper.,45,40,5,21,0.7029288991819863,0.7029288991819863,Fairfield,Iona,3,4,NA,283422217,2008-12-07
180,2,16:11,971,971,Warren Edney Steal.,45,40,5,4,0.7054005186090041,0.7054005186090041,Fairfield,Iona,3,4,NA,283422217,2008-12-07
181,2,16:07,967,967,Foul on Kashif Pratt,45,40,5,0,0.7058874724740836,0.7058874724740836,Fairfield,Iona,3,4,NA,283422217,2008-12-07
182,2,16:07,967,967,Warren Edney made Free Throw.,46,40,6,0,0.740888577792426,0.740888577792426,Fairfield,Iona,3,4,NA,283422217,2008-12-07
183,2,16:07,967,967,Warren Edney made Free Throw.,47,40,7,13,0.7730634658183405,0.7730634658183405,Fairfield,Iona,3,4,NA,283422217,2008-12-07
184,2,15:54,954,954,Foul on Warren Edney,47,40,7,0,0.7748431000679895,0.7748431000679895,Fairfield,Iona,3,4,NA,283422217,2008-12-07
185,2,15:54,954,954,Official TV Timeout.,47,40,7,3,0.7748431000679895,0.7748431000679895,Fairfield,Iona,3,4,NA,283422217,2008-12-07
186,2,15:51,951,951,Rashon Dwight made Free Throw.,47,41,6,0,0.7429267631135756,0.7429267631135756,Fairfield,Iona,3,4,NA,283422217,2008-12-07
187,2,15:51,951,951,Rashon Dwight missed Free Throw.,47,41,6,0,0.7429267631135756,0.7429267631135756,Fairfield,Iona,3,4,NA,283422217,2008-12-07
188,2,15:51,951,951,Anthony Johnson Defensive Rebound.,47,41,6,14,0.7429267631135756,0.7429267631135756,Fairfield,Iona,3,4,NA,283422217,2008-12-07
189,2,15:37,937,937,Herbie Allen missed Two Point Jumper.,47,41,6,0,0.7445679620351575,0.7445679620351575,Fairfield,Iona,3,4,NA,283422217,2008-12-07
190,2,15:37,937,937,Milan Prodanovic Defensive Rebound.,47,41,6,6,0.7445679620351575,0.7445679620351575,Fairfield,Iona,3,4,NA,283422217,2008-12-07
191,2,15:31,931,931,Scott Machado missed Two Point Layup.,47,41,6,0,0.7452377039285368,0.7452377039285368,Fairfield,Iona,3,4,NA,283422217,2008-12-07
192,2,15:31,931,931,Rashon Dwight Offensive Rebound.,47,41,6,3,0.7452377039285368,0.7452377039285368,Fairfield,Iona,3,4,NA,283422217,2008-12-07
193,2,15:28,928,928,Rashon Dwight made Two Point Layup.,47,43,4,25,0.6718875930102038,0.6718875930102038,Fairfield,Iona,3,4,NA,283422217,2008-12-07
194,2,15:03,903,903,Greg Nero made Two Point Dunk Shot.  Assisted by Yorel Hawkins.,49,43,6,31,0.7481689171465139,0.7481689171465139,Fairfield,Iona,3,4,NA,283422217,2008-12-07
195,2,14:32,872,872,Anthony Johnson made Two Point Dunk Shot.  Assisted by Jonathan Han.,51,43,8,22,0.8135956184628858,0.8135956184628858,Fairfield,Iona,3,4,NA,283422217,2008-12-07
196,2,14:10,850,850,Milan Prodanovic missed Three Point Jumper.,51,43,8,0,0.8159627105392493,0.8159627105392493,Fairfield,Iona,3,4,NA,283422217,2008-12-07
197,2,14:10,850,850,Fairfield Defensive Rebound.,51,43,8,20,0.8159627105392493,0.8159627105392493,Fairfield,Iona,3,4,NA,283422217,2008-12-07
198,2,13:50,830,830,Jonathan Han made Two Point Jumper.  Assisted by Herbie Allen.,53,43,10,4,0.8676603149270753,0.8676603149270753,Fairfield,Iona,3,4,NA,283422217,2008-12-07
199,2,13:46,826,826,Iona 30 Second Timeout.,53,43,10,18,0.8681142609851848,0.8681142609851848,Fairfield,Iona,2,4,NA,283422217,2008-12-07
200,2,13:28,808,808,Scott Machado made Three Point Jumper.  Assisted by Milan Prodanovic.,53,46,7,16,0.7912077618503848,0.7912077618503848,Fairfield,Iona,2,4,NA,283422217,2008-12-07
201,2,13:12,792,792,Herbie Allen made Two Point Jumper.,55,46,9,25,0.8493268685373087,0.8493268685373087,Fairfield,Iona,2,4,NA,283422217,2008-12-07
202,2,12:47,767,767,Foul on Anthony Johnson,55,46,9,0,0.8530256136438418,0.8530256136438418,Fairfield,Iona,2,4,NA,283422217,2008-12-07
203,2,12:47,767,767,Iona Offensive Rebound.,55,46,9,0,0.8530256136438418,0.8530256136438418,Fairfield,Iona,2,4,NA,283422217,2008-12-07
204,2,12:47,767,767,Devon Clarke missed Free Throw.,55,46,9,0,0.8530256136438418,0.8530256136438418,Fairfield,Iona,2,4,NA,283422217,2008-12-07
205,2,12:47,767,767,Devon Clarke made Free Throw.,55,47,8,0,0.8268033012528431,0.8268033012528431,Fairfield,Iona,2,4,NA,283422217,2008-12-07
206,2,12:47,767,767,Foul on Yorel Hawkins,55,47,8,36,0.8268033012528431,0.8268033012528431,Fairfield,Iona,2,4,NA,283422217,2008-12-07
207,2,12:11,731,731,Jermel Jenkins made Two Point Layup.,55,49,6,27,0.7697112300448731,0.7697112300448731,Fairfield,Iona,2,4,NA,283422217,2008-12-07
208,2,11:44,704,704,Official TV Timeout.,55,49,6,11,0.7744044429861351,0.7744044429861351,Fairfield,Iona,2,4,NA,283422217,2008-12-07
209,2,11:33,693,693,Sean Crawford made Two Point Jumper.,57,49,8,0,0.8398768843361593,0.8398768843361593,Fairfield,Iona,2,4,NA,283422217,2008-12-07
210,2,11:33,693,693,Foul on Kashif Pratt,57,49,8,0,0.8398768843361593,0.8398768843361593,Fairfield,Iona,2,4,NA,283422217,2008-12-07
211,2,11:33,693,693,Sean Crawford made Free Throw.,58,49,9,23,0.8658178519291224,0.8658178519291224,Fairfield,Iona,2,4,NA,283422217,2008-12-07
212,2,11:10,670,670,Devon Clarke missed Two Point Layup.,58,49,9,0,0.8690748718659363,0.8690748718659363,Fairfield,Iona,2,4,NA,283422217,2008-12-07
213,2,11:10,670,670,Derek Wolfley Offensive Rebound.,58,49,9,2,0.8690748718659363,0.8690748718659363,Fairfield,Iona,2,4,NA,283422217,2008-12-07
214,2,11:08,668,668,Derek Wolfley missed Two Point Layup.,58,49,9,0,0.8693479432343577,0.8693479432343577,Fairfield,Iona,2,4,NA,283422217,2008-12-07
215,2,11:08,668,668,Greg Nero Defensive Rebound.,58,49,9,2,0.8693479432343577,0.8693479432343577,Fairfield,Iona,2,4,NA,283422217,2008-12-07
216,2,11:06,666,666,Team Technical Foul,58,49,9,0,0.8696202298763359,0.8696202298763359,Fairfield,Iona,2,4,NA,283422217,2008-12-07
217,2,11:06,666,666,Sean Crawford made Free Throw.,59,49,10,0,0.8917217758675473,0.8917217758675473,Fairfield,Iona,2,4,NA,283422217,2008-12-07
218,2,11:06,666,666,Sean Crawford made Free Throw.,60,49,11,21,0.910462495132165,0.910462495132165,Fairfield,Iona,2,4,NA,283422217,2008-12-07
219,2,10:45,645,645,Anthony Johnson missed Two Point Jumper.,60,49,11,0,0.9129643911354909,0.9129643911354909,Fairfield,Iona,2,4,NA,283422217,2008-12-07
220,2,10:45,645,645,Jermel Jenkins Defensive Rebound.,60,49,11,26,0.9129643911354909,0.9129643911354909,Fairfield,Iona,2,4,NA,283422217,2008-12-07
221,2,10:19,619,619,Kashif Pratt missed Three Point Jumper.,60,49,11,0,0.9162170384244102,0.9162170384244102,Fairfield,Iona,2,4,NA,283422217,2008-12-07
222,2,10:19,619,619,Anthony Johnson Defensive Rebound.,60,49,11,2,0.9162170384244102,0.9162170384244102,Fairfield,Iona,2,4,NA,283422217,2008-12-07
223,2,10:17,617,617,Sean Crawford missed Two Point Layup.,60,49,11,0,0.9164821812633732,0.9164821812633732,Fairfield,Iona,2,4,NA,283422217,2008-12-07
224,2,10:17,617,617,Iona Defensive Rebound.,60,49,11,19,0.9164821812633732,0.9164821812633732,Fairfield,Iona,2,4,NA,283422217,2008-12-07
225,2,9:58,598,598,Foul on Anthony Johnson,60,49,11,0,0.9191550790340565,0.9191550790340565,Fairfield,Iona,2,4,NA,283422217,2008-12-07
226,2,9:58,598,598,Trinity Fields made Free Throw.,60,50,10,0,0.9011376172691005,0.9011376172691005,Fairfield,Iona,2,4,NA,283422217,2008-12-07
227,2,9:58,598,598,Trinity Fields made Free Throw.,60,51,9,15,0.879630553234552,0.879630553234552,Fairfield,Iona,2,4,NA,283422217,2008-12-07
228,2,9:43,583,583,Herbie Allen missed Three Point Jumper.,60,51,9,0,0.8823766835310634,0.8823766835310634,Fairfield,Iona,2,4,NA,283422217,2008-12-07
229,2,9:43,583,583,Jermel Jenkins Defensive Rebound.,60,51,9,10,0.8823766835310634,0.8823766835310634,Fairfield,Iona,2,4,NA,283422217,2008-12-07
230,2,9:33,573,573,Foul on Greg Nero,60,51,9,0,0.8843800786977208,0.8843800786977208,Fairfield,Iona,2,4,NA,283422217,2008-12-07
231,2,9:33,573,573,Devon Clarke made Free Throw.,60,52,8,0,0.8591822250913058,0.8591822250913058,Fairfield,Iona,2,4,NA,283422217,2008-12-07
232,2,9:33,573,573,Devon Clarke made Free Throw.,60,53,7,13,0.8295512268346996,0.8295512268346996,Fairfield,Iona,2,4,NA,283422217,2008-12-07
233,2,9:20,560,560,Sean Crawford missed Three Point Jumper.,60,53,7,0,0.8326115442451002,0.8326115442451002,Fairfield,Iona,2,4,NA,283422217,2008-12-07
234,2,9:20,560,560,Jonathan Huffman Defensive Rebound.,60,53,7,10,0.8326115442451002,0.8326115442451002,Fairfield,Iona,2,4,NA,283422217,2008-12-07
235,2,9:10,550,550,Kashif Pratt missed Three Point Jumper.,60,53,7,0,0.8351889288925823,0.8351889288925823,Fairfield,Iona,2,4,NA,283422217,2008-12-07
236,2,9:10,550,550,Sean Crawford Defensive Rebound.,60,53,7,23,0.8351889288925823,0.8351889288925823,Fairfield,Iona,2,4,NA,283422217,2008-12-07
237,2,8:47,527,527,Jermel Jenkins Steal.,60,53,7,6,0.8405365042191612,0.8405365042191612,Fairfield,Iona,2,4,NA,283422217,2008-12-07
238,2,8:41,521,521,Jonathan Huffman missed Three Point Jumper.,60,53,7,0,0.8417327637713251,0.8417327637713251,Fairfield,Iona,2,4,NA,283422217,2008-12-07
239,2,8:41,521,521,Devon Clarke Offensive Rebound.,60,53,7,4,0.8417327637713251,0.8417327637713251,Fairfield,Iona,2,4,NA,283422217,2008-12-07
240,2,8:37,517,517,Foul on Sean Crawford,60,53,7,0,0.8425020275421029,0.8425020275421029,Fairfield,Iona,2,4,NA,283422217,2008-12-07
241,2,8:37,517,517,Devon Clarke made Free Throw.,60,54,6,0,0.8080512804782928,0.8080512804782928,Fairfield,Iona,2,4,NA,283422217,2008-12-07
242,2,8:37,517,517,Devon Clarke made Free Throw.,60,55,5,15,0.7681387164189005,0.7681387164189005,Fairfield,Iona,2,4,NA,283422217,2008-12-07
243,2,8:22,502,502,Warren Edney made Two Point Jumper.,62,55,7,17,0.8452749726346043,0.8452749726346043,Fairfield,Iona,2,4,NA,283422217,2008-12-07
244,2,8:05,485,485,Foul on Herbie Allen,62,55,7,0,0.848440253941332,0.848440253941332,Fairfield,Iona,2,4,NA,283422217,2008-12-07
245,2,8:05,485,485,Trinity Fields made Free Throw.,62,56,6,0,0.8140221191293274,0.8140221191293274,Fairfield,Iona,2,4,NA,283422217,2008-12-07
246,2,8:05,485,485,Trinity Fields made Free Throw.,62,57,5,7,0.7738710467014668,0.7738710467014668,Fairfield,Iona,2,4,NA,283422217,2008-12-07
247,2,7:58,478,478,Jonathan Han made Two Point Layup.,64,57,7,24,0.8498262140948147,0.8498262140948147,Fairfield,Iona,2,4,NA,283422217,2008-12-07
248,2,7:34,454,454,Mike Evanovich Steal.,64,57,7,3,0.8553259015802127,0.8553259015802127,Fairfield,Iona,2,4,NA,283422217,2008-12-07
249,2,7:31,451,451,Warren Edney made Two Point Dunk Shot.,66,57,9,14,0.9082958452552183,0.9082958452552183,Fairfield,Iona,2,4,NA,283422217,2008-12-07
250,2,7:17,437,437,Trinity Fields missed Three Point Jumper.,66,57,9,0,0.9118571961086869,0.9118571961086869,Fairfield,Iona,2,4,NA,283422217,2008-12-07
251,2,7:17,437,437,Greg Nero Defensive Rebound.,66,57,9,12,0.9118571961086869,0.9118571961086869,Fairfield,Iona,2,4,NA,283422217,2008-12-07
252,2,7:05,425,425,Foul on Rashon Dwight,66,57,9,0,0.9153049640220688,0.9153049640220688,Fairfield,Iona,2,4,NA,283422217,2008-12-07
253,2,7:05,425,425,Official TV Timeout.,66,57,9,0,0.9153049640220688,0.9153049640220688,Fairfield,Iona,2,4,NA,283422217,2008-12-07
254,2,7:05,425,425,Greg Nero missed Free Throw.,66,57,9,0,0.9153049640220688,0.9153049640220688,Fairfield,Iona,2,4,NA,283422217,2008-12-07
255,2,7:05,425,425,null,66,57,9,0,0.9153049640220688,0.9153049640220688,Fairfield,Iona,2,4,NA,283422217,2008-12-07
256,2,7:05,425,425,Greg Nero made Free Throw.,67,57,10,10,0.933681532907632,0.933681532907632,Fairfield,Iona,2,4,NA,283422217,2008-12-07
257,2,6:55,415,415,Jermel Jenkins made Two Point Layup.,67,59,8,16,0.8953906815434464,0.8953906815434464,Fairfield,Iona,2,4,NA,283422217,2008-12-07
258,2,6:39,399,399,Warren Edney made Two Point Jumper.,69,59,10,34,0.93951339448237,0.93951339448237,Fairfield,Iona,2,4,NA,283422217,2008-12-07
259,2,6:05,365,365,Kashif Pratt made Two Point Jumper.,69,61,8,24,0.9086618981849499,0.9086618981849499,Fairfield,Iona,2,4,NA,283422217,2008-12-07
260,2,5:41,341,341,Greg Nero made Two Point Layup.,71,61,10,21,0.9517789331714492,0.9517789331714492,Fairfield,Iona,2,4,NA,283422217,2008-12-07
261,2,5:20,320,320,Kashif Pratt missed Two Point Jumper.,71,61,10,0,0.9571185535744469,0.9571185535744469,Fairfield,Iona,2,4,NA,283422217,2008-12-07
262,2,5:20,320,320,Warren Edney Defensive Rebound.,71,61,10,8,0.9571185535744469,0.9571185535744469,Fairfield,Iona,2,4,NA,283422217,2008-12-07
263,2,5:12,312,312,Mike Evanovich missed Three Point Jumper.,71,61,10,0,0.9593313804594257,0.9593313804594257,Fairfield,Iona,2,4,NA,283422217,2008-12-07
264,2,5:12,312,312,Devon Clarke Defensive Rebound.,71,61,10,28,0.9593313804594257,0.9593313804594257,Fairfield,Iona,2,4,NA,283422217,2008-12-07
265,2,4:44,284,284,Devon Clarke made Two Point Jumper.,71,63,8,0,0.9306914482086421,0.9306914482086421,Fairfield,Iona,2,4,NA,283422217,2008-12-07
266,2,4:44,284,284,Foul on Greg Nero,71,63,8,0,0.9306914482086421,0.9306914482086421,Fairfield,Iona,2,4,NA,283422217,2008-12-07
267,2,4:44,284,284,Devon Clarke missed Free Throw.,71,63,8,0,0.9306914482086421,0.9306914482086421,Fairfield,Iona,2,4,NA,283422217,2008-12-07
268,2,4:44,284,284,Herbie Allen Defensive Rebound.,71,63,8,30,0.9306914482086421,0.9306914482086421,Fairfield,Iona,2,4,NA,283422217,2008-12-07
269,2,4:14,254,254,Scott Machado Steal.,71,63,8,4,0.9266763535238076,0.9266763535238076,Fairfield,Iona,2,4,NA,283422217,2008-12-07
270,2,4:10,250,250,Rashon Dwight made Two Point Layup.,71,65,6,31,0.8694714568118904,0.8694714568118904,Fairfield,Iona,2,4,NA,283422217,2008-12-07
271,2,3:39,219,219,Herbie Allen missed Two Point Jumper.,71,65,6,0,0.8711499207365495,0.8711499207365495,Fairfield,Iona,2,4,NA,283422217,2008-12-07
272,2,3:39,219,219,Devon Clarke Defensive Rebound.,71,65,6,0,0.8711499207365495,0.8711499207365495,Fairfield,Iona,2,4,NA,283422217,2008-12-07
273,2,3:39,219,219,Foul on Anthony Johnson,71,65,6,0,0.8711499207365495,0.8711499207365495,Fairfield,Iona,2,4,NA,283422217,2008-12-07
274,2,3:39,219,219,Official TV Timeout.,71,65,6,2,0.8711499207365495,0.8711499207365495,Fairfield,Iona,2,4,NA,283422217,2008-12-07
275,2,3:37,217,217,Devon Clarke made Free Throw.,71,66,5,0,0.8318104780320454,0.8318104780320454,Fairfield,Iona,2,4,NA,283422217,2008-12-07
276,2,3:37,217,217,Devon Clarke made Free Throw.,71,67,4,28,0.7822472357926172,0.7822472357926172,Fairfield,Iona,2,4,NA,283422217,2008-12-07
277,2,3:09,189,189,Herbie Allen missed Three Point Jumper.,71,67,4,0,0.8065182385751074,0.8065182385751074,Fairfield,Iona,2,4,NA,283422217,2008-12-07
278,2,3:09,189,189,Warren Edney Offensive Rebound.,71,67,4,16,0.8065182385751074,0.8065182385751074,Fairfield,Iona,2,4,NA,283422217,2008-12-07
279,2,2:53,173,173,Foul on Devon Clarke,71,67,4,0,0.8267754484977691,0.8267754484977691,Fairfield,Iona,2,4,NA,283422217,2008-12-07
280,2,2:53,173,173,Greg Nero missed Free Throw.,71,67,4,0,0.8267754484977691,0.8267754484977691,Fairfield,Iona,2,4,NA,283422217,2008-12-07
281,2,2:53,173,173,null,71,67,4,0,0.8267754484977691,0.8267754484977691,Fairfield,Iona,2,4,NA,283422217,2008-12-07
282,2,2:53,173,173,Greg Nero missed Free Throw.,71,67,4,0,0.8267754484977691,0.8267754484977691,Fairfield,Iona,2,4,NA,283422217,2008-12-07
283,2,2:53,173,173,Kashif Pratt Defensive Rebound.,71,67,4,22,0.8267754484977691,0.8267754484977691,Fairfield,Iona,2,4,NA,283422217,2008-12-07
284,2,2:31,151,151,Foul on Jonathan Han,71,67,4,0,0.8540004157116051,0.8540004157116051,Fairfield,Iona,2,4,NA,283422217,2008-12-07
285,2,2:31,151,151,Scott Machado made Free Throw.,71,68,3,0,0.7899702218737857,0.7899702218737857,Fairfield,Iona,2,4,NA,283422217,2008-12-07
286,2,2:31,151,151,Scott Machado missed Free Throw.,71,68,3,0,0.7899702218737857,0.7899702218737857,Fairfield,Iona,2,4,NA,283422217,2008-12-07
287,2,2:31,151,151,Greg Nero Defensive Rebound.,71,68,3,29,0.7899702218737857,0.7899702218737857,Fairfield,Iona,2,4,NA,283422217,2008-12-07
288,2,2:02,122,122,Jonathan Han missed Three Point Jumper.,71,68,3,0,0.8282778897350767,0.8282778897350767,Fairfield,Iona,2,4,NA,283422217,2008-12-07
289,2,2:02,122,122,Warren Edney Offensive Rebound.,71,68,3,3,0.8282778897350767,0.8282778897350767,Fairfield,Iona,2,4,NA,283422217,2008-12-07
290,2,1:59,119,119,Foul on Kashif Pratt,71,68,3,0,0.8325199589119695,0.8325199589119695,Fairfield,Iona,2,4,NA,283422217,2008-12-07
291,2,1:59,119,119,Warren Edney missed Free Throw.,71,68,3,0,0.8325199589119695,0.8325199589119695,Fairfield,Iona,2,4,NA,283422217,2008-12-07
292,2,1:59,119,119,null,71,68,3,0,0.8325199589119695,0.8325199589119695,Fairfield,Iona,2,4,NA,283422217,2008-12-07
293,2,1:59,119,119,Warren Edney missed Free Throw.,71,68,3,0,0.8325199589119695,0.8325199589119695,Fairfield,Iona,2,4,NA,283422217,2008-12-07
294,2,1:59,119,119,Scott Machado Defensive Rebound.,71,68,3,1,0.8325199589119695,0.8325199589119695,Fairfield,Iona,2,4,NA,283422217,2008-12-07
295,2,1:58,118,118,Scott Machado made Two Point Layup.,71,70,1,26,0.6313353810369734,0.6313353810369734,Fairfield,Iona,2,4,NA,283422217,2008-12-07
296,2,1:32,92,92,Jonathan Han made Free Throw.,72,70,2,8,0.7828078086985532,0.7828078086985532,Fairfield,Iona,2,4,NA,283422217,2008-12-07
297,2,1:24,84,84,Jonathan Han made Two Point Layup.,74,70,4,0,0.9375205692861291,0.9375205692861291,Fairfield,Iona,2,4,NA,283422217,2008-12-07
298,2,1:24,84,84,Foul on Milan Prodanovic,74,70,4,14,0.9375205692861291,0.9375205692861291,Fairfield,Iona,2,4,NA,283422217,2008-12-07
299,2,1:10,70,70,Rashon Dwight made Two Point Layup.,74,72,2,0,0.8159698691036334,0.8159698691036334,Fairfield,Iona,2,4,NA,283422217,2008-12-07
300,2,1:10,70,70,Fairfield 30 Second Timeout.,74,72,2,24,0.8159698691036334,0.8159698691036334,Fairfield,Iona,2,3,NA,283422217,2008-12-07
301,2,0:46,46,46,Foul on Scott Machado,74,72,2,0,0.8518188381895048,0.8518188381895048,Fairfield,Iona,2,3,NA,283422217,2008-12-07
302,2,0:46,46,46,Jonathan Han missed Free Throw.,74,72,2,0,0.8518188381895048,0.8518188381895048,Fairfield,Iona,2,3,NA,283422217,2008-12-07
303,2,0:46,46,46,null,74,72,2,0,0.8518188381895048,0.8518188381895048,Fairfield,Iona,2,3,NA,283422217,2008-12-07
304,2,0:46,46,46,Jonathan Han made Free Throw.,75,72,3,0,0.9323529326173147,0.9323529326173147,Fairfield,Iona,2,3,NA,283422217,2008-12-07
305,2,0:46,46,46,Fairfield 30 Second Timeout.,75,72,3,17,0.9323529326173147,0.9323529326173147,Fairfield,Iona,2,2,NA,283422217,2008-12-07
306,2,0:29,29,29,Foul on Yorel Hawkins,75,72,3,0,0.9494535830121873,0.9494535830121873,Fairfield,Iona,2,2,NA,283422217,2008-12-07
307,2,0:29,29,29,Rashon Dwight missed Free Throw.,75,72,3,0,0.9494535830121873,0.9494535830121873,Fairfield,Iona,2,2,NA,283422217,2008-12-07
308,2,0:29,29,29,null,75,72,3,0,0.9494535830121873,0.9494535830121873,Fairfield,Iona,2,2,NA,283422217,2008-12-07
309,2,0:29,29,29,Rashon Dwight made Free Throw.,75,73,2,6,0.8760266316386648,0.8760266316386648,Fairfield,Iona,2,2,NA,283422217,2008-12-07
310,2,0:23,23,23,Iona Full Timeout.,75,73,2,3,0.884110487845532,0.884110487845532,Fairfield,Iona,1,2,NA,283422217,2008-12-07
311,2,0:20,20,20,Rashon Dwight missed Two Point Layup.,75,73,2,0,0.8880646474908184,0.8880646474908184,Fairfield,Iona,1,2,NA,283422217,2008-12-07
312,2,0:20,20,20,Anthony Johnson Defensive Rebound.,75,73,2,7,0.8880646474908184,0.8880646474908184,Fairfield,Iona,1,2,NA,283422217,2008-12-07
313,2,0:13,13,13,Jonathan Huffman made Three Point Jumper.  Assisted by Scott Machado.,75,76,-1,9,0.2529382952860352,0.2529382952860352,Fairfield,Iona,1,2,NA,283422217,2008-12-07
314,2,0:04,4,4,Warren Edney made Three Point Jumper.  Assisted by Jonathan Han.,78,76,2,4,0.9083592012774075,0.9083592012774075,Fairfield,Iona,1,2,NA,283422217,2008-12-07
315,2,0:00,0,0,End Game,78,76,2,0,1,1,Fairfield,Iona,1,2,NA,283422217,2008-12-07
