game_id,date,home,away,play_id,half,time_remaining_half,secs_remaining,secs_remaining_absolute,description,home_score,away_score,score_diff,play_length,win_prob,naive_win_prob,home_time_out_remaining,away_time_out_remaining,home_favored_by,shot_x,shot_y,shot_team,shot_outcome,shooter,assist,three_pt,free_throw,possession_before,possession_after
400989725,2018-02-03,Loyola Chicago,Missouri State,1,1,20:00:00,2400,2400,PLAY,0,0,0,0,0.5,0.5,4,4,NA,NA,NA,NA,NA,NA,NA,NA,NA,NA,Missouri State
400989725,2018-02-03,Loyola Chicago,Missouri State,2,1,19:45:00,2385,2385,Mustafa Lawrence Turnover.,0,0,0,15,0.5,0.5,4,4,NA,NA,NA,NA,NA,NA,NA,NA,NA,Missouri State,Loyola Chicago
400989725,2018-02-03,Loyola Chicago,Missouri State,3,1,19:23:00,2363,2363,Cameron Krutwig missed Layup.,0,0,0,22,0.5,0.5,4,4,NA,NA,NA,Loyola Chicago,missed,Cameron Krutwig,NA,FALSE,FALSE,Loyola Chicago,Loyola Chicago
400989725,2018-02-03,Loyola Chicago,Missouri State,4,1,19:23:00,2363,2363,Cameron Krutwig Offensive Rebound.,0,0,0,0,0.5,0.5,4,4,NA,NA,NA,NA,NA,NA,NA,NA,NA,Loyola Chicago,Loyola Chicago
400989725,2018-02-03,Loyola Chicago,Missouri State,5,1,19:06:00,2346,2346,Marques Townes missed Layup.,0,0,0,17,0.5,0.5,4,4,NA,NA,NA,Loyola Chicago,missed,Marques Townes,NA,FALSE,FALSE,Loyola Chicago,Loyola Chicago
400989725,2018-02-03,Loyola Chicago,Missouri State,6,1,19:06:00,2346,2346,Obediah Church Block.,0,0,0,0,0.5,0.5,4,4,NA,NA,NA,NA,NA,NA,NA,NA,NA,Loyola Chicago,Loyola Chicago
400989725,2018-02-03,Loyola Chicago,Missouri State,7,1,19:04:00,2344,2344,Cameron Krutwig Offensive Rebound.,0,0,0,2,0.5,0.5,4,4,NA,NA,NA,NA,NA,NA,NA,NA,NA,Loyola Chicago,Loyola Chicago
400989725,2018-02-03,Loyola Chicago,Missouri State,8,1,19:02:00,2342,2342,Cameron Krutwig made Layup.,2,0,2,2,0.5452642352579568,0.5452642352579568,4,4,NA,NA,NA,Loyola Chicago,made,Cameron Krutwig,NA,FALSE,FALSE,Loyola Chicago,Missouri State
400989725,2018-02-03,Loyola Chicago,Missouri State,9,1,18:49:00,2329,2329,Foul on Cameron Krutwig.,2,0,2,13,0.5455478180458078,0.5455478180458078,4,4,NA,NA,NA,NA,NA,NA,NA,NA,NA,Missouri State,Missouri State
400989725,2018-02-03,Loyola Chicago,Missouri State,10,1,18:33:00,2313,2313,Mustafa Lawrence made Three Point Jumper. Assisted by Alize Johnson.,2,3,-1,16,0.4770016653934843,0.4770016653934843,4,4,NA,NA,NA,Missouri State,made,Mustafa Lawrence,Alize Johnson,TRUE,FALSE,Missouri State,Loyola Chicago
400989725,2018-02-03,Loyola Chicago,Missouri State,11,1,18:06:00,2286,2286,Clayton Custer missed Three Point Jumper.,2,3,-1,27,0.4766998354859127,0.4766998354859127,4,4,NA,NA,NA,Loyola Chicago,missed,Clayton Custer,NA,TRUE,FALSE,Loyola Chicago,Loyola Chicago
400989725,2018-02-03,Loyola Chicago,Missouri State,12,1,18:06:00,2286,2286,Donte Ingram Offensive Rebound.,2,3,-1,0,0.4766998354859127,0.4766998354859127,4,4,NA,NA,NA,NA,NA,NA,NA,NA,NA,Loyola Chicago,Loyola Chicago
400989725,2018-02-03,Loyola Chicago,Missouri State,13,1,17:59:00,2279,2279,Ben Richardson made Three Point Jumper. Assisted by Donte Ingram.,5,3,2,7,0.5466560252495682,0.5466560252495682,4,4,NA,NA,NA,Loyola Chicago,made,Ben Richardson,Donte Ingram,TRUE,FALSE,Loyola Chicago,Missouri State
400989725,2018-02-03,Loyola Chicago,Missouri State,14,1,17:36:00,2256,2256,Obediah Church made Jumper.,5,5,0,23,0.5,0.5,4,4,NA,NA,NA,Missouri State,made,Obediah Church,NA,FALSE,FALSE,Missouri State,Loyola Chicago
400989725,2018-02-03,Loyola Chicago,Missouri State,15,1,17:17:00,2237,2237,Cameron Krutwig made Layup. Assisted by Donte Ingram.,7,5,2,19,0.5476048335078287,0.5476048335078287,4,4,NA,NA,NA,Loyola Chicago,made,Cameron Krutwig,Donte Ingram,FALSE,FALSE,Loyola Chicago,Missouri State
400989725,2018-02-03,Loyola Chicago,Missouri State,16,1,17:17:00,2237,2237,Foul on Obediah Church.,7,5,2,0,0.5476048335078287,0.5476048335078287,4,4,NA,NA,NA,NA,NA,NA,NA,NA,NA,Loyola Chicago,Missouri State
400989725,2018-02-03,Loyola Chicago,Missouri State,17,1,17:17:00,2237,2237,Cameron Krutwig made Free Throw.,8,5,3,0,0.5711382736497409,0.5711382736497409,4,4,NA,NA,NA,Loyola Chicago,made,Cameron Krutwig,NA,FALSE,TRUE,Loyola Chicago,Missouri State
400989725,2018-02-03,Loyola Chicago,Missouri State,18,1,17:01:00,2221,2221,Alize Johnson missed Jumper.,8,5,3,16,0.5716793653183907,0.5716793653183907,4,4,NA,NA,NA,Missouri State,missed,Alize Johnson,NA,FALSE,FALSE,Missouri State,Loyola Chicago
400989725,2018-02-03,Loyola Chicago,Missouri State,19,1,17:01:00,2221,2221,Marques Townes Defensive Rebound.,8,5,3,0,0.5716793653183907,0.5716793653183907,4,4,NA,NA,NA,NA,NA,NA,NA,NA,NA,Missouri State,Loyola Chicago
400989725,2018-02-03,Loyola Chicago,Missouri State,20,1,16:50:00,2210,2210,Foul on Obediah Church.,8,5,3,11,0.5720526697042271,0.5720526697042271,4,4,NA,NA,NA,NA,NA,NA,NA,NA,NA,Loyola Chicago,Loyola Chicago
400989725,2018-02-03,Loyola Chicago,Missouri State,21,1,16:42:00,2202,2202,Foul on Mustafa Lawrence.,8,5,3,8,0.5723247616780326,0.5723247616780326,4,4,NA,NA,NA,NA,NA,NA,NA,NA,NA,Loyola Chicago,Missouri State
400989725,2018-02-03,Loyola Chicago,Missouri State,22,1,16:42:00,2202,2202,Clayton Custer made Free Throw.,9,5,4,0,0.5959111106401285,0.5959111106401285,4,4,NA,NA,NA,Loyola Chicago,made,Clayton Custer,NA,FALSE,TRUE,Loyola Chicago,Loyola Chicago
400989725,2018-02-03,Loyola Chicago,Missouri State,23,1,16:42:00,2202,2202,Clayton Custer missed Free Throw.,9,5,4,0,0.5959111106401285,0.5959111106401285,4,4,NA,NA,NA,Loyola Chicago,missed,Clayton Custer,NA,FALSE,TRUE,Loyola Chicago,Missouri State
400989725,2018-02-03,Loyola Chicago,Missouri State,24,1,16:42:00,2202,2202,J.T. Miller Defensive Rebound.,9,5,4,0,0.5959111106401285,0.5959111106401285,4,4,NA,NA,NA,NA,NA,NA,NA,NA,NA,Loyola Chicago,Missouri State
400989725,2018-02-03,Loyola Chicago,Missouri State,25,1,16:35:00,2195,2195,Foul on Clayton Custer.,9,5,4,7,0.596223883198557,0.596223883198557,4,4,NA,NA,NA,NA,NA,NA,NA,NA,NA,Missouri State,Loyola Chicago
400989725,2018-02-03,Loyola Chicago,Missouri State,26,1,16:35:00,2195,2195,J.T. Miller made Free Throw.,9,6,3,0,0.5725632195630992,0.5725632195630992,4,4,NA,NA,NA,Missouri State,made,J.T. Miller,NA,FALSE,TRUE,Missouri State,Missouri State
400989725,2018-02-03,Loyola Chicago,Missouri State,27,1,16:35:00,2195,2195,J.T. Miller missed Free Throw.,9,6,3,0,0.5725632195630992,0.5725632195630992,4,4,NA,NA,NA,Missouri State,missed,J.T. Miller,NA,FALSE,TRUE,Missouri State,Loyola Chicago
400989725,2018-02-03,Loyola Chicago,Missouri State,28,1,16:35:00,2195,2195,Donte Ingram Defensive Rebound.,9,6,3,0,0.5725632195630992,0.5725632195630992,4,4,NA,NA,NA,NA,NA,NA,NA,NA,NA,Missouri State,Loyola Chicago
400989725,2018-02-03,Loyola Chicago,Missouri State,29,1,16:24:00,2184,2184,Clayton Custer made Three Point Jumper. Assisted by Ben Richardson.,12,6,6,11,0.6428375629226952,0.6428375629226952,4,4,NA,NA,NA,Loyola Chicago,made,Clayton Custer,Ben Richardson,TRUE,FALSE,Loyola Chicago,Missouri State
400989725,2018-02-03,Loyola Chicago,Missouri State,30,1,16:06:00,2166,2166,Mustafa Lawrence made Three Point Jumper. Assisted by Jarred Dixon.,12,9,3,18,0.5735543170849603,0.5735543170849603,4,4,NA,NA,NA,Missouri State,made,Mustafa Lawrence,Jarred Dixon,TRUE,FALSE,Missouri State,Loyola Chicago
400989725,2018-02-03,Loyola Chicago,Missouri State,31,1,15:43:00,2143,2143,Donte Ingram missed Jumper.,12,9,3,23,0.5743454431978595,0.5743454431978595,4,4,NA,NA,NA,Loyola Chicago,missed,Donte Ingram,NA,FALSE,FALSE,Loyola Chicago,Missouri State
400989725,2018-02-03,Loyola Chicago,Missouri State,32,1,15:43:00,2143,2143,Alize Johnson Defensive Rebound.,12,9,3,0,0.5743454431978595,0.5743454431978595,4,4,NA,NA,NA,NA,NA,NA,NA,NA,NA,Loyola Chicago,Missouri State
400989725,2018-02-03,Loyola Chicago,Missouri State,33,1,15:29:00,2129,2129,Alize Johnson missed Three Point Jumper.,12,9,3,14,0.5748299713663794,0.5748299713663794,4,4,NA,NA,NA,Missouri State,missed,Alize Johnson,NA,TRUE,FALSE,Missouri State,Loyola Chicago
400989725,2018-02-03,Loyola Chicago,Missouri State,34,1,15:29:00,2129,2129,Donte Ingram Defensive Rebound.,12,9,3,0,0.5748299713663794,0.5748299713663794,4,4,NA,NA,NA,NA,NA,NA,NA,NA,NA,Missouri State,Loyola Chicago
400989725,2018-02-03,Loyola Chicago,Missouri State,35,1,15:17:00,2117,2117,Ben Richardson made Three Point Jumper. Assisted by Clayton Custer.,15,9,6,12,0.6471614003291432,0.6471614003291432,4,4,NA,NA,NA,Loyola Chicago,made,Ben Richardson,Clayton Custer,TRUE,FALSE,Loyola Chicago,Missouri State
400989725,2018-02-03,Loyola Chicago,Missouri State,36,1,14:45:00,2085,2085,Alize Johnson made Jumper. Assisted by Jarred Dixon.,15,11,4,32,0.6012112014885441,0.6012112014885441,4,4,NA,NA,NA,Missouri State,made,Alize Johnson,Jarred Dixon,FALSE,FALSE,Missouri State,Loyola Chicago
400989725,2018-02-03,Loyola Chicago,Missouri State,37,1,14:24:00,2064,2064,Aundre Jackson made Layup. Assisted by Donte Ingram.,17,11,6,21,0.6506434662449186,0.6506434662449186,4,4,NA,NA,NA,Loyola Chicago,made,Aundre Jackson,Donte Ingram,FALSE,FALSE,Loyola Chicago,Missouri State
400989725,2018-02-03,Loyola Chicago,Missouri State,38,1,14:12:00,2052,2052,Foul on Donte Ingram.,17,11,6,12,0.6514409769240147,0.6514409769240147,4,4,NA,NA,NA,NA,NA,NA,NA,NA,NA,Missouri State,Missouri State
400989725,2018-02-03,Loyola Chicago,Missouri State,39,1,14:12:00,2052,2052,Official TV Timeout,17,11,6,0,0.6514409769240147,0.6514409769240147,4,4,NA,NA,NA,NA,NA,NA,NA,NA,NA,Missouri State,Missouri State
400989725,2018-02-03,Loyola Chicago,Missouri State,40,1,14:12:00,2052,2052,Alize Johnson missed Free Throw.,17,11,6,0,0.6514409769240147,0.6514409769240147,4,4,NA,NA,NA,Missouri State,missed,Alize Johnson,NA,FALSE,TRUE,Missouri State,Missouri State
400989725,2018-02-03,Loyola Chicago,Missouri State,41,1,14:12:00,2052,2052,Missouri State Deadball Team Rebound.,17,11,6,0,0.6514409769240147,0.6514409769240147,4,4,NA,NA,NA,NA,NA,NA,NA,NA,NA,Missouri State,Missouri State
400989725,2018-02-03,Loyola Chicago,Missouri State,42,1,14:12:00,2052,2052,Alize Johnson missed Free Throw.,17,11,6,0,0.6514409769240147,0.6514409769240147,4,4,NA,NA,NA,Missouri State,missed,Alize Johnson,NA,FALSE,TRUE,Missouri State,Missouri State
400989725,2018-02-03,Loyola Chicago,Missouri State,43,1,14:12:00,2052,2052,Aundre Jackson Defensive Rebound.,17,11,6,0,0.6514409769240147,0.6514409769240147,4,4,NA,NA,NA,NA,NA,NA,NA,NA,NA,Missouri State,Missouri State
400989725,2018-02-03,Loyola Chicago,Missouri State,44,1,13:48:00,2028,2028,Ben Richardson made Three Point Jumper. Assisted by Cameron Satterwhite.,20,11,9,24,0.7208518080223547,0.7208518080223547,4,4,NA,NA,NA,Loyola Chicago,made,Ben Richardson,Cameron Satterwhite,TRUE,FALSE,Loyola Chicago,Missouri State
400989725,2018-02-03,Loyola Chicago,Missouri State,45,1,13:23:00,2003,2003,Mustafa Lawrence missed Three Point Jumper.,20,11,9,25,0.7231001325407261,0.7231001325407261,4,4,NA,NA,NA,Missouri State,missed,Mustafa Lawrence,NA,TRUE,FALSE,Missouri State,Loyola Chicago
400989725,2018-02-03,Loyola Chicago,Missouri State,46,1,13:23:00,2003,2003,Cameron Satterwhite Defensive Rebound.,20,11,9,0,0.7231001325407261,0.7231001325407261,4,4,NA,NA,NA,NA,NA,NA,NA,NA,NA,Missouri State,Loyola Chicago
400989725,2018-02-03,Loyola Chicago,Missouri State,47,1,13:15:00,1995,1995,Aundre Jackson made Layup. Assisted by Cameron Satterwhite.,22,11,11,8,0.7645195476687947,0.7645195476687947,4,4,NA,NA,NA,Loyola Chicago,made,Aundre Jackson,Cameron Satterwhite,FALSE,FALSE,Loyola Chicago,Missouri State
400989725,2018-02-03,Loyola Chicago,Missouri State,48,1,13:13:00,1993,1993,Missouri State  Timeout,22,11,11,2,0.7647188928762518,0.7647188928762518,3,4,NA,NA,NA,NA,NA,NA,NA,NA,NA,Missouri State,Missouri State
400989725,2018-02-03,Loyola Chicago,Missouri State,49,1,12:54:00,1974,1974,Jarred Dixon made Layup.,22,13,9,19,0.7257313608271743,0.7257313608271743,3,4,NA,NA,NA,Missouri State,made,Jarred Dixon,NA,FALSE,FALSE,Missouri State,Loyola Chicago
400989725,2018-02-03,Loyola Chicago,Missouri State,50,1,12:37:00,1957,1957,Donte Ingram Turnover.,22,13,9,17,0.7272862048629144,0.7272862048629144,3,4,NA,NA,NA,NA,NA,NA,NA,NA,NA,Loyola Chicago,Missouri State
400989725,2018-02-03,Loyola Chicago,Missouri State,51,1,12:25:00,1945,1945,Alize Johnson made Three Point Jumper. Assisted by Jarrid Rhodes.,22,16,6,12,0.6587311186438692,0.6587311186438692,3,4,NA,NA,NA,Missouri State,made,Alize Johnson,Jarrid Rhodes,TRUE,FALSE,Missouri State,Loyola Chicago
400989725,2018-02-03,Loyola Chicago,Missouri State,52,1,11:53:00,1913,1913,Clayton Custer made Layup. Assisted by Cameron Satterwhite.,24,16,8,32,0.7089292806445184,0.7089292806445184,3,4,NA,NA,NA,Loyola Chicago,made,Clayton Custer,Cameron Satterwhite,FALSE,FALSE,Loyola Chicago,Missouri State
400989725,2018-02-03,Loyola Chicago,Missouri State,53,1,11:42:00,1902,1902,Jarrid Rhodes missed Three Point Jumper.,24,16,8,11,0.7098737706211611,0.7098737706211611,3,4,NA,NA,NA,Missouri State,missed,Jarrid Rhodes,NA,TRUE,FALSE,Missouri State,Loyola Chicago
400989725,2018-02-03,Loyola Chicago,Missouri State,54,1,11:42:00,1902,1902,Clayton Custer Defensive Rebound.,24,16,8,0,0.7098737706211611,0.7098737706211611,3,4,NA,NA,NA,NA,NA,NA,NA,NA,NA,Missouri State,Loyola Chicago
400989725,2018-02-03,Loyola Chicago,Missouri State,55,1,11:22:00,1882,1882,Cameron Krutwig Turnover.,24,16,8,20,0.7115859568767073,0.7115859568767073,3,4,NA,NA,NA,NA,NA,NA,NA,NA,NA,Loyola Chicago,Missouri State
400989725,2018-02-03,Loyola Chicago,Missouri State,56,1,11:22:00,1882,1882,Official TV Timeout,24,16,8,0,0.7115859568767073,0.7115859568767073,3,4,NA,NA,NA,NA,NA,NA,NA,NA,NA,Missouri State,Missouri State
400989725,2018-02-03,Loyola Chicago,Missouri State,57,1,11:10:00,1870,1870,Ross Owens Turnover.,24,16,8,12,0.7126115272352419,0.7126115272352419,3,4,NA,NA,NA,NA,NA,NA,NA,NA,NA,Missouri State,Loyola Chicago
400989725,2018-02-03,Loyola Chicago,Missouri State,58,1,10:49:00,1849,1849,Cameron Krutwig missed Layup.,24,16,8,21,0.7144062064320809,0.7144062064320809,3,4,NA,NA,NA,Loyola Chicago,missed,Cameron Krutwig,NA,FALSE,FALSE,Loyola Chicago,Missouri State
400989725,2018-02-03,Loyola Chicago,Missouri State,59,1,10:49:00,1849,1849,Alize Johnson Defensive Rebound.,24,16,8,0,0.7144062064320809,0.7144062064320809,3,4,NA,NA,NA,NA,NA,NA,NA,NA,NA,Loyola Chicago,Missouri State
400989725,2018-02-03,Loyola Chicago,Missouri State,60,1,10:43:00,1843,1843,Ross Owens Turnover.,24,16,8,6,0.714919478895125,0.714919478895125,3,4,NA,NA,NA,NA,NA,NA,NA,NA,NA,Missouri State,Loyola Chicago
400989725,2018-02-03,Loyola Chicago,Missouri State,61,1,10:42:00,1842,1842,Lucas Williamson Steal.,24,16,8,1,0.7150050623195691,0.7150050623195691,3,4,NA,NA,NA,NA,NA,NA,NA,NA,NA,Loyola Chicago,Loyola Chicago
400989725,2018-02-03,Loyola Chicago,Missouri State,62,1,10:18:00,1818,1818,Foul on Tanveer Bhullar.,24,16,8,24,0.7170638363605676,0.7170638363605676,3,4,NA,NA,NA,NA,NA,NA,NA,NA,NA,Loyola Chicago,Loyola Chicago
400989725,2018-02-03,Loyola Chicago,Missouri State,63,1,10:14:00,1814,1814,Cameron Satterwhite made Jumper. Assisted by Cameron Krutwig.,26,16,10,4,0.7621587485934895,0.7621587485934895,3,4,NA,NA,NA,Loyola Chicago,made,Cameron Satterwhite,Cameron Krutwig,FALSE,FALSE,Loyola Chicago,Missouri State
400989725,2018-02-03,Loyola Chicago,Missouri State,64,1,09:56:00,1796,1796,Mustafa Lawrence made Three Point Jumper. Assisted by Tanveer Bhullar.,26,19,7,18,0.6946411611838633,0.6946411611838633,3,4,NA,NA,NA,Missouri State,made,Mustafa Lawrence,Tanveer Bhullar,TRUE,FALSE,Missouri State,Loyola Chicago
400989725,2018-02-03,Loyola Chicago,Missouri State,65,1,09:37:00,1777,1777,Bruno Skokna made Jumper.,28,19,9,19,0.7438279215881052,0.7438279215881052,3,4,NA,NA,NA,Loyola Chicago,made,Bruno Skokna,NA,FALSE,FALSE,Loyola Chicago,Missouri State
400989725,2018-02-03,Loyola Chicago,Missouri State,66,1,09:25:00,1765,1765,Ronnie Rousseau III made Jumper.,28,21,7,12,0.6971277789005443,0.6971277789005443,3,4,NA,NA,NA,Missouri State,made,Ronnie Rousseau III,NA,FALSE,FALSE,Missouri State,Loyola Chicago
400989725,2018-02-03,Loyola Chicago,Missouri State,67,1,09:00:00,1740,1740,Clayton Custer made Jumper.,30,21,9,25,0.7473036018129505,0.7473036018129505,3,4,NA,NA,NA,Loyola Chicago,made,Clayton Custer,NA,FALSE,FALSE,Loyola Chicago,Missouri State
400989725,2018-02-03,Loyola Chicago,Missouri State,68,1,08:46:00,1726,1726,Tanveer Bhullar Turnover.,30,21,9,14,0.7486385796327523,0.7486385796327523,3,4,NA,NA,NA,NA,NA,NA,NA,NA,NA,Missouri State,Loyola Chicago
400989725,2018-02-03,Loyola Chicago,Missouri State,69,1,08:45:00,1725,1725,Clayton Custer Steal.,30,21,9,1,0.748734412884814,0.748734412884814,3,4,NA,NA,NA,NA,NA,NA,NA,NA,NA,Loyola Chicago,Loyola Chicago
400989725,2018-02-03,Loyola Chicago,Missouri State,70,1,08:43:00,1723,1723,Clayton Custer made Layup.,32,21,11,2,0.7917916889778174,0.7917916889778174,3,4,NA,NA,NA,Loyola Chicago,made,Clayton Custer,NA,FALSE,FALSE,Loyola Chicago,Missouri State
400989725,2018-02-03,Loyola Chicago,Missouri State,71,1,08:28:00,1708,1708,Tanveer Bhullar made Layup. Assisted by Mustafa Lawrence.,32,23,9,15,0.7503740665806828,0.7503740665806828,3,4,NA,NA,NA,Missouri State,made,Tanveer Bhullar,Mustafa Lawrence,FALSE,FALSE,Missouri State,Loyola Chicago
400989725,2018-02-03,Loyola Chicago,Missouri State,72,1,08:04:00,1684,1684,Cameron Krutwig made Layup. Assisted by Cameron Satterwhite.,34,23,11,24,0.7958489842842388,0.7958489842842388,3,4,NA,NA,NA,Loyola Chicago,made,Cameron Krutwig,Cameron Satterwhite,FALSE,FALSE,Loyola Chicago,Missouri State
400989725,2018-02-03,Loyola Chicago,Missouri State,73,1,07:54:00,1674,1674,Mustafa Lawrence made Three Point Jumper. Assisted by Alize Johnson.,34,26,8,10,0.7298982187011925,0.7298982187011925,3,4,NA,NA,NA,Missouri State,made,Mustafa Lawrence,Alize Johnson,TRUE,FALSE,Missouri State,Loyola Chicago
400989725,2018-02-03,Loyola Chicago,Missouri State,74,1,07:52:00,1672,1672,Loyola-Chicago  Timeout,34,26,8,2,0.7300786406651826,0.7300786406651826,3,3,NA,NA,NA,NA,NA,NA,NA,NA,NA,Loyola Chicago,Loyola Chicago
400989725,2018-02-03,Loyola Chicago,Missouri State,75,1,07:30:00,1650,1650,Ben Richardson made Jumper. Assisted by Marques Townes.,36,26,10,22,0.77836816296198,0.77836816296198,3,3,NA,NA,NA,Loyola Chicago,made,Ben Richardson,Marques Townes,FALSE,FALSE,Loyola Chicago,Missouri State
400989725,2018-02-03,Loyola Chicago,Missouri State,76,1,07:03:00,1623,1623,Jarrid Rhodes made Layup. Assisted by Obediah Church.,36,28,8,27,0.7343607397266407,0.7343607397266407,3,3,NA,NA,NA,Missouri State,made,Jarrid Rhodes,Obediah Church,FALSE,FALSE,Missouri State,Loyola Chicago
400989725,2018-02-03,Loyola Chicago,Missouri State,77,1,06:32:00,1592,1592,Clayton Custer missed Three Point Jumper.,36,28,8,31,0.7369924260000547,0.7369924260000547,3,3,NA,NA,NA,Loyola Chicago,missed,Clayton Custer,NA,TRUE,FALSE,Loyola Chicago,Missouri State
400989725,2018-02-03,Loyola Chicago,Missouri State,78,1,06:32:00,1592,1592,Loyola-Chicago Deadball Team Rebound.,36,28,8,0,0.7369924260000547,0.7369924260000547,3,3,NA,NA,NA,NA,NA,NA,NA,NA,NA,Loyola Chicago,Missouri State
400989725,2018-02-03,Loyola Chicago,Missouri State,79,1,06:30:00,1590,1590,Foul on Alize Johnson.,36,28,8,2,0.7371617166734473,0.7371617166734473,3,3,NA,NA,NA,NA,NA,NA,NA,NA,NA,Loyola Chicago,Loyola Chicago
400989725,2018-02-03,Loyola Chicago,Missouri State,80,1,06:19:00,1579,1579,Marques Townes missed Layup.,36,28,8,11,0.7380935258528877,0.7380935258528877,3,3,NA,NA,NA,Loyola Chicago,missed,Marques Townes,NA,FALSE,FALSE,Loyola Chicago,Loyola Chicago
400989725,2018-02-03,Loyola Chicago,Missouri State,81,1,06:19:00,1579,1579,Loyola-Chicago Offensive Rebound.,36,28,8,0,0.7380935258528877,0.7380935258528877,3,3,NA,NA,NA,NA,NA,NA,NA,NA,NA,Loyola Chicago,Loyola Chicago
400989725,2018-02-03,Loyola Chicago,Missouri State,82,1,06:13:00,1573,1573,Marques Townes made Layup.,38,28,10,6,0.7855654540971436,0.7855654540971436,3,3,NA,NA,NA,Loyola Chicago,made,Marques Townes,NA,FALSE,FALSE,Loyola Chicago,Missouri State
400989725,2018-02-03,Loyola Chicago,Missouri State,83,1,06:13:00,1573,1573,Foul on J.T. Miller.,38,28,10,0,0.7855654540971436,0.7855654540971436,3,3,NA,NA,NA,NA,NA,NA,NA,NA,NA,Loyola Chicago,Missouri State
400989725,2018-02-03,Loyola Chicago,Missouri State,84,1,06:13:00,1573,1573,Marques Townes made Free Throw.,39,28,11,0,0.8066268084500137,0.8066268084500137,3,3,NA,NA,NA,Loyola Chicago,made,Marques Townes,NA,FALSE,TRUE,Loyola Chicago,Missouri State
400989725,2018-02-03,Loyola Chicago,Missouri State,85,1,05:54:00,1554,1554,Jarrid Rhodes made Layup.,39,30,9,19,0.7645938368335409,0.7645938368335409,3,3,NA,NA,NA,Missouri State,made,Jarrid Rhodes,NA,FALSE,FALSE,Missouri State,Loyola Chicago
400989725,2018-02-03,Loyola Chicago,Missouri State,86,1,05:47:00,1547,1547,Aundre Jackson made Layup. Assisted by Clayton Custer.,41,30,11,7,0.8090938249773703,0.8090938249773703,3,3,NA,NA,NA,Loyola Chicago,made,Aundre Jackson,Clayton Custer,FALSE,FALSE,Loyola Chicago,Missouri State
400989725,2018-02-03,Loyola Chicago,Missouri State,87,1,05:34:00,1534,1534,J.T. Miller made Layup.,41,32,9,13,0.7664181634620287,0.7664181634620287,3,3,NA,NA,NA,Missouri State,made,J.T. Miller,NA,FALSE,FALSE,Missouri State,Loyola Chicago
400989725,2018-02-03,Loyola Chicago,Missouri State,88,1,05:17:00,1517,1517,Donte Ingram made Three Point Jumper. Assisted by Clayton Custer.,44,32,12,17,0.8314673008628823,0.8314673008628823,3,3,NA,NA,NA,Loyola Chicago,made,Donte Ingram,Clayton Custer,TRUE,FALSE,Loyola Chicago,Missouri State
400989725,2018-02-03,Loyola Chicago,Missouri State,89,1,04:55:00,1495,1495,J.T. Miller missed Layup.,44,32,12,22,0.8336657453917399,0.8336657453917399,3,3,NA,NA,NA,Missouri State,missed,J.T. Miller,NA,FALSE,FALSE,Missouri State,Loyola Chicago
400989725,2018-02-03,Loyola Chicago,Missouri State,90,1,04:55:00,1495,1495,Marques Townes Defensive Rebound.,44,32,12,0,0.8336657453917399,0.8336657453917399,3,3,NA,NA,NA,NA,NA,NA,NA,NA,NA,Missouri State,Loyola Chicago
400989725,2018-02-03,Loyola Chicago,Missouri State,91,1,04:48:00,1488,1488,Clayton Custer made Three Point Jumper. Assisted by Marques Townes.,47,32,15,7,0.8830088755163462,0.8830088755163462,3,3,NA,NA,NA,Loyola Chicago,made,Clayton Custer,Marques Townes,TRUE,FALSE,Loyola Chicago,Missouri State
400989725,2018-02-03,Loyola Chicago,Missouri State,92,1,04:45:00,1485,1485,Missouri State  Timeout,47,32,15,3,0.8832968555642521,0.8832968555642521,2,3,NA,NA,NA,NA,NA,NA,NA,NA,NA,Missouri State,Missouri State
400989725,2018-02-03,Loyola Chicago,Missouri State,93,1,04:29:00,1469,1469,Jarrid Rhodes missed Layup.,47,32,15,16,0.8848537491843322,0.8848537491843322,2,3,NA,NA,NA,Missouri State,missed,Jarrid Rhodes,NA,FALSE,FALSE,Missouri State,Loyola Chicago
400989725,2018-02-03,Loyola Chicago,Missouri State,94,1,04:29:00,1469,1469,Cameron Satterwhite Block.,47,32,15,0,0.8848537491843322,0.8848537491843322,2,3,NA,NA,NA,NA,NA,NA,NA,NA,NA,Missouri State,Loyola Chicago
400989725,2018-02-03,Loyola Chicago,Missouri State,95,1,04:28:00,1468,1468,Cameron Satterwhite Defensive Rebound.,47,32,15,1,0.8849523010099042,0.8849523010099042,2,3,NA,NA,NA,NA,NA,NA,NA,NA,NA,Missouri State,Loyola Chicago
400989725,2018-02-03,Loyola Chicago,Missouri State,96,1,04:22:00,1462,1462,Bruno Skokna made Three Point Jumper. Assisted by Marques Townes.,50,32,18,6,0.9209443956448908,0.9209443956448908,2,3,NA,NA,NA,Loyola Chicago,made,Bruno Skokna,Marques Townes,TRUE,FALSE,Loyola Chicago,Missouri State
400989725,2018-02-03,Loyola Chicago,Missouri State,97,1,04:01:00,1441,1441,Jarred Dixon made Layup.,50,34,16,21,0.9006811460540417,0.9006811460540417,2,3,NA,NA,NA,Missouri State,made,Jarred Dixon,NA,FALSE,FALSE,Missouri State,Loyola Chicago
400989725,2018-02-03,Loyola Chicago,Missouri State,98,1,03:42:00,1422,1422,Aundre Jackson missed Jumper.,50,34,16,19,0.90243190605601,0.90243190605601,2,3,NA,NA,NA,Loyola Chicago,missed,Aundre Jackson,NA,FALSE,FALSE,Loyola Chicago,Missouri State
400989725,2018-02-03,Loyola Chicago,Missouri State,99,1,03:42:00,1422,1422,Alize Johnson Defensive Rebound.,50,34,16,0,0.90243190605601,0.90243190605601,2,3,NA,NA,NA,NA,NA,NA,NA,NA,NA,Loyola Chicago,Missouri State
400989725,2018-02-03,Loyola Chicago,Missouri State,100,1,03:35:00,1415,1415,Alize Johnson Turnover.,50,34,16,7,0.9030558657319462,0.9030558657319462,2,3,NA,NA,NA,NA,NA,NA,NA,NA,NA,Missouri State,Loyola Chicago
400989725,2018-02-03,Loyola Chicago,Missouri State,101,1,03:34:00,1414,1414,Cameron Satterwhite Steal.,50,34,16,1,0.9031441918484268,0.9031441918484268,2,3,NA,NA,NA,NA,NA,NA,NA,NA,NA,Loyola Chicago,Loyola Chicago
400989725,2018-02-03,Loyola Chicago,Missouri State,102,1,03:12:00,1392,1392,Donte Ingram missed Three Point Jumper.,50,34,16,22,0.9050438207126008,0.9050438207126008,2,3,NA,NA,NA,Loyola Chicago,missed,Donte Ingram,NA,TRUE,FALSE,Loyola Chicago,Missouri State
400989725,2018-02-03,Loyola Chicago,Missouri State,103,1,03:12:00,1392,1392,Alize Johnson Defensive Rebound.,50,34,16,0,0.9050438207126008,0.9050438207126008,2,3,NA,NA,NA,NA,NA,NA,NA,NA,NA,Loyola Chicago,Missouri State
400989725,2018-02-03,Loyola Chicago,Missouri State,104,1,03:04:00,1384,1384,Mustafa Lawrence made Three Point Jumper. Assisted by Alize Johnson.,50,37,13,8,0.8627388947261797,0.8627388947261797,2,3,NA,NA,NA,Missouri State,made,Mustafa Lawrence,Alize Johnson,TRUE,FALSE,Missouri State,Loyola Chicago
400989725,2018-02-03,Loyola Chicago,Missouri State,105,1,02:36:00,1356,1356,Donte Ingram missed Jumper.,50,37,13,28,0.8653549687242148,0.8653549687242148,2,3,NA,NA,NA,Loyola Chicago,missed,Donte Ingram,NA,FALSE,FALSE,Loyola Chicago,Missouri State
400989725,2018-02-03,Loyola Chicago,Missouri State,106,1,02:36:00,1356,1356,Alize Johnson Defensive Rebound.,50,37,13,0,0.8653549687242148,0.8653549687242148,2,3,NA,NA,NA,NA,NA,NA,NA,NA,NA,Loyola Chicago,Missouri State
400989725,2018-02-03,Loyola Chicago,Missouri State,107,1,02:20:00,1340,1340,Mustafa Lawrence made Layup.,50,39,11,16,0.829927087207849,0.829927087207849,2,3,NA,NA,NA,Missouri State,made,Mustafa Lawrence,NA,FALSE,FALSE,Missouri State,Loyola Chicago
400989725,2018-02-03,Loyola Chicago,Missouri State,108,1,02:01:00,1321,1321,Marques Townes Turnover.,50,39,11,19,0.831767885515274,0.831767885515274,2,3,NA,NA,NA,NA,NA,NA,NA,NA,NA,Loyola Chicago,Loyola Chicago
400989725,2018-02-03,Loyola Chicago,Missouri State,109,1,02:00:00,1320,1320,Alize Johnson Steal.,50,39,11,1,0.8318656245913886,0.8318656245913886,2,3,NA,NA,NA,NA,NA,NA,NA,NA,NA,Loyola Chicago,Missouri State
400989725,2018-02-03,Loyola Chicago,Missouri State,110,1,01:57:00,1317,1317,J.T. Miller made Layup. Assisted by Alize Johnson.,50,41,9,3,0.7874992992608865,0.7874992992608865,2,3,NA,NA,NA,Missouri State,made,J.T. Miller,Alize Johnson,FALSE,FALSE,Missouri State,Loyola Chicago
400989725,2018-02-03,Loyola Chicago,Missouri State,111,1,01:55:00,1315,1315,Loyola-Chicago  Timeout,50,41,9,2,0.7876919266330281,0.7876919266330281,2,2,NA,NA,NA,NA,NA,NA,NA,NA,NA,Loyola Chicago,Loyola Chicago
400989725,2018-02-03,Loyola Chicago,Missouri State,112,1,01:39:00,1299,1299,Foul on Jarrid Rhodes.,50,41,9,16,0.7892535913496046,0.7892535913496046,2,2,NA,NA,NA,NA,NA,NA,NA,NA,NA,Loyola Chicago,Loyola Chicago
400989725,2018-02-03,Loyola Chicago,Missouri State,113,1,01:39:00,1299,1299,Clayton Custer made Free Throw.,51,41,10,0,0.8126233265844021,0.8126233265844021,2,2,NA,NA,NA,Loyola Chicago,made,Clayton Custer,NA,FALSE,TRUE,Loyola Chicago,Loyola Chicago
400989725,2018-02-03,Loyola Chicago,Missouri State,114,1,01:39:00,1299,1299,Clayton Custer made Free Throw.,52,41,11,0,0.8339468124381758,0.8339468124381758,2,2,NA,NA,NA,Loyola Chicago,made,Clayton Custer,NA,FALSE,TRUE,Loyola Chicago,Missouri State
400989725,2018-02-03,Loyola Chicago,Missouri State,115,1,01:27:00,1287,1287,Foul on Ben Richardson.,52,41,11,12,0.8351667948918389,0.8351667948918389,2,2,NA,NA,NA,NA,NA,NA,NA,NA,NA,Missouri State,Missouri State
400989725,2018-02-03,Loyola Chicago,Missouri State,116,1,01:27:00,1287,1287,Jarrid Rhodes made Free Throw.,52,42,10,0,0.8138433579402603,0.8138433579402603,2,2,NA,NA,NA,Missouri State,made,Jarrid Rhodes,NA,FALSE,TRUE,Missouri State,Missouri State
400989725,2018-02-03,Loyola Chicago,Missouri State,117,1,01:27:00,1287,1287,Jarrid Rhodes made Free Throw.,52,43,9,0,0.7904535544677455,0.7904535544677455,2,2,NA,NA,NA,Missouri State,made,Jarrid Rhodes,NA,FALSE,TRUE,Missouri State,Loyola Chicago
400989725,2018-02-03,Loyola Chicago,Missouri State,118,1,00:59:00,1259,1259,Bruno Skokna missed Three Point Jumper.,52,43,9,28,0.7933772847939284,0.7933772847939284,2,2,NA,NA,NA,Loyola Chicago,missed,Bruno Skokna,NA,TRUE,FALSE,Loyola Chicago,Missouri State
400989725,2018-02-03,Loyola Chicago,Missouri State,119,1,00:59:00,1259,1259,Jarred Dixon Defensive Rebound.,52,43,9,0,0.7933772847939284,0.7933772847939284,2,2,NA,NA,NA,NA,NA,NA,NA,NA,NA,Loyola Chicago,Missouri State
400989725,2018-02-03,Loyola Chicago,Missouri State,120,1,00:41:00,1241,1241,Jarred Dixon missed Three Point Jumper.,52,43,9,18,0.7953691437565844,0.7953691437565844,2,2,NA,NA,NA,Missouri State,missed,Jarred Dixon,NA,TRUE,FALSE,Missouri State,Missouri State
400989725,2018-02-03,Loyola Chicago,Missouri State,121,1,00:41:00,1241,1241,J.T. Miller Offensive Rebound.,52,43,9,0,0.7953691437565844,0.7953691437565844,2,2,NA,NA,NA,NA,NA,NA,NA,NA,NA,Missouri State,Missouri State
400989725,2018-02-03,Loyola Chicago,Missouri State,122,1,00:15:00,1215,1215,Mustafa Lawrence missed Three Point Jumper.,52,43,9,26,0.7984355007066942,0.7984355007066942,2,2,NA,NA,NA,Missouri State,missed,Mustafa Lawrence,NA,TRUE,FALSE,Missouri State,Loyola Chicago
400989725,2018-02-03,Loyola Chicago,Missouri State,123,1,00:15:00,1215,1215,Cameron Krutwig Defensive Rebound.,52,43,9,0,0.7984355007066942,0.7984355007066942,2,2,NA,NA,NA,NA,NA,NA,NA,NA,NA,Missouri State,Loyola Chicago
400989725,2018-02-03,Loyola Chicago,Missouri State,124,1,00:06:00,1206,1206,Ben Richardson Turnover.,52,43,9,9,0.7995497159324508,0.7995497159324508,2,2,NA,NA,NA,NA,NA,NA,NA,NA,NA,Loyola Chicago,Loyola Chicago
400989725,2018-02-03,Loyola Chicago,Missouri State,125,1,00:05:00,1205,1205,Mustafa Lawrence Steal.,52,43,9,1,0.7996728742995112,0.7996728742995112,2,2,NA,NA,NA,NA,NA,NA,NA,NA,NA,Loyola Chicago,Missouri State
400989725,2018-02-03,Loyola Chicago,Missouri State,126,1,00:05:00,1205,1205,Foul on Bruno Skokna.,52,43,9,0,0.7996728742995112,0.7996728742995112,2,2,NA,NA,NA,NA,NA,NA,NA,NA,NA,Loyola Chicago,Missouri State
400989725,2018-02-03,Loyola Chicago,Missouri State,127,1,00:01:00,1201,1201,Jarred Dixon Turnover.,52,43,9,4,0.8001623663834582,0.8001623663834582,2,2,NA,NA,NA,NA,NA,NA,NA,NA,NA,Missouri State,Loyola Chicago
400989725,2018-02-03,Loyola Chicago,Missouri State,128,1,00:01:00,1201,1201,Lucas Williamson Steal.,52,43,9,0,0.8001623663834582,0.8001623663834582,2,2,NA,NA,NA,NA,NA,NA,NA,NA,NA,Missouri State,Loyola Chicago
400989725,2018-02-03,Loyola Chicago,Missouri State,129,1,00:01:00,1201,1201,Cameron Krutwig Turnover.,52,43,9,0,0.8001623663834582,0.8001623663834582,2,2,NA,NA,NA,NA,NA,NA,NA,NA,NA,Missouri State,Loyola Chicago
400989725,2018-02-03,Loyola Chicago,Missouri State,130,1,00:00:00,1200,1200,End of 1st half,52,43,9,1,0.8002839754918194,0.8002839754918194,2,2,NA,NA,NA,NA,NA,NA,NA,NA,NA,Loyola Chicago,NA
400989725,2018-02-03,Loyola Chicago,Missouri State,131,2,20:00:00,1200,1200,PLAY,52,43,9,0,0.8002839754918194,0.8002839754918194,3,3,NA,NA,NA,NA,NA,NA,NA,NA,NA,NA,Missouri State
400989725,2018-02-03,Loyola Chicago,Missouri State,132,2,19:42:00,1182,1182,Obediah Church Turnover.,52,43,9,18,0.8024262463396806,0.8024262463396806,3,3,NA,NA,NA,NA,NA,NA,NA,NA,NA,Missouri State,Loyola Chicago
400989725,2018-02-03,Loyola Chicago,Missouri State,133,2,19:41:00,1181,1181,Marques Townes Steal.,52,43,9,1,0.8025429329545534,0.8025429329545534,3,3,NA,NA,NA,NA,NA,NA,NA,NA,NA,Loyola Chicago,Loyola Chicago
400989725,2018-02-03,Loyola Chicago,Missouri State,134,2,19:39:00,1179,1179,Clayton Custer made Layup. Assisted by Marques Townes.,54,43,11,2,0.8475708044062479,0.8475708044062479,3,3,NA,NA,NA,Loyola Chicago,made,Clayton Custer,Marques Townes,FALSE,FALSE,Loyola Chicago,Missouri State
400989725,2018-02-03,Loyola Chicago,Missouri State,135,2,19:23:00,1163,1163,Obediah Church made Layup. Assisted by Jarrid Rhodes.,54,45,9,16,0.8046100778649231,0.8046100778649231,3,3,NA,NA,NA,Missouri State,made,Obediah Church,Jarrid Rhodes,FALSE,FALSE,Missouri State,Loyola Chicago
400989725,2018-02-03,Loyola Chicago,Missouri State,136,2,19:00:00,1140,1140,Donte Ingram made Three Point Jumper. Assisted by Ben Richardson.,57,45,12,23,0.8709188282810222,0.8709188282810222,3,3,NA,NA,NA,Loyola Chicago,made,Donte Ingram,Ben Richardson,TRUE,FALSE,Loyola Chicago,Missouri State
400989725,2018-02-03,Loyola Chicago,Missouri State,137,2,18:35:00,1115,1115,Obediah Church missed Layup.,57,45,12,25,0.8735767603242713,0.8735767603242713,3,3,NA,NA,NA,Missouri State,missed,Obediah Church,NA,FALSE,FALSE,Missouri State,Loyola Chicago
400989725,2018-02-03,Loyola Chicago,Missouri State,138,2,18:35:00,1115,1115,Cameron Krutwig Defensive Rebound.,57,45,12,0,0.8735767603242713,0.8735767603242713,3,3,NA,NA,NA,NA,NA,NA,NA,NA,NA,Missouri State,Loyola Chicago
400989725,2018-02-03,Loyola Chicago,Missouri State,139,2,18:27:00,1107,1107,Clayton Custer Turnover.,57,45,12,8,0.8744258401105275,0.8744258401105275,3,3,NA,NA,NA,NA,NA,NA,NA,NA,NA,Loyola Chicago,Missouri State
400989725,2018-02-03,Loyola Chicago,Missouri State,140,2,18:12:00,1092,1092,Jarrid Rhodes missed Jumper.,57,45,12,15,0.8760254919864585,0.8760254919864585,3,3,NA,NA,NA,Missouri State,missed,Jarrid Rhodes,NA,FALSE,FALSE,Missouri State,Loyola Chicago
400989725,2018-02-03,Loyola Chicago,Missouri State,141,2,18:12:00,1092,1092,Donte Ingram Defensive Rebound.,57,45,12,0,0.8760254919864585,0.8760254919864585,3,3,NA,NA,NA,NA,NA,NA,NA,NA,NA,Missouri State,Loyola Chicago
400989725,2018-02-03,Loyola Chicago,Missouri State,142,2,18:06:00,1086,1086,Marques Townes made Layup. Assisted by Clayton Custer.,59,45,14,6,0.9078905640440212,0.9078905640440212,3,3,NA,NA,NA,Loyola Chicago,made,Marques Townes,Clayton Custer,FALSE,FALSE,Loyola Chicago,Missouri State
400989725,2018-02-03,Loyola Chicago,Missouri State,143,2,17:48:00,1068,1068,Foul on Marques Townes.,59,45,14,18,0.9096554647951898,0.9096554647951898,3,3,NA,NA,NA,NA,NA,NA,NA,NA,NA,Missouri State,Missouri State
400989725,2018-02-03,Loyola Chicago,Missouri State,144,2,17:48:00,1068,1068,Obediah Church made Free Throw.,59,46,13,0,0.8951514239874453,0.8951514239874453,3,3,NA,NA,NA,Missouri State,made,Obediah Church,NA,FALSE,TRUE,Missouri State,Missouri State
400989725,2018-02-03,Loyola Chicago,Missouri State,145,2,17:48:00,1068,1068,Obediah Church made Free Throw.,59,47,12,0,0.8786295628975854,0.8786295628975854,3,3,NA,NA,NA,Missouri State,made,Obediah Church,NA,FALSE,TRUE,Missouri State,Loyola Chicago
400989725,2018-02-03,Loyola Chicago,Missouri State,146,2,17:35:00,1055,1055,Marques Townes made Three Point Jumper. Assisted by Donte Ingram.,62,47,15,13,0.9235393437703114,0.9235393437703114,3,3,NA,NA,NA,Loyola Chicago,made,Marques Townes,Donte Ingram,TRUE,FALSE,Loyola Chicago,Missouri State
400989725,2018-02-03,Loyola Chicago,Missouri State,147,2,17:15:00,1035,1035,Obediah Church Turnover.,62,47,15,20,0.9254504396827096,0.9254504396827096,3,3,NA,NA,NA,NA,NA,NA,NA,NA,NA,Missouri State,Loyola Chicago
400989725,2018-02-03,Loyola Chicago,Missouri State,148,2,16:56:00,1016,1016,Clayton Custer made Layup.,64,47,17,19,0.9471456244274524,0.9471456244274524,3,3,NA,NA,NA,Loyola Chicago,made,Clayton Custer,NA,FALSE,FALSE,Loyola Chicago,Missouri State
400989725,2018-02-03,Loyola Chicago,Missouri State,149,2,16:43:00,1003,1003,J.T. Miller made Layup.,64,49,15,13,0.9286602136431212,0.9286602136431212,3,3,NA,NA,NA,Missouri State,made,J.T. Miller,NA,FALSE,FALSE,Missouri State,Loyola Chicago
400989725,2018-02-03,Loyola Chicago,Missouri State,150,2,16:43:00,1003,1003,Missouri State  Timeout,64,49,15,0,0.9286602136431212,0.9286602136431212,2,3,NA,NA,NA,NA,NA,NA,NA,NA,NA,Missouri State,Loyola Chicago
400989725,2018-02-03,Loyola Chicago,Missouri State,151,2,16:18:00,978,978,Marques Townes made Jumper.,66,49,17,25,0.9504945637339628,0.9504945637339628,2,3,NA,NA,NA,Loyola Chicago,made,Marques Townes,NA,FALSE,FALSE,Loyola Chicago,Missouri State
400989725,2018-02-03,Loyola Chicago,Missouri State,152,2,15:54:00,954,954,Obediah Church Turnover.,66,49,17,24,0.952636509729261,0.952636509729261,2,3,NA,NA,NA,NA,NA,NA,NA,NA,NA,Missouri State,Loyola Chicago
400989725,2018-02-03,Loyola Chicago,Missouri State,153,2,15:52:00,952,952,Ben Richardson Steal.,66,49,17,2,0.9528007543909038,0.9528007543909038,2,3,NA,NA,NA,NA,NA,NA,NA,NA,NA,Loyola Chicago,Loyola Chicago
400989725,2018-02-03,Loyola Chicago,Missouri State,154,2,15:44:00,944,944,Marques Townes missed Jumper.,66,49,17,8,0.9534359089932536,0.9534359089932536,2,3,NA,NA,NA,Loyola Chicago,missed,Marques Townes,NA,FALSE,FALSE,Loyola Chicago,Missouri State
400989725,2018-02-03,Loyola Chicago,Missouri State,155,2,15:44:00,944,944,Alize Johnson Defensive Rebound.,66,49,17,0,0.9534359089932536,0.9534359089932536,2,3,NA,NA,NA,NA,NA,NA,NA,NA,NA,Loyola Chicago,Missouri State
400989725,2018-02-03,Loyola Chicago,Missouri State,156,2,15:24:00,924,924,Mustafa Lawrence missed Three Point Jumper.,66,49,17,20,0.954893406744317,0.954893406744317,2,3,NA,NA,NA,Missouri State,missed,Mustafa Lawrence,NA,TRUE,FALSE,Missouri State,Loyola Chicago
400989725,2018-02-03,Loyola Chicago,Missouri State,157,2,15:24:00,924,924,Cameron Krutwig Defensive Rebound.,66,49,17,0,0.954893406744317,0.954893406744317,2,3,NA,NA,NA,NA,NA,NA,NA,NA,NA,Missouri State,Loyola Chicago
400989725,2018-02-03,Loyola Chicago,Missouri State,158,2,15:14:00,914,914,Marques Townes missed Three Point Jumper.,66,49,17,10,0.9555665733306066,0.9555665733306066,2,3,NA,NA,NA,Loyola Chicago,missed,Marques Townes,NA,TRUE,FALSE,Loyola Chicago,Missouri State
400989725,2018-02-03,Loyola Chicago,Missouri State,159,2,15:14:00,914,914,Obediah Church Defensive Rebound.,66,49,17,0,0.9555665733306066,0.9555665733306066,2,3,NA,NA,NA,NA,NA,NA,NA,NA,NA,Loyola Chicago,Missouri State
400989725,2018-02-03,Loyola Chicago,Missouri State,160,2,15:03:00,903,903,Official TV Timeout,66,49,17,11,0.9562752836982616,0.9562752836982616,2,3,NA,NA,NA,NA,NA,NA,NA,NA,NA,Missouri State,Missouri State
400989725,2018-02-03,Loyola Chicago,Missouri State,161,2,14:54:00,894,894,Alize Johnson made Jumper.,66,51,15,9,0.9390082792407812,0.9390082792407812,2,3,NA,NA,NA,Missouri State,made,Alize Johnson,NA,FALSE,FALSE,Missouri State,Loyola Chicago
400989725,2018-02-03,Loyola Chicago,Missouri State,162,2,14:23:00,863,863,Aundre Jackson made Jumper. Assisted by Clayton Custer.,68,51,17,31,0.958701518706544,0.958701518706544,2,3,NA,NA,NA,Loyola Chicago,made,Aundre Jackson,Clayton Custer,FALSE,FALSE,Loyola Chicago,Missouri State
400989725,2018-02-03,Loyola Chicago,Missouri State,163,2,14:11:00,851,851,Foul on Lucas Williamson.,68,51,17,12,0.959420403674589,0.959420403674589,2,3,NA,NA,NA,NA,NA,NA,NA,NA,NA,Missouri State,Loyola Chicago
400989725,2018-02-03,Loyola Chicago,Missouri State,164,2,14:11:00,851,851,Alize Johnson made Free Throw.,68,52,16,0,0.9515242446137648,0.9515242446137648,2,3,NA,NA,NA,Missouri State,made,Alize Johnson,NA,FALSE,TRUE,Missouri State,Missouri State
400989725,2018-02-03,Loyola Chicago,Missouri State,165,2,14:11:00,851,851,Alize Johnson missed Free Throw.,68,52,16,0,0.9515242446137648,0.9515242446137648,2,3,NA,NA,NA,Missouri State,missed,Alize Johnson,NA,FALSE,TRUE,Missouri State,Loyola Chicago
400989725,2018-02-03,Loyola Chicago,Missouri State,166,2,14:11:00,851,851,Donte Ingram Defensive Rebound.,68,52,16,0,0.9515242446137648,0.9515242446137648,2,3,NA,NA,NA,NA,NA,NA,NA,NA,NA,Missouri State,Loyola Chicago
400989725,2018-02-03,Loyola Chicago,Missouri State,167,2,14:10:00,850,850,Foul on Jarrid Rhodes.,68,52,16,1,0.9515915041365696,0.9515915041365696,2,3,NA,NA,NA,NA,NA,NA,NA,NA,NA,Loyola Chicago,Loyola Chicago
400989725,2018-02-03,Loyola Chicago,Missouri State,168,2,13:51:00,831,831,Aundre Jackson Turnover.,68,52,16,19,0.95289469489592,0.95289469489592,2,3,NA,NA,NA,NA,NA,NA,NA,NA,NA,Loyola Chicago,Loyola Chicago
400989725,2018-02-03,Loyola Chicago,Missouri State,169,2,13:50:00,830,830,Mustafa Lawrence Steal.,68,52,16,1,0.9529649605398128,0.9529649605398128,2,3,NA,NA,NA,NA,NA,NA,NA,NA,NA,Loyola Chicago,Missouri State
400989725,2018-02-03,Loyola Chicago,Missouri State,170,2,13:39:00,819,819,J.T. Miller made Three Point Jumper. Assisted by Alize Johnson.,68,55,13,11,0.9212128261948764,0.9212128261948764,2,3,NA,NA,NA,Missouri State,made,J.T. Miller,Alize Johnson,TRUE,FALSE,Missouri State,Loyola Chicago
400989725,2018-02-03,Loyola Chicago,Missouri State,171,2,13:18:00,798,798,Ben Richardson missed Three Point Jumper.,68,55,13,21,0.9233485819513948,0.9233485819513948,2,3,NA,NA,NA,Loyola Chicago,missed,Ben Richardson,NA,TRUE,FALSE,Loyola Chicago,Missouri State
400989725,2018-02-03,Loyola Chicago,Missouri State,172,2,13:18:00,798,798,Mustafa Lawrence Defensive Rebound.,68,55,13,0,0.9233485819513948,0.9233485819513948,2,3,NA,NA,NA,NA,NA,NA,NA,NA,NA,Loyola Chicago,Missouri State
400989725,2018-02-03,Loyola Chicago,Missouri State,173,2,13:09:00,789,789,Foul on Bruno Skokna.,68,55,13,9,0.9243267590228822,0.9243267590228822,2,3,NA,NA,NA,NA,NA,NA,NA,NA,NA,Missouri State,Missouri State
400989725,2018-02-03,Loyola Chicago,Missouri State,174,2,12:53:00,773,773,Mustafa Lawrence missed Three Point Jumper.,68,55,13,16,0.9261741483969947,0.9261741483969947,2,3,NA,NA,NA,Missouri State,missed,Mustafa Lawrence,NA,TRUE,FALSE,Missouri State,Missouri State
400989725,2018-02-03,Loyola Chicago,Missouri State,175,2,12:53:00,773,773,Alize Johnson Offensive Rebound.,68,55,13,0,0.9261741483969947,0.9261741483969947,2,3,NA,NA,NA,NA,NA,NA,NA,NA,NA,Missouri State,Missouri State
400989725,2018-02-03,Loyola Chicago,Missouri State,176,2,12:50:00,770,770,Foul on Aundre Jackson.,68,55,13,3,0.9265371452725204,0.9265371452725204,2,3,NA,NA,NA,NA,NA,NA,NA,NA,NA,Missouri State,Missouri State
400989725,2018-02-03,Loyola Chicago,Missouri State,177,2,12:50:00,770,770,Alize Johnson made Free Throw.,68,56,12,0,0.9121119825351652,0.9121119825351652,2,3,NA,NA,NA,Missouri State,made,Alize Johnson,NA,FALSE,TRUE,Missouri State,Missouri State
400989725,2018-02-03,Loyola Chicago,Missouri State,178,2,12:50:00,770,770,Alize Johnson made Free Throw.,68,57,11,0,0.8951747576194081,0.8951747576194081,2,3,NA,NA,NA,Missouri State,made,Alize Johnson,NA,FALSE,TRUE,Missouri State,Loyola Chicago
400989725,2018-02-03,Loyola Chicago,Missouri State,179,2,12:36:00,756,756,Foul on Jarred Dixon.,68,57,11,14,0.8972425105734307,0.8972425105734307,2,3,NA,NA,NA,NA,NA,NA,NA,NA,NA,Loyola Chicago,Loyola Chicago
400989725,2018-02-03,Loyola Chicago,Missouri State,180,2,12:17:00,737,737,Clayton Custer made Jumper.,70,57,13,19,0.9309124070084508,0.9309124070084508,2,3,NA,NA,NA,Loyola Chicago,made,Clayton Custer,NA,FALSE,FALSE,Loyola Chicago,Missouri State
400989725,2018-02-03,Loyola Chicago,Missouri State,181,2,12:05:00,725,725,Alize Johnson missed Jumper.,70,57,13,12,0.9326610092536756,0.9326610092536756,2,3,NA,NA,NA,Missouri State,missed,Alize Johnson,NA,FALSE,FALSE,Missouri State,Loyola Chicago
400989725,2018-02-03,Loyola Chicago,Missouri State,182,2,12:05:00,725,725,Ben Richardson Defensive Rebound.,70,57,13,0,0.9326610092536756,0.9326610092536756,2,3,NA,NA,NA,NA,NA,NA,NA,NA,NA,Missouri State,Loyola Chicago
400989725,2018-02-03,Loyola Chicago,Missouri State,183,2,11:57:00,717,717,Lucas Williamson missed Layup.,70,57,13,8,0.9337518281439346,0.9337518281439346,2,3,NA,NA,NA,Loyola Chicago,missed,Lucas Williamson,NA,FALSE,FALSE,Loyola Chicago,Missouri State
400989725,2018-02-03,Loyola Chicago,Missouri State,184,2,11:57:00,717,717,Alize Johnson Block.,70,57,13,0,0.9337518281439346,0.9337518281439346,2,3,NA,NA,NA,NA,NA,NA,NA,NA,NA,Loyola Chicago,Missouri State
400989725,2018-02-03,Loyola Chicago,Missouri State,185,2,11:56:00,716,716,Jarred Dixon Defensive Rebound.,70,57,13,1,0.93388266832772,0.93388266832772,2,3,NA,NA,NA,NA,NA,NA,NA,NA,NA,Loyola Chicago,Missouri State
400989725,2018-02-03,Loyola Chicago,Missouri State,186,2,11:47:00,707,707,J.T. Miller missed Layup.,70,57,13,9,0.93501134536008,0.93501134536008,2,3,NA,NA,NA,Missouri State,missed,J.T. Miller,NA,FALSE,FALSE,Missouri State,Missouri State
400989725,2018-02-03,Loyola Chicago,Missouri State,187,2,11:47:00,707,707,J.T. Miller Offensive Rebound.,70,57,13,0,0.93501134536008,0.93501134536008,2,3,NA,NA,NA,NA,NA,NA,NA,NA,NA,Missouri State,Missouri State
400989725,2018-02-03,Loyola Chicago,Missouri State,188,2,11:43:00,703,703,J.T. Miller made Layup.,70,59,11,4,0.9057481607429316,0.9057481607429316,2,3,NA,NA,NA,Missouri State,made,J.T. Miller,NA,FALSE,FALSE,Missouri State,Loyola Chicago
400989725,2018-02-03,Loyola Chicago,Missouri State,189,2,11:25:00,685,685,Foul on Alize Johnson.,70,59,11,18,0.9081380006761358,0.9081380006761358,2,3,NA,NA,NA,NA,NA,NA,NA,NA,NA,Loyola Chicago,Loyola Chicago
400989725,2018-02-03,Loyola Chicago,Missouri State,190,2,11:25:00,685,685,Official TV Timeout,70,59,11,0,0.9081380006761358,0.9081380006761358,2,3,NA,NA,NA,NA,NA,NA,NA,NA,NA,Loyola Chicago,Loyola Chicago
400989725,2018-02-03,Loyola Chicago,Missouri State,191,2,11:16:00,676,676,Cameron Krutwig missed Layup.,70,59,11,9,0.9092556729494128,0.9092556729494128,2,3,NA,NA,NA,Loyola Chicago,missed,Cameron Krutwig,NA,FALSE,FALSE,Loyola Chicago,Missouri State
400989725,2018-02-03,Loyola Chicago,Missouri State,192,2,11:16:00,676,676,Alize Johnson Defensive Rebound.,70,59,11,0,0.9092556729494128,0.9092556729494128,2,3,NA,NA,NA,NA,NA,NA,NA,NA,NA,Loyola Chicago,Missouri State
400989725,2018-02-03,Loyola Chicago,Missouri State,193,2,11:09:00,669,669,Jarrid Rhodes missed Three Point Jumper.,70,59,11,7,0.9101031579107424,0.9101031579107424,2,3,NA,NA,NA,Missouri State,missed,Jarrid Rhodes,NA,TRUE,FALSE,Missouri State,Loyola Chicago
400989725,2018-02-03,Loyola Chicago,Missouri State,194,2,11:09:00,669,669,Donte Ingram Defensive Rebound.,70,59,11,0,0.9101031579107424,0.9101031579107424,2,3,NA,NA,NA,NA,NA,NA,NA,NA,NA,Missouri State,Loyola Chicago
400989725,2018-02-03,Loyola Chicago,Missouri State,195,2,11:00:00,660,660,Donte Ingram missed Three Point Jumper.,70,59,11,9,0.9111771051490496,0.9111771051490496,2,3,NA,NA,NA,Loyola Chicago,missed,Donte Ingram,NA,TRUE,FALSE,Loyola Chicago,Loyola Chicago
400989725,2018-02-03,Loyola Chicago,Missouri State,196,2,11:00:00,660,660,Cameron Krutwig Offensive Rebound.,70,59,11,0,0.9111771051490496,0.9111771051490496,2,3,NA,NA,NA,NA,NA,NA,NA,NA,NA,Loyola Chicago,Loyola Chicago
400989725,2018-02-03,Loyola Chicago,Missouri State,197,2,10:56:00,656,656,Cameron Krutwig made Layup.,72,59,13,4,0.94038246130879,0.94038246130879,2,3,NA,NA,NA,Loyola Chicago,made,Cameron Krutwig,NA,FALSE,FALSE,Loyola Chicago,Missouri State
400989725,2018-02-03,Loyola Chicago,Missouri State,198,2,10:56:00,656,656,Foul on Jarred Dixon.,72,59,13,0,0.94038246130879,0.94038246130879,2,3,NA,NA,NA,NA,NA,NA,NA,NA,NA,Loyola Chicago,Missouri State
400989725,2018-02-03,Loyola Chicago,Missouri State,199,2,10:56:00,656,656,Cameron Krutwig missed Free Throw.,72,59,13,0,0.94038246130879,0.94038246130879,2,3,NA,NA,NA,Loyola Chicago,missed,Cameron Krutwig,NA,FALSE,TRUE,Loyola Chicago,Missouri State
400989725,2018-02-03,Loyola Chicago,Missouri State,200,2,10:56:00,656,656,J.T. Miller Defensive Rebound.,72,59,13,0,0.94038246130879,0.94038246130879,2,3,NA,NA,NA,NA,NA,NA,NA,NA,NA,Loyola Chicago,Missouri State
400989725,2018-02-03,Loyola Chicago,Missouri State,201,2,10:47:00,647,647,Alize Johnson Turnover.,72,59,13,9,0.9412632536863182,0.9412632536863182,2,3,NA,NA,NA,NA,NA,NA,NA,NA,NA,Missouri State,Loyola Chicago
400989725,2018-02-03,Loyola Chicago,Missouri State,202,2,10:46:00,646,646,Cameron Krutwig Steal.,72,59,13,1,0.941361548421978,0.941361548421978,2,3,NA,NA,NA,NA,NA,NA,NA,NA,NA,Loyola Chicago,Missouri State
400989725,2018-02-03,Loyola Chicago,Missouri State,203,2,10:43:00,643,643,Clayton Custer Turnover.,72,59,13,3,0.9416573329044364,0.9416573329044364,2,3,NA,NA,NA,NA,NA,NA,NA,NA,NA,Missouri State,Missouri State
400989725,2018-02-03,Loyola Chicago,Missouri State,204,2,10:24:00,624,624,Jarrid Rhodes made Three Point Jumper. Assisted by Ronnie Rousseau III.,72,62,10,19,0.8972354423043155,0.8972354423043155,2,3,NA,NA,NA,Missouri State,made,Jarrid Rhodes,Ronnie Rousseau III,TRUE,FALSE,Missouri State,Loyola Chicago
400989725,2018-02-03,Loyola Chicago,Missouri State,205,2,10:02:00,602,602,Foul on Jarrid Rhodes.,72,62,10,22,0.9004967707950922,0.9004967707950922,2,3,NA,NA,NA,NA,NA,NA,NA,NA,NA,Loyola Chicago,Loyola Chicago
400989725,2018-02-03,Loyola Chicago,Missouri State,206,2,09:55:00,595,595,Donte Ingram made Three Point Jumper. Assisted by Ben Richardson.,75,62,13,7,0.9468539373937164,0.9468539373937164,2,3,NA,NA,NA,Loyola Chicago,made,Donte Ingram,Ben Richardson,TRUE,FALSE,Loyola Chicago,Missouri State
400989725,2018-02-03,Loyola Chicago,Missouri State,207,2,09:33:00,573,573,Jarrid Rhodes missed Three Point Jumper.,75,62,13,22,0.9497331784114196,0.9497331784114196,2,3,NA,NA,NA,Missouri State,missed,Jarrid Rhodes,NA,TRUE,FALSE,Missouri State,Loyola Chicago
400989725,2018-02-03,Loyola Chicago,Missouri State,208,2,09:33:00,573,573,Marques Townes Defensive Rebound.,75,62,13,0,0.9497331784114196,0.9497331784114196,2,3,NA,NA,NA,NA,NA,NA,NA,NA,NA,Missouri State,Loyola Chicago
400989725,2018-02-03,Loyola Chicago,Missouri State,209,2,09:22:00,562,562,Cameron Satterwhite missed Jumper.,75,62,13,11,0.951329103344272,0.951329103344272,2,3,NA,NA,NA,Loyola Chicago,missed,Cameron Satterwhite,NA,FALSE,FALSE,Loyola Chicago,Loyola Chicago
400989725,2018-02-03,Loyola Chicago,Missouri State,210,2,09:22:00,562,562,Cameron Krutwig Offensive Rebound.,75,62,13,0,0.951329103344272,0.951329103344272,2,3,NA,NA,NA,NA,NA,NA,NA,NA,NA,Loyola Chicago,Loyola Chicago
400989725,2018-02-03,Loyola Chicago,Missouri State,211,2,09:20:00,560,560,Cameron Krutwig made Layup.,77,62,15,2,0.9688615576177956,0.9688615576177956,2,3,NA,NA,NA,Loyola Chicago,made,Cameron Krutwig,NA,FALSE,FALSE,Loyola Chicago,Missouri State
400989725,2018-02-03,Loyola Chicago,Missouri State,212,2,09:10:00,550,550,Ronnie Rousseau III Turnover.,77,62,15,10,0.9700422977673864,0.9700422977673864,2,3,NA,NA,NA,NA,NA,NA,NA,NA,NA,Missouri State,Loyola Chicago
400989725,2018-02-03,Loyola Chicago,Missouri State,213,2,09:09:00,549,549,Donte Ingram Steal.,77,62,15,1,0.9701625256166524,0.9701625256166524,2,3,NA,NA,NA,NA,NA,NA,NA,NA,NA,Loyola Chicago,Loyola Chicago
400989725,2018-02-03,Loyola Chicago,Missouri State,214,2,09:06:00,546,546,Cameron Satterwhite missed Dunk.,77,62,15,3,0.970511679695025,0.970511679695025,2,3,NA,NA,NA,Loyola Chicago,missed,Cameron Satterwhite,NA,FALSE,FALSE,Loyola Chicago,Loyola Chicago
400989725,2018-02-03,Loyola Chicago,Missouri State,215,2,09:06:00,546,546,Cameron Satterwhite Offensive Rebound.,77,62,15,0,0.970511679695025,0.970511679695025,2,3,NA,NA,NA,NA,NA,NA,NA,NA,NA,Loyola Chicago,Loyola Chicago
400989725,2018-02-03,Loyola Chicago,Missouri State,216,2,08:58:00,538,538,Donte Ingram missed Three Point Jumper.,77,62,15,8,0.9713670731894284,0.9713670731894284,2,3,NA,NA,NA,Loyola Chicago,missed,Donte Ingram,NA,TRUE,FALSE,Loyola Chicago,Missouri State
400989725,2018-02-03,Loyola Chicago,Missouri State,217,2,08:58:00,538,538,Jarred Dixon Defensive Rebound.,77,62,15,0,0.9713670731894284,0.9713670731894284,2,3,NA,NA,NA,NA,NA,NA,NA,NA,NA,Loyola Chicago,Missouri State
400989725,2018-02-03,Loyola Chicago,Missouri State,218,2,08:54:00,534,534,Foul on Ben Richardson.,77,62,15,4,0.971759174451988,0.971759174451988,2,3,NA,NA,NA,NA,NA,NA,NA,NA,NA,Missouri State,Missouri State
400989725,2018-02-03,Loyola Chicago,Missouri State,219,2,08:50:00,530,530,J.T. Miller missed Jumper.,77,62,15,4,0.972131319350618,0.972131319350618,2,3,NA,NA,NA,Missouri State,missed,J.T. Miller,NA,FALSE,FALSE,Missouri State,Loyola Chicago
400989725,2018-02-03,Loyola Chicago,Missouri State,220,2,08:50:00,530,530,Cameron Satterwhite Defensive Rebound.,77,62,15,0,0.972131319350618,0.972131319350618,2,3,NA,NA,NA,NA,NA,NA,NA,NA,NA,Missouri State,Loyola Chicago
400989725,2018-02-03,Loyola Chicago,Missouri State,221,2,08:40:00,520,520,Cameron Krutwig missed Jumper.,77,62,15,10,0.9729913928666244,0.9729913928666244,2,3,NA,NA,NA,Loyola Chicago,missed,Cameron Krutwig,NA,FALSE,FALSE,Loyola Chicago,Missouri State
400989725,2018-02-03,Loyola Chicago,Missouri State,222,2,08:40:00,520,520,Jarrid Rhodes Defensive Rebound.,77,62,15,0,0.9729913928666244,0.9729913928666244,2,3,NA,NA,NA,NA,NA,NA,NA,NA,NA,Loyola Chicago,Missouri State
400989725,2018-02-03,Loyola Chicago,Missouri State,223,2,08:20:00,500,500,J.T. Miller missed Layup.,77,62,15,20,0.9745332809307816,0.9745332809307816,2,3,NA,NA,NA,Missouri State,missed,J.T. Miller,NA,FALSE,FALSE,Missouri State,Loyola Chicago
400989725,2018-02-03,Loyola Chicago,Missouri State,224,2,08:20:00,500,500,Marques Townes Defensive Rebound.,77,62,15,0,0.9745332809307816,0.9745332809307816,2,3,NA,NA,NA,NA,NA,NA,NA,NA,NA,Missouri State,Loyola Chicago
400989725,2018-02-03,Loyola Chicago,Missouri State,225,2,08:00:00,480,480,Cameron Krutwig made Layup.,79,62,17,20,0.9852496315762492,0.9852496315762492,2,3,NA,NA,NA,Loyola Chicago,made,Cameron Krutwig,NA,FALSE,FALSE,Loyola Chicago,Missouri State
400989725,2018-02-03,Loyola Chicago,Missouri State,226,2,07:49:00,469,469,Foul on Donte Ingram.,79,62,17,11,0.9858770433752668,0.9858770433752668,2,3,NA,NA,NA,NA,NA,NA,NA,NA,NA,Missouri State,Missouri State
400989725,2018-02-03,Loyola Chicago,Missouri State,227,2,07:49:00,469,469,Official TV Timeout,79,62,17,0,0.9858770433752668,0.9858770433752668,2,3,NA,NA,NA,NA,NA,NA,NA,NA,NA,Missouri State,Missouri State
400989725,2018-02-03,Loyola Chicago,Missouri State,228,2,07:43:00,463,463,Alize Johnson made Layup.,79,64,15,6,0.9774567168638436,0.9774567168638436,2,3,NA,NA,NA,Missouri State,made,Alize Johnson,NA,FALSE,FALSE,Missouri State,Loyola Chicago
400989725,2018-02-03,Loyola Chicago,Missouri State,229,2,07:21:00,441,441,Aundre Jackson made Layup.,81,64,17,22,0.9877305393926472,0.9877305393926472,2,3,NA,NA,NA,Loyola Chicago,made,Aundre Jackson,NA,FALSE,FALSE,Loyola Chicago,Missouri State
400989725,2018-02-03,Loyola Chicago,Missouri State,230,2,07:08:00,428,428,Alize Johnson missed Three Point Jumper.,81,64,17,13,0.988739324164975,0.988739324164975,2,3,NA,NA,NA,Missouri State,missed,Alize Johnson,NA,TRUE,FALSE,Missouri State,Loyola Chicago
400989725,2018-02-03,Loyola Chicago,Missouri State,231,2,07:08:00,428,428,Cameron Satterwhite Defensive Rebound.,81,64,17,0,0.988739324164975,0.988739324164975,2,3,NA,NA,NA,NA,NA,NA,NA,NA,NA,Missouri State,Loyola Chicago
400989725,2018-02-03,Loyola Chicago,Missouri State,232,2,06:50:00,410,410,Foul on Ronnie Rousseau III.,81,64,17,18,0.98999282848928,0.98999282848928,2,3,NA,NA,NA,NA,NA,NA,NA,NA,NA,Loyola Chicago,Loyola Chicago
400989725,2018-02-03,Loyola Chicago,Missouri State,233,2,06:36:00,396,396,Donte Ingram made Dunk. Assisted by Clayton Custer.,83,64,19,14,0.9946871223528478,0.9946871223528478,2,3,NA,NA,NA,Loyola Chicago,made,Donte Ingram,Clayton Custer,FALSE,FALSE,Loyola Chicago,Missouri State
400989725,2018-02-03,Loyola Chicago,Missouri State,234,2,06:24:00,384,384,J.T. Miller missed Layup.,83,64,19,12,0.9951104516390428,0.9951104516390428,2,3,NA,NA,NA,Missouri State,missed,J.T. Miller,NA,FALSE,FALSE,Missouri State,Loyola Chicago
400989725,2018-02-03,Loyola Chicago,Missouri State,235,2,06:24:00,384,384,Cameron Satterwhite Defensive Rebound.,83,64,19,0,0.9951104516390428,0.9951104516390428,2,3,NA,NA,NA,NA,NA,NA,NA,NA,NA,Missouri State,Loyola Chicago
400989725,2018-02-03,Loyola Chicago,Missouri State,236,2,06:04:00,364,364,Foul on Obediah Church.,83,64,19,20,0.9957822506755526,0.9957822506755526,2,3,NA,NA,NA,NA,NA,NA,NA,NA,NA,Loyola Chicago,Loyola Chicago
400989725,2018-02-03,Loyola Chicago,Missouri State,237,2,06:04:00,364,364,Aundre Jackson made Free Throw.,84,64,20,0,0.9968330611381386,0.9968330611381386,2,3,NA,NA,NA,Loyola Chicago,made,Aundre Jackson,NA,FALSE,TRUE,Loyola Chicago,Loyola Chicago
400989725,2018-02-03,Loyola Chicago,Missouri State,238,2,06:04:00,364,364,Aundre Jackson made Free Throw.,85,64,21,0,0.9976226975950188,0.9976226975950188,2,3,NA,NA,NA,Loyola Chicago,made,Aundre Jackson,NA,FALSE,TRUE,Loyola Chicago,Missouri State
400989725,2018-02-03,Loyola Chicago,Missouri State,239,2,05:48:00,348,348,Obediah Church Turnover.,85,64,21,16,0.997953895468673,0.997953895468673,2,3,NA,NA,NA,NA,NA,NA,NA,NA,NA,Missouri State,Loyola Chicago
400989725,2018-02-03,Loyola Chicago,Missouri State,240,2,05:32:00,332,332,Donte Ingram missed Three Point Jumper.,85,64,21,16,0.9982847533141032,0.9982847533141032,2,3,NA,NA,NA,Loyola Chicago,missed,Donte Ingram,NA,TRUE,FALSE,Loyola Chicago,Loyola Chicago
400989725,2018-02-03,Loyola Chicago,Missouri State,241,2,05:32:00,332,332,Marques Townes Offensive Rebound.,85,64,21,0,0.9982847533141032,0.9982847533141032,2,3,NA,NA,NA,NA,NA,NA,NA,NA,NA,Loyola Chicago,Loyola Chicago
400989725,2018-02-03,Loyola Chicago,Missouri State,242,2,05:30:00,330,330,Marques Townes made Layup.,87,64,23,2,0.9990885010945698,0.9990885010945698,2,3,NA,NA,NA,Loyola Chicago,made,Marques Townes,NA,FALSE,FALSE,Loyola Chicago,Missouri State
400989725,2018-02-03,Loyola Chicago,Missouri State,243,2,05:19:00,319,319,Obediah Church made Dunk. Assisted by Mustafa Lawrence.,87,66,21,11,0.9985510251998352,0.9985510251998352,2,3,NA,NA,NA,Missouri State,made,Obediah Church,Mustafa Lawrence,FALSE,FALSE,Missouri State,Loyola Chicago
400989725,2018-02-03,Loyola Chicago,Missouri State,244,2,04:51:00,291,291,Clayton Custer Turnover.,87,66,21,28,0.998909319858454,0.998909319858454,2,3,NA,NA,NA,NA,NA,NA,NA,NA,NA,Loyola Chicago,Loyola Chicago
400989725,2018-02-03,Loyola Chicago,Missouri State,245,2,04:50:00,290,290,Mustafa Lawrence Steal.,87,66,21,1,0.9989106881675736,0.9989106881675736,2,3,NA,NA,NA,NA,NA,NA,NA,NA,NA,Loyola Chicago,Missouri State
400989725,2018-02-03,Loyola Chicago,Missouri State,246,2,04:45:00,285,285,Mustafa Lawrence missed Jumper.,87,66,21,5,0.9989091880158504,0.9989091880158504,2,3,NA,NA,NA,Missouri State,missed,Mustafa Lawrence,NA,FALSE,FALSE,Missouri State,Loyola Chicago
400989725,2018-02-03,Loyola Chicago,Missouri State,247,2,04:45:00,285,285,Marques Townes Defensive Rebound.,87,66,21,0,0.9989091880158504,0.9989091880158504,2,3,NA,NA,NA,NA,NA,NA,NA,NA,NA,Missouri State,Loyola Chicago
400989725,2018-02-03,Loyola Chicago,Missouri State,248,2,04:21:00,261,261,Clayton Custer made Layup.,89,66,23,24,0.999351900166407,0.999351900166407,2,3,NA,NA,NA,Loyola Chicago,made,Clayton Custer,NA,FALSE,FALSE,Loyola Chicago,Missouri State
400989725,2018-02-03,Loyola Chicago,Missouri State,249,2,04:14:00,254,254,Foul on Aundre Jackson.,89,66,23,7,0.999320228264168,0.999320228264168,2,3,NA,NA,NA,NA,NA,NA,NA,NA,NA,Missouri State,Missouri State
400989725,2018-02-03,Loyola Chicago,Missouri State,250,2,04:14:00,254,254,Alize Johnson made Free Throw.,89,67,22,0,0.999066824204586,0.999066824204586,2,3,NA,NA,NA,Missouri State,made,Alize Johnson,NA,FALSE,TRUE,Missouri State,Missouri State
400989725,2018-02-03,Loyola Chicago,Missouri State,251,2,04:14:00,254,254,Alize Johnson made Free Throw.,89,68,21,0,0.9987190777276476,0.9987190777276476,2,3,NA,NA,NA,Missouri State,made,Alize Johnson,NA,FALSE,TRUE,Missouri State,Loyola Chicago
400989725,2018-02-03,Loyola Chicago,Missouri State,252,2,03:57:00,237,237,Marques Townes made Layup.,91,68,23,17,0.9992736183756784,0.9992736183756784,2,3,NA,NA,NA,Loyola Chicago,made,Marques Townes,NA,FALSE,FALSE,Loyola Chicago,Missouri State
400989725,2018-02-03,Loyola Chicago,Missouri State,253,2,03:42:00,222,222,Mustafa Lawrence made Layup.,91,70,21,15,0.9987182573849448,0.9987182573849448,2,3,NA,NA,NA,Missouri State,made,Mustafa Lawrence,NA,FALSE,FALSE,Missouri State,Loyola Chicago
400989725,2018-02-03,Loyola Chicago,Missouri State,254,2,03:23:00,203,203,Foul on Ross Owens.,91,70,21,19,0.9990822863297584,0.9990822863297584,2,3,NA,NA,NA,NA,NA,NA,NA,NA,NA,Loyola Chicago,Loyola Chicago
400989725,2018-02-03,Loyola Chicago,Missouri State,255,2,03:23:00,203,203,Official TV Timeout,91,70,21,0,0.9990822863297584,0.9990822863297584,2,3,NA,NA,NA,NA,NA,NA,NA,NA,NA,Loyola Chicago,Loyola Chicago
400989725,2018-02-03,Loyola Chicago,Missouri State,256,2,03:23:00,203,203,Cameron Satterwhite made Free Throw.,92,70,22,0,0.999342030000131,0.999342030000131,2,3,NA,NA,NA,Loyola Chicago,made,Cameron Satterwhite,NA,FALSE,TRUE,Loyola Chicago,Loyola Chicago
400989725,2018-02-03,Loyola Chicago,Missouri State,257,2,03:23:00,203,203,Cameron Satterwhite made Free Throw.,93,70,23,0,0.9995282922321737,0.9995282922321737,2,3,NA,NA,NA,Loyola Chicago,made,Cameron Satterwhite,NA,FALSE,TRUE,Loyola Chicago,Missouri State
400989725,2018-02-03,Loyola Chicago,Missouri State,258,2,03:09:00,189,189,Ross Owens missed Three Point Jumper.,93,70,23,14,0.9997277108680108,0.9997277108680108,2,3,NA,NA,NA,Missouri State,missed,Ross Owens,NA,TRUE,FALSE,Missouri State,Missouri State
400989725,2018-02-03,Loyola Chicago,Missouri State,259,2,03:09:00,189,189,Alize Johnson Offensive Rebound.,93,70,23,0,0.9997277108680108,0.9997277108680108,2,3,NA,NA,NA,NA,NA,NA,NA,NA,NA,Missouri State,Missouri State
400989725,2018-02-03,Loyola Chicago,Missouri State,260,2,02:50:00,170,170,Alize Johnson missed Layup.,93,70,23,19,0.999892463824066,0.999892463824066,2,3,NA,NA,NA,Missouri State,missed,Alize Johnson,NA,FALSE,FALSE,Missouri State,Loyola Chicago
400989725,2018-02-03,Loyola Chicago,Missouri State,261,2,02:50:00,170,170,Adarius Avery Defensive Rebound.,93,70,23,0,0.999892463824066,0.999892463824066,2,3,NA,NA,NA,NA,NA,NA,NA,NA,NA,Missouri State,Loyola Chicago
400989725,2018-02-03,Loyola Chicago,Missouri State,262,2,02:35:00,155,155,Bruno Skokna missed Layup.,93,70,23,15,0.999951336610517,0.999951336610517,2,3,NA,NA,NA,Loyola Chicago,missed,Bruno Skokna,NA,FALSE,FALSE,Loyola Chicago,Missouri State
400989725,2018-02-03,Loyola Chicago,Missouri State,263,2,02:35:00,155,155,Jarrid Rhodes Defensive Rebound.,93,70,23,0,0.999951336610517,0.999951336610517,2,3,NA,NA,NA,NA,NA,NA,NA,NA,NA,Loyola Chicago,Missouri State
400989725,2018-02-03,Loyola Chicago,Missouri State,264,2,02:18:00,138,138,Mustafa Lawrence missed Layup.,93,70,23,17,0.9999823690931166,0.9999823690931166,2,3,NA,NA,NA,Missouri State,missed,Mustafa Lawrence,NA,FALSE,FALSE,Missouri State,Loyola Chicago
400989725,2018-02-03,Loyola Chicago,Missouri State,265,2,02:18:00,138,138,Cameron Satterwhite Defensive Rebound.,93,70,23,0,0.9999823690931166,0.9999823690931166,2,3,NA,NA,NA,NA,NA,NA,NA,NA,NA,Missouri State,Loyola Chicago
400989725,2018-02-03,Loyola Chicago,Missouri State,266,2,02:09:00,129,129,Adarius Avery made Layup. Assisted by Aundre Jackson.,95,70,25,9,0.9999964779277072,0.9999964779277072,2,3,NA,NA,NA,Loyola Chicago,made,Adarius Avery,Aundre Jackson,FALSE,FALSE,Loyola Chicago,Missouri State
400989725,2018-02-03,Loyola Chicago,Missouri State,267,2,01:52:00,112,112,Foul on Cameron Satterwhite.,95,70,25,17,0.9999991528279576,0.9999991528279576,2,3,NA,NA,NA,NA,NA,NA,NA,NA,NA,Missouri State,Missouri State
400989725,2018-02-03,Loyola Chicago,Missouri State,268,2,01:52:00,112,112,Jarrid Rhodes made Free Throw.,95,71,24,0,0.9999985179854752,0.9999985179854752,2,3,NA,NA,NA,Missouri State,made,Jarrid Rhodes,NA,FALSE,TRUE,Missouri State,Missouri State
400989725,2018-02-03,Loyola Chicago,Missouri State,269,2,01:52:00,112,112,Jarrid Rhodes made Free Throw.,95,72,23,0,0.9999974074144364,0.9999974074144364,2,3,NA,NA,NA,Missouri State,made,Jarrid Rhodes,NA,FALSE,TRUE,Missouri State,Loyola Chicago
400989725,2018-02-03,Loyola Chicago,Missouri State,270,2,01:27:00,87,87,Cameron Satterwhite missed Jumper.,95,72,23,25,0.9999997639299908,0.9999997639299908,2,3,NA,NA,NA,Loyola Chicago,missed,Cameron Satterwhite,NA,FALSE,FALSE,Loyola Chicago,Missouri State
400989725,2018-02-03,Loyola Chicago,Missouri State,271,2,01:27:00,87,87,Ross Owens Defensive Rebound.,95,72,23,0,0.9999997639299908,0.9999997639299908,2,3,NA,NA,NA,NA,NA,NA,NA,NA,NA,Loyola Chicago,Missouri State
400989725,2018-02-03,Loyola Chicago,Missouri State,272,2,01:14:00,74,74,Ross Owens missed Three Point Jumper.,95,72,23,13,0.9999999421153128,0.9999999421153128,2,3,NA,NA,NA,Missouri State,missed,Ross Owens,NA,TRUE,FALSE,Missouri State,Loyola Chicago
400989725,2018-02-03,Loyola Chicago,Missouri State,273,2,01:14:00,74,74,Carson Shanks Defensive Rebound.,95,72,23,0,0.9999999421153128,0.9999999421153128,2,3,NA,NA,NA,NA,NA,NA,NA,NA,NA,Missouri State,Loyola Chicago
400989725,2018-02-03,Loyola Chicago,Missouri State,274,2,01:02:00,62,62,Loyola-Chicago  Timeout,95,72,23,12,0.9999999859528634,0.9999999859528634,2,2,NA,NA,NA,NA,NA,NA,NA,NA,NA,Loyola Chicago,Loyola Chicago
400989725,2018-02-03,Loyola Chicago,Missouri State,275,2,00:52:00,52,52,Carson Shanks made Layup. Assisted by Bruno Skokna.,97,72,25,10,0.9999999992491956,0.9999999992491956,2,2,NA,NA,NA,Loyola Chicago,made,Carson Shanks,Bruno Skokna,FALSE,FALSE,Loyola Chicago,Missouri State
400989725,2018-02-03,Loyola Chicago,Missouri State,276,2,00:43:00,43,43,J.T. Miller made Three Point Jumper.,97,75,22,9,0.9999999969975916,0.9999999969975916,2,2,NA,NA,NA,Missouri State,made,J.T. Miller,NA,TRUE,FALSE,Missouri State,Loyola Chicago
400989725,2018-02-03,Loyola Chicago,Missouri State,277,2,00:24:00,24,24,Bruno Skokna missed Three Point Jumper.,97,75,22,19,0.9999999997738346,0.9999999997738346,2,2,NA,NA,NA,Loyola Chicago,missed,Bruno Skokna,NA,TRUE,FALSE,Loyola Chicago,Missouri State
400989725,2018-02-03,Loyola Chicago,Missouri State,278,2,00:24:00,24,24,Mustafa Lawrence Defensive Rebound.,97,75,22,0,0.9999999997738346,0.9999999997738346,2,2,NA,NA,NA,NA,NA,NA,NA,NA,NA,Loyola Chicago,Missouri State
400989725,2018-02-03,Loyola Chicago,Missouri State,279,2,00:16:00,16,16,Mustafa Lawrence missed Layup.,97,75,22,8,0.9999999999293072,0.9999999999293072,2,2,NA,NA,NA,Missouri State,missed,Mustafa Lawrence,NA,FALSE,FALSE,Missouri State,Loyola Chicago
400989725,2018-02-03,Loyola Chicago,Missouri State,280,2,00:16:00,16,16,Adarius Avery Block.,97,75,22,0,0.9999999999293072,0.9999999999293072,2,2,NA,NA,NA,NA,NA,NA,NA,NA,NA,Missouri State,Loyola Chicago
400989725,2018-02-03,Loyola Chicago,Missouri State,281,2,00:14:00,14,14,Nick Dinardi Defensive Rebound.,97,75,22,2,0.9999999999476976,0.9999999999476976,2,2,NA,NA,NA,NA,NA,NA,NA,NA,NA,Missouri State,Loyola Chicago
400989725,2018-02-03,Loyola Chicago,Missouri State,282,2,00:00:00,0,0,End of Game,97,75,22,14,1,1,2,2,NA,NA,NA,NA,NA,NA,NA,NA,NA,Loyola Chicago,NA
