play_id,half,time_remaining_half,secs_remaining,secs_remaining_absolute,description,home_score,away_score,score_diff,play_length,win_prob,naive_win_prob,home,away,home_time_out_remaining,away_time_out_remaining,home_favored_by,game_id,date
1,1,20:00,2400,2400,PLAY,0,0,0,17,0.5,0.5,UNLV,BYU,6,6,NA,290522439,2009-02-21
2,1,19:43,2383,2383,Chris Miles missed Two Point Jumper.,0,0,0,0,0.5,0.5,UNLV,BYU,6,6,NA,290522439,2009-02-21
3,1,19:43,2383,2383,Tre'Von Willis Defensive Rebound.,0,0,0,18,0.5,0.5,UNLV,BYU,6,6,NA,290522439,2009-02-21
4,1,19:25,2365,2365,Foul on Rene Rougeau,0,0,0,0,0.5,0.5,UNLV,BYU,6,6,NA,290522439,2009-02-21
5,1,19:25,2365,2365,Rene Rougeau Turnover.,0,0,0,3,0.5,0.5,UNLV,BYU,6,6,NA,290522439,2009-02-21
6,1,19:22,2362,2362,Jonathan Tavernari missed Two Point Layup.,0,0,0,0,0.5,0.5,UNLV,BYU,6,6,NA,290522439,2009-02-21
7,1,19:22,2362,2362,Rene Rougeau Block.,0,0,0,0,0.5,0.5,UNLV,BYU,6,6,NA,290522439,2009-02-21
8,1,19:22,2362,2362,Brigham Young Offensive Rebound.,0,0,0,23,0.5,0.5,UNLV,BYU,6,6,NA,290522439,2009-02-21
9,1,18:59,2339,2339,Lee Cummard missed Three Point Jumper.,0,0,0,0,0.5,0.5,UNLV,BYU,6,6,NA,290522439,2009-02-21
10,1,18:59,2339,2339,Tre'Von Willis Defensive Rebound.,0,0,0,30,0.5,0.5,UNLV,BYU,6,6,NA,290522439,2009-02-21
11,1,18:29,2309,2309,Rene Rougeau missed Two Point Layup.,0,0,0,0,0.5,0.5,UNLV,BYU,6,6,NA,290522439,2009-02-21
12,1,18:29,2309,2309,Rene Rougeau Offensive Rebound.,0,0,0,3,0.5,0.5,UNLV,BYU,6,6,NA,290522439,2009-02-21
13,1,18:26,2306,2306,Rene Rougeau missed Two Point Jumper.,0,0,0,0,0.5,0.5,UNLV,BYU,6,6,NA,290522439,2009-02-21
14,1,18:26,2306,2306,Rene Rougeau Offensive Rebound.,0,0,0,7,0.5,0.5,UNLV,BYU,6,6,NA,290522439,2009-02-21
15,1,18:19,2299,2299,Wink Adams missed Two Point Jumper.,0,0,0,0,0.5,0.5,UNLV,BYU,6,6,NA,290522439,2009-02-21
16,1,18:19,2299,2299,Chris Miles Defensive Rebound.,0,0,0,15,0.5,0.5,UNLV,BYU,6,6,NA,290522439,2009-02-21
17,1,18:04,2284,2284,Chris Miles Turnover.,0,0,0,1,0.5,0.5,UNLV,BYU,6,6,NA,290522439,2009-02-21
18,1,18:03,2283,2283,Oscar Bellfield Steal.,0,0,0,1,0.5,0.5,UNLV,BYU,6,6,NA,290522439,2009-02-21
19,1,18:02,2282,2282,Oscar Bellfield Turnover.,0,0,0,2,0.5,0.5,UNLV,BYU,6,6,NA,290522439,2009-02-21
20,1,18:00,2280,2280,Jimmer Fredette Steal.,0,0,0,15,0.5,0.5,UNLV,BYU,6,6,NA,290522439,2009-02-21
21,1,17:45,2265,2265,Jimmer Fredette missed Two Point Jumper.,0,0,0,0,0.5,0.5,UNLV,BYU,6,6,NA,290522439,2009-02-21
22,1,17:45,2265,2265,Chris Miles Offensive Rebound.,0,0,0,6,0.5,0.5,UNLV,BYU,6,6,NA,290522439,2009-02-21
23,1,17:39,2259,2259,Jonathan Tavernari missed Two Point Layup.,0,0,0,0,0.5,0.5,UNLV,BYU,6,6,NA,290522439,2009-02-21
24,1,17:39,2259,2259,Lee Cummard Offensive Rebound.,0,0,0,4,0.5,0.5,UNLV,BYU,6,6,NA,290522439,2009-02-21
25,1,17:35,2255,2255,Lee Cummard missed Two Point Jumper.,0,0,0,0,0.5,0.5,UNLV,BYU,6,6,NA,290522439,2009-02-21
26,1,17:35,2255,2255,Tre'Von Willis Defensive Rebound.,0,0,0,22,0.5,0.5,UNLV,BYU,6,6,NA,290522439,2009-02-21
27,1,17:13,2233,2233,Rene Rougeau made Two Point Jumper.,2,0,2,5,0.5476958944832517,0.5476958944832517,UNLV,BYU,6,6,NA,290522439,2009-02-21
28,1,17:08,2228,2228,Jimmer Fredette missed Two Point Layup.,2,0,2,0,0.5478098713841724,0.5478098713841724,UNLV,BYU,6,6,NA,290522439,2009-02-21
29,1,17:08,2228,2228,Wink Adams Defensive Rebound.,2,0,2,24,0.5478098713841724,0.5478098713841724,UNLV,BYU,6,6,NA,290522439,2009-02-21
30,1,16:44,2204,2204,Wink Adams missed Three Point Jumper.,2,0,2,0,0.5483590900647362,0.5483590900647362,UNLV,BYU,6,6,NA,290522439,2009-02-21
31,1,16:44,2204,2204,Tre'Von Willis Offensive Rebound.,2,0,2,12,0.5483590900647362,0.5483590900647362,UNLV,BYU,6,6,NA,290522439,2009-02-21
32,1,16:32,2192,2192,Tre'Von Willis made Two Point Jumper.,4,0,4,39,0.5963580503803333,0.5963580503803333,UNLV,BYU,6,6,NA,290522439,2009-02-21
33,1,15:53,2153,2153,Jimmer Fredette Turnover.,4,0,4,0,0.5981086983071855,0.5981086983071855,UNLV,BYU,6,6,NA,290522439,2009-02-21
34,1,15:53,2153,2153,Official TV Timeout.,4,0,4,26,0.5981086983071855,0.5981086983071855,UNLV,BYU,6,6,NA,290522439,2009-02-21
35,1,15:27,2127,2127,Foul on Wink Adams,4,0,4,0,0.5992862919891592,0.5992862919891592,UNLV,BYU,6,6,NA,290522439,2009-02-21
36,1,15:27,2127,2127,Wink Adams Turnover.,4,0,4,23,0.5992862919891592,0.5992862919891592,UNLV,BYU,6,6,NA,290522439,2009-02-21
37,1,15:04,2104,2104,Jonathan Tavernari made Two Point Jumper.,4,2,2,24,0.5506838603985946,0.5506838603985946,UNLV,BYU,6,6,NA,290522439,2009-02-21
38,1,14:40,2080,2080,Joe Darger made Three Point Jumper.,7,2,5,27,0.625825293157319,0.625825293157319,UNLV,BYU,6,6,NA,290522439,2009-02-21
39,1,14:13,2053,2053,Lee Cummard made Two Point Jumper.  Assisted by Jackson Emery.,7,4,3,17,0.5775058488448567,0.5775058488448567,UNLV,BYU,6,6,NA,290522439,2009-02-21
40,1,13:56,2036,2036,Tre'Von Willis made Two Point Jumper.,9,4,5,18,0.6283338732742854,0.6283338732742854,UNLV,BYU,6,6,NA,290522439,2009-02-21
41,1,13:38,2018,2018,Jonathan Tavernari Turnover.,9,4,5,26,0.6293734778663188,0.6293734778663188,UNLV,BYU,6,6,NA,290522439,2009-02-21
42,1,13:12,1992,1992,Joe Darger missed Three Point Jumper.,9,4,5,0,0.6308900594558358,0.6308900594558358,UNLV,BYU,6,6,NA,290522439,2009-02-21
43,1,13:12,1992,1992,Jackson Emery Defensive Rebound.,9,4,5,4,0.6308900594558358,0.6308900594558358,UNLV,BYU,6,6,NA,290522439,2009-02-21
44,1,13:08,1988,1988,Foul on Tre'Von Willis,9,4,5,11,0.6311250154890536,0.6311250154890536,UNLV,BYU,6,6,NA,290522439,2009-02-21
45,1,12:57,1977,1977,Chris Miles made Two Point Layup.  Assisted by Lamont Morgan Jr..,9,6,3,20,0.5802743095629743,0.5802743095629743,UNLV,BYU,6,6,NA,290522439,2009-02-21
46,1,12:37,1957,1957,Oscar Bellfield missed Two Point Jumper.,9,6,3,0,0.5810209106794497,0.5810209106794497,UNLV,BYU,6,6,NA,290522439,2009-02-21
47,1,12:37,1957,1957,Mareceo Rutledge Offensive Rebound.,9,6,3,4,0.5810209106794497,0.5810209106794497,UNLV,BYU,6,6,NA,290522439,2009-02-21
48,1,12:33,1953,1953,Mareceo Rutledge missed Two Point Jumper.,9,6,3,0,0.5811712110282169,0.5811712110282169,UNLV,BYU,6,6,NA,290522439,2009-02-21
49,1,12:33,1953,1953,Chris Miles Block.,9,6,3,0,0.5811712110282169,0.5811712110282169,UNLV,BYU,6,6,NA,290522439,2009-02-21
50,1,12:33,1953,1953,UNLV Offensive Rebound.,9,6,3,2,0.5811712110282169,0.5811712110282169,UNLV,BYU,6,6,NA,290522439,2009-02-21
51,1,12:31,1951,1951,Oscar Bellfield Turnover.,9,6,3,1,0.5812464862174684,0.5812464862174684,UNLV,BYU,6,6,NA,290522439,2009-02-21
52,1,12:30,1950,1950,Jackson Emery Steal.,9,6,3,2,0.5812841552338529,0.5812841552338529,UNLV,BYU,6,6,NA,290522439,2009-02-21
53,1,12:28,1948,1948,Jackson Emery made Two Point Layup.,9,8,1,24,0.5273357990812544,0.5273357990812544,UNLV,BYU,6,6,NA,290522439,2009-02-21
54,1,12:04,1924,1924,Darris Santee missed Two Point Jumper.,9,8,1,0,0.5276468647155523,0.5276468647155523,UNLV,BYU,6,6,NA,290522439,2009-02-21
55,1,12:04,1924,1924,Mareceo Rutledge Offensive Rebound.,9,8,1,3,0.5276468647155523,0.5276468647155523,UNLV,BYU,6,6,NA,290522439,2009-02-21
56,1,12:01,1921,1921,Foul on Chris Miles,9,8,1,3,0.5276858564523762,0.5276858564523762,UNLV,BYU,6,6,NA,290522439,2009-02-21
57,1,11:58,1918,1918,Kendall Wallace missed Three Point Jumper.,9,8,1,0,0.5277248306378863,0.5277248306378863,UNLV,BYU,6,6,NA,290522439,2009-02-21
58,1,11:58,1918,1918,Lee Cummard Block.,9,8,1,0,0.5277248306378863,0.5277248306378863,UNLV,BYU,6,6,NA,290522439,2009-02-21
59,1,11:58,1918,1918,Lamont Morgan Jr. Defensive Rebound.,9,8,1,0,0.5277248306378863,0.5277248306378863,UNLV,BYU,6,6,NA,290522439,2009-02-21
60,1,11:58,1918,1918,Jimmer Fredette missed Two Point Layup.,9,8,1,0,0.5277248306378863,0.5277248306378863,UNLV,BYU,6,6,NA,290522439,2009-02-21
61,1,11:58,1918,1918,Lee Cummard Offensive Rebound.,9,8,1,0,0.5277248306378863,0.5277248306378863,UNLV,BYU,6,6,NA,290522439,2009-02-21
62,1,11:58,1918,1918,Lee Cummard made Two Point Layup.,9,10,-1,16,0.4722751693621137,0.4722751693621137,UNLV,BYU,6,6,NA,290522439,2009-02-21
63,1,11:42,1902,1902,Tre'Von Willis Turnover.,9,10,-1,2,0.4720675168827789,0.4720675168827789,UNLV,BYU,6,6,NA,290522439,2009-02-21
64,1,11:40,1900,1900,Lamont Morgan Jr. Steal.,9,10,-1,33,0.4720415753866909,0.4720415753866909,UNLV,BYU,6,6,NA,290522439,2009-02-21
65,1,11:07,1867,1867,Lee Cummard made Two Point Layup.,9,12,-3,25,0.41556475004683063,0.41556475004683063,UNLV,BYU,6,6,NA,290522439,2009-02-21
66,1,10:42,1842,1842,Darris Santee missed Two Point Layup.,9,12,-3,0,0.41461197697464103,0.41461197697464103,UNLV,BYU,6,6,NA,290522439,2009-02-21
67,1,10:42,1842,1842,Chris Miles Defensive Rebound.,9,12,-3,11,0.41461197697464103,0.41461197697464103,UNLV,BYU,6,6,NA,290522439,2009-02-21
68,1,10:31,1831,1831,Jackson Emery missed Two Point Layup.,9,12,-3,0,0.4141907256805037,0.4141907256805037,UNLV,BYU,6,6,NA,290522439,2009-02-21
69,1,10:31,1831,1831,Kendall Wallace Defensive Rebound.,9,12,-3,11,0.4141907256805037,0.4141907256805037,UNLV,BYU,6,6,NA,290522439,2009-02-21
70,1,10:20,1820,1820,Mareceo Rutledge made Three Point Jumper.,12,12,0,12,0.5,0.5,UNLV,BYU,6,6,NA,290522439,2009-02-21
71,1,10:08,1808,1808,Brigham Young 30 Second Timeout.,12,12,0,7,0.5,0.5,UNLV,BYU,6,5,NA,290522439,2009-02-21
72,1,10:01,1801,1801,Official TV Timeout.,12,12,0,10,0.5,0.5,UNLV,BYU,6,5,NA,290522439,2009-02-21
73,1,9:51,1791,1791,Lamont Morgan Jr. missed Two Point Jumper.,12,12,0,0,0.5,0.5,UNLV,BYU,6,5,NA,290522439,2009-02-21
74,1,9:51,1791,1791,Wink Adams Defensive Rebound.,12,12,0,16,0.5,0.5,UNLV,BYU,6,5,NA,290522439,2009-02-21
75,1,9:35,1775,1775,Tre'Von Willis missed Two Point Jumper.,12,12,0,0,0.5,0.5,UNLV,BYU,6,5,NA,290522439,2009-02-21
76,1,9:35,1775,1775,Jonathan Tavernari Defensive Rebound.,12,12,0,11,0.5,0.5,UNLV,BYU,6,5,NA,290522439,2009-02-21
77,1,9:24,1764,1764,Jackson Emery missed Three Point Jumper.,12,12,0,0,0.5,0.5,UNLV,BYU,6,5,NA,290522439,2009-02-21
78,1,9:24,1764,1764,Tre'Von Willis Defensive Rebound.,12,12,0,19,0.5,0.5,UNLV,BYU,6,5,NA,290522439,2009-02-21
79,1,9:05,1745,1745,Foul on Lamont Morgan Jr.,12,12,0,0,0.5,0.5,UNLV,BYU,6,5,NA,290522439,2009-02-21
80,1,9:05,1745,1745,Tre'Von Willis made Free Throw.,13,12,1,0,0.5300131747966011,0.5300131747966011,UNLV,BYU,6,5,NA,290522439,2009-02-21
81,1,9:05,1745,1745,Tre'Von Willis made Free Throw.,14,12,2,27,0.5598108414036618,0.5598108414036618,UNLV,BYU,6,5,NA,290522439,2009-02-21
82,1,8:38,1718,1718,Jonathan Tavernari missed Two Point Layup.,14,12,2,0,0.5605597178004775,0.5605597178004775,UNLV,BYU,6,5,NA,290522439,2009-02-21
83,1,8:38,1718,1718,Lee Cummard Offensive Rebound.,14,12,2,3,0.5605597178004775,0.5605597178004775,UNLV,BYU,6,5,NA,290522439,2009-02-21
84,1,8:35,1715,1715,Lee Cummard missed Two Point Jumper.,14,12,2,0,0.5606440865252885,0.5606440865252885,UNLV,BYU,6,5,NA,290522439,2009-02-21
85,1,8:35,1715,1715,Wink Adams Defensive Rebound.,14,12,2,7,0.5606440865252885,0.5606440865252885,UNLV,BYU,6,5,NA,290522439,2009-02-21
86,1,8:28,1708,1708,Joe Darger missed Two Point Jumper.,14,12,2,0,0.5608419150207969,0.5608419150207969,UNLV,BYU,6,5,NA,290522439,2009-02-21
87,1,8:28,1708,1708,Jackson Emery Defensive Rebound.,14,12,2,11,0.5608419150207969,0.5608419150207969,UNLV,BYU,6,5,NA,290522439,2009-02-21
88,1,8:17,1697,1697,Jonathan Tavernari made Three Point Jumper.  Assisted by Lamont Morgan Jr..,14,15,-1,16,0.4693069589844283,0.4693069589844283,UNLV,BYU,6,5,NA,290522439,2009-02-21
89,1,8:01,1681,1681,Tre'Von Willis missed Three Point Jumper.,14,15,-1,0,0.46907445395022607,0.46907445395022607,UNLV,BYU,6,5,NA,290522439,2009-02-21
90,1,8:01,1681,1681,Jonathan Tavernari Defensive Rebound.,14,15,-1,8,0.46907445395022607,0.46907445395022607,UNLV,BYU,6,5,NA,290522439,2009-02-21
91,1,7:53,1673,1673,Charles Abouo made Two Point Jumper.  Assisted by Jonathan Tavernari.,14,17,-3,18,0.4078255922568191,0.4078255922568191,UNLV,BYU,6,5,NA,290522439,2009-02-21
92,1,7:35,1655,1655,Tre'Von Willis Turnover.,14,17,-3,0,0.4070879866766019,0.4070879866766019,UNLV,BYU,6,5,NA,290522439,2009-02-21
93,1,7:35,1655,1655,Official TV Timeout.,14,17,-3,19,0.4070879866766019,0.4070879866766019,UNLV,BYU,6,5,NA,290522439,2009-02-21
94,1,7:16,1636,1636,Jimmer Fredette made Two Point Jumper.  Assisted by Lamont Morgan Jr..,14,19,-5,23,0.347064162554002,0.347064162554002,UNLV,BYU,6,5,NA,290522439,2009-02-21
95,1,6:53,1613,1613,Wink Adams missed Three Point Jumper.,14,19,-5,0,0.3456376271458794,0.3456376271458794,UNLV,BYU,6,5,NA,290522439,2009-02-21
96,1,6:53,1613,1613,Jonathan Tavernari Defensive Rebound.,14,19,-5,33,0.3456376271458794,0.3456376271458794,UNLV,BYU,6,5,NA,290522439,2009-02-21
97,1,6:20,1580,1580,Jimmer Fredette missed Three Point Jumper.,14,19,-5,0,0.3436032402030088,0.3436032402030088,UNLV,BYU,6,5,NA,290522439,2009-02-21
98,1,6:20,1580,1580,Wink Adams Defensive Rebound.,14,19,-5,10,0.3436032402030088,0.3436032402030088,UNLV,BYU,6,5,NA,290522439,2009-02-21
99,1,6:10,1570,1570,Kendall Wallace missed Three Point Jumper.,14,19,-5,0,0.3429837606535523,0.3429837606535523,UNLV,BYU,6,5,NA,290522439,2009-02-21
100,1,6:10,1570,1570,Jonathan Tavernari Defensive Rebound.,14,19,-5,10,0.3429837606535523,0.3429837606535523,UNLV,BYU,6,5,NA,290522439,2009-02-21
101,1,6:00,1560,1560,Chris Miles missed Two Point Dunk Shot.,14,19,-5,0,0.34236070467534185,0.34236070467534185,UNLV,BYU,6,5,NA,290522439,2009-02-21
102,1,6:00,1560,1560,Oscar Bellfield Defensive Rebound.,14,19,-5,16,0.34236070467534185,0.34236070467534185,UNLV,BYU,6,5,NA,290522439,2009-02-21
103,1,5:44,1544,1544,Rene Rougeau missed Two Point Jumper.,14,19,-5,0,0.34135331273605607,0.34135331273605607,UNLV,BYU,6,5,NA,290522439,2009-02-21
104,1,5:44,1544,1544,Jonathan Tavernari Defensive Rebound.,14,19,-5,15,0.34135331273605607,0.34135331273605607,UNLV,BYU,6,5,NA,290522439,2009-02-21
105,1,5:29,1529,1529,Jonathan Tavernari missed Three Point Jumper.,14,19,-5,0,0.3403932621694192,0.3403932621694192,UNLV,BYU,6,5,NA,290522439,2009-02-21
106,1,5:29,1529,1529,Oscar Bellfield Defensive Rebound.,14,19,-5,30,0.3403932621694192,0.3403932621694192,UNLV,BYU,6,5,NA,290522439,2009-02-21
107,1,4:59,1499,1499,Wink Adams made Two Point Layup.  Assisted by Kendall Wallace.,16,19,-3,18,0.4007767751478578,0.4007767751478578,UNLV,BYU,6,5,NA,290522439,2009-02-21
108,1,4:41,1481,1481,Chris Miles missed Two Point Layup.,16,19,-3,0,0.39997836968916023,0.39997836968916023,UNLV,BYU,6,5,NA,290522439,2009-02-21
109,1,4:41,1481,1481,Rene Rougeau Defensive Rebound.,16,19,-3,8,0.39997836968916023,0.39997836968916023,UNLV,BYU,6,5,NA,290522439,2009-02-21
110,1,4:33,1473,1473,Oscar Bellfield missed Three Point Jumper.,16,19,-3,0,0.3996138875017199,0.3996138875017199,UNLV,BYU,6,5,NA,290522439,2009-02-21
111,1,4:33,1473,1473,Jimmer Fredette Defensive Rebound.,16,19,-3,39,0.3996138875017199,0.3996138875017199,UNLV,BYU,6,5,NA,290522439,2009-02-21
112,1,3:54,1434,1434,Charles Abouo missed Three Point Jumper.,16,19,-3,0,0.39776623897298613,0.39776623897298613,UNLV,BYU,6,5,NA,290522439,2009-02-21
113,1,3:54,1434,1434,Chris Miles Offensive Rebound.,16,19,-3,5,0.39776623897298613,0.39776623897298613,UNLV,BYU,6,5,NA,290522439,2009-02-21
114,1,3:49,1429,1429,Foul on Oscar Bellfield,16,19,-3,0,0.39753319380561847,0.39753319380561847,UNLV,BYU,6,5,NA,290522439,2009-02-21
115,1,3:49,1429,1429,Official TV Timeout.,16,19,-3,0,0.39753319380561847,0.39753319380561847,UNLV,BYU,6,5,NA,290522439,2009-02-21
116,1,3:49,1429,1429,Charles Abouo missed Free Throw.,16,19,-3,0,0.39753319380561847,0.39753319380561847,UNLV,BYU,6,5,NA,290522439,2009-02-21
117,1,3:49,1429,1429,null,16,19,-3,0,0.39753319380561847,0.39753319380561847,UNLV,BYU,6,5,NA,290522439,2009-02-21
118,1,3:49,1429,1429,Charles Abouo missed Free Throw.,16,19,-3,0,0.39753319380561847,0.39753319380561847,UNLV,BYU,6,5,NA,290522439,2009-02-21
119,1,3:49,1429,1429,Joe Darger Defensive Rebound.,16,19,-3,11,0.39753319380561847,0.39753319380561847,UNLV,BYU,6,5,NA,290522439,2009-02-21
120,1,3:38,1418,1418,Rene Rougeau Turnover.,16,19,-3,21,0.3970277683000566,0.3970277683000566,UNLV,BYU,6,5,NA,290522439,2009-02-21
121,1,3:17,1397,1397,Charles Abouo made Two Point Layup.,16,21,-5,23,0.33114533178764954,0.33114533178764954,UNLV,BYU,6,5,NA,290522439,2009-02-21
122,1,2:54,1374,1374,Wink Adams missed Three Point Jumper.,16,21,-5,0,0.3295831679662809,0.3295831679662809,UNLV,BYU,6,5,NA,290522439,2009-02-21
123,1,2:54,1374,1374,Noah Hartsock Defensive Rebound.,16,21,-5,9,0.3295831679662809,0.3295831679662809,UNLV,BYU,6,5,NA,290522439,2009-02-21
124,1,2:45,1365,1365,Jackson Emery missed Three Point Jumper.,16,21,-5,0,0.32897567147500223,0.32897567147500223,UNLV,BYU,6,5,NA,290522439,2009-02-21
125,1,2:45,1365,1365,Wink Adams Defensive Rebound.,16,21,-5,9,0.32897567147500223,0.32897567147500223,UNLV,BYU,6,5,NA,290522439,2009-02-21
126,1,2:36,1356,1356,Foul on Noah Hartsock,16,21,-5,0,0.3283678975646202,0.3283678975646202,UNLV,BYU,6,5,NA,290522439,2009-02-21
127,1,2:36,1356,1356,Wink Adams made Free Throw.,17,21,-4,0,0.36066918278775106,0.36066918278775106,UNLV,BYU,6,5,NA,290522439,2009-02-21
128,1,2:36,1356,1356,Wink Adams made Free Throw.,18,21,-3,17,0.3942825919842196,0.3942825919842196,UNLV,BYU,6,5,NA,290522439,2009-02-21
129,1,2:19,1339,1339,Lee Cummard Turnover.,18,21,-3,0,0.39353214650722035,0.39353214650722035,UNLV,BYU,6,5,NA,290522439,2009-02-21
130,1,2:19,1339,1339,Foul on Lee Cummard,18,21,-3,9,0.39353214650722035,0.39353214650722035,UNLV,BYU,6,5,NA,290522439,2009-02-21
131,1,2:10,1330,1330,Wink Adams Turnover.,18,21,-3,0,0.3931304141835511,0.3931304141835511,UNLV,BYU,6,5,NA,290522439,2009-02-21
132,1,2:10,1330,1330,Foul on Wink Adams,18,21,-3,28,0.3931304141835511,0.3931304141835511,UNLV,BYU,6,5,NA,290522439,2009-02-21
133,1,1:42,1302,1302,Charles Abouo missed Two Point Jumper.,18,21,-3,0,0.3918478668834848,0.3918478668834848,UNLV,BYU,6,5,NA,290522439,2009-02-21
134,1,1:42,1302,1302,Joe Darger Defensive Rebound.,18,21,-3,7,0.3918478668834848,0.3918478668834848,UNLV,BYU,6,5,NA,290522439,2009-02-21
135,1,1:35,1295,1295,UNLV 30 Second Timeout.,18,21,-3,25,0.3915169827425266,0.3915169827425266,UNLV,BYU,6,4,NA,290522439,2009-02-21
136,1,1:10,1270,1270,Rene Rougeau missed Two Point Jumper.,18,21,-3,0,0.39029064907845223,0.39029064907845223,UNLV,BYU,6,4,NA,290522439,2009-02-21
137,1,1:10,1270,1270,UNLV Offensive Rebound.,18,21,-3,11,0.39029064907845223,0.39029064907845223,UNLV,BYU,6,4,NA,290522439,2009-02-21
138,1,0:59,1259,1259,Joe Darger made Three Point Jumper.,21,21,0,28,0.5,0.5,UNLV,BYU,6,4,NA,290522439,2009-02-21
139,1,0:31,1231,1231,Jimmer Fredette missed Two Point Jumper.,21,21,0,0,0.5,0.5,UNLV,BYU,6,4,NA,290522439,2009-02-21
140,1,0:31,1231,1231,Tre'Von Willis Defensive Rebound.,21,21,0,14,0.5,0.5,UNLV,BYU,6,4,NA,290522439,2009-02-21
141,1,0:17,1217,1217,Foul on Lamont Morgan Jr.,21,21,0,17,0.5,0.5,UNLV,BYU,6,4,NA,290522439,2009-02-21
142,1,0:00,1200,1200,Rene Rougeau made Two Point Layup.,23,21,2,0,0.5765093285143758,0.5765093285143758,UNLV,BYU,6,4,NA,290522439,2009-02-21
143,1,0:00,1200,1200,End of the 1st Half.,23,21,2,0,0.5765093285143758,0.5765093285143758,UNLV,BYU,6,4,NA,290522439,2009-02-21
144,2,20:00,1200,1200,PLAY,23,21,2,18,0.5765093285143758,0.5765093285143758,UNLV,BYU,6,4,NA,290522439,2009-02-21
145,2,19:42,1182,1182,Tre'Von Willis Turnover.,23,21,2,3,0.5772393125887524,0.5772393125887524,UNLV,BYU,6,4,NA,290522439,2009-02-21
146,2,19:39,1179,1179,Foul on Tre'Von Willis,23,21,2,0,0.5773589079751501,0.5773589079751501,UNLV,BYU,6,4,NA,290522439,2009-02-21
147,2,19:39,1179,1179,Lee Cummard made Free Throw.,23,22,1,0,0.5389137399514871,0.5389137399514871,UNLV,BYU,6,4,NA,290522439,2009-02-21
148,2,19:39,1179,1179,Lee Cummard missed Free Throw.,23,22,1,0,0.5389137399514871,0.5389137399514871,UNLV,BYU,6,4,NA,290522439,2009-02-21
149,2,19:39,1179,1179,Rene Rougeau Defensive Rebound.,23,22,1,9,0.5389137399514871,0.5389137399514871,UNLV,BYU,6,4,NA,290522439,2009-02-21
150,2,19:30,1170,1170,Joe Darger missed Three Point Jumper.,23,22,1,0,0.5390949967418553,0.5390949967418553,UNLV,BYU,6,4,NA,290522439,2009-02-21
151,2,19:30,1170,1170,Chris Miles Defensive Rebound.,23,22,1,21,0.5390949967418553,0.5390949967418553,UNLV,BYU,6,4,NA,290522439,2009-02-21
152,2,19:09,1149,1149,Chris Miles made Two Point Layup.  Assisted by Jackson Emery.,23,24,-1,21,0.46048798599100366,0.46048798599100366,UNLV,BYU,6,4,NA,290522439,2009-02-21
153,2,18:48,1128,1128,Joe Darger made Three Point Jumper.,26,24,2,23,0.5793457468662431,0.5793457468662431,UNLV,BYU,6,4,NA,290522439,2009-02-21
154,2,18:25,1105,1105,Jimmer Fredette missed Two Point Layup.,26,24,2,0,0.580242276961774,0.580242276961774,UNLV,BYU,6,4,NA,290522439,2009-02-21
155,2,18:25,1105,1105,Rene Rougeau Block.,26,24,2,2,0.580242276961774,0.580242276961774,UNLV,BYU,6,4,NA,290522439,2009-02-21
156,2,18:23,1103,1103,Brigham Young Offensive Rebound.,26,24,2,12,0.5803210932503833,0.5803210932503833,UNLV,BYU,6,4,NA,290522439,2009-02-21
157,2,18:11,1091,1091,Chris Miles made Two Point Layup.  Assisted by Jackson Emery.,26,26,0,14,0.5,0.5,UNLV,BYU,6,4,NA,290522439,2009-02-21
158,2,17:57,1077,1077,Rene Rougeau made Two Point Jumper.,28,26,2,13,0.5813663929548087,0.5813663929548087,UNLV,BYU,6,4,NA,290522439,2009-02-21
159,2,17:44,1064,1064,Chris Miles missed Two Point Jumper.,28,26,2,0,0.5819080374420005,0.5819080374420005,UNLV,BYU,6,4,NA,290522439,2009-02-21
160,2,17:44,1064,1064,Tre'Von Willis Defensive Rebound.,28,26,2,7,0.5819080374420005,0.5819080374420005,UNLV,BYU,6,4,NA,290522439,2009-02-21
161,2,17:37,1057,1057,Oscar Bellfield missed Two Point Layup.,28,26,2,0,0.5822063562177799,0.5822063562177799,UNLV,BYU,6,4,NA,290522439,2009-02-21
162,2,17:37,1057,1057,Chris Miles Block.,28,26,2,3,0.5822063562177799,0.5822063562177799,UNLV,BYU,6,4,NA,290522439,2009-02-21
163,2,17:34,1054,1054,Lee Cummard Defensive Rebound.,28,26,2,3,0.5823357869243388,0.5823357869243388,UNLV,BYU,6,4,NA,290522439,2009-02-21
164,2,17:31,1051,1051,Jackson Emery made Two Point Layup.  Assisted by Lee Cummard.,28,28,0,11,0.5,0.5,UNLV,BYU,6,4,NA,290522439,2009-02-21
165,2,17:20,1040,1040,Wink Adams made Three Point Jumper.  Assisted by Oscar Bellfield.,31,28,3,24,0.6230149700933686,0.6230149700933686,UNLV,BYU,6,4,NA,290522439,2009-02-21
166,2,16:56,1016,1016,Jonathan Tavernari missed Three Point Jumper.,31,28,3,0,0.6246373581639776,0.6246373581639776,UNLV,BYU,6,4,NA,290522439,2009-02-21
167,2,16:56,1016,1016,Joe Darger Defensive Rebound.,31,28,3,21,0.6246373581639776,0.6246373581639776,UNLV,BYU,6,4,NA,290522439,2009-02-21
168,2,16:35,995,995,Tre'Von Willis made Two Point Jumper.  Assisted by Wink Adams.,33,28,5,5,0.7025905049816799,0.7025905049816799,UNLV,BYU,6,4,NA,290522439,2009-02-21
169,2,16:30,990,990,Brigham Young 30 Second Timeout.,33,28,5,20,0.7031564554947879,0.7031564554947879,UNLV,BYU,6,3,NA,290522439,2009-02-21
170,2,16:10,970,970,Lamont Morgan Jr. Turnover.,33,28,5,1,0.7055229364764024,0.7055229364764024,UNLV,BYU,6,3,NA,290522439,2009-02-21
171,2,16:09,969,969,Tre'Von Willis Steal.,33,28,5,31,0.7056451986360136,0.7056451986360136,UNLV,BYU,6,3,NA,290522439,2009-02-21
172,2,15:38,938,938,Wink Adams missed Two Point Jumper.,33,28,5,0,0.7091053262526746,0.7091053262526746,UNLV,BYU,6,3,NA,290522439,2009-02-21
173,2,15:38,938,938,Lee Cummard Defensive Rebound.,33,28,5,3,0.7091053262526746,0.7091053262526746,UNLV,BYU,6,3,NA,290522439,2009-02-21
174,2,15:35,935,935,UNLV 30 Second Timeout.,33,28,5,0,0.7094114227049872,0.7094114227049872,UNLV,BYU,6,2,NA,290522439,2009-02-21
175,2,15:35,935,935,Foul on Rene Rougeau,33,28,5,17,0.7094114227049872,0.7094114227049872,UNLV,BYU,6,2,NA,290522439,2009-02-21
176,2,15:18,918,918,Lee Cummard made Two Point Jumper.,33,30,3,20,0.6318976206665436,0.6318976206665436,UNLV,BYU,6,2,NA,290522439,2009-02-21
177,2,14:58,898,898,Mareceo Rutledge missed Three Point Jumper.,33,30,3,0,0.633151874055841,0.633151874055841,UNLV,BYU,6,2,NA,290522439,2009-02-21
178,2,14:58,898,898,Jackson Emery Defensive Rebound.,33,30,3,10,0.633151874055841,0.633151874055841,UNLV,BYU,6,2,NA,290522439,2009-02-21
179,2,14:48,888,888,Chris Miles made Two Point Layup.,33,32,1,26,0.5455724632198637,0.5455724632198637,UNLV,BYU,6,2,NA,290522439,2009-02-21
180,2,14:22,862,862,Tre'Von Willis missed Three Point Jumper.,33,32,1,0,0.5461369441507579,0.5461369441507579,UNLV,BYU,6,2,NA,290522439,2009-02-21
181,2,14:22,862,862,Lee Cummard Defensive Rebound.,33,32,1,19,0.5461369441507579,0.5461369441507579,UNLV,BYU,6,2,NA,290522439,2009-02-21
182,2,14:03,843,843,Lamont Morgan Jr. Turnover.,33,32,1,1,0.5465646414830916,0.5465646414830916,UNLV,BYU,6,2,NA,290522439,2009-02-21
183,2,14:02,842,842,Tre'Von Willis Steal.,33,32,1,4,0.5465878123980799,0.5465878123980799,UNLV,BYU,6,2,NA,290522439,2009-02-21
184,2,13:58,838,838,Tre'Von Willis made Two Point Layup.,35,32,3,12,0.6368716891785073,0.6368716891785073,UNLV,BYU,6,2,NA,290522439,2009-02-21
185,2,13:46,826,826,Foul on Tre'Von Willis,35,32,3,10,0.6376817170704719,0.6376817170704719,UNLV,BYU,6,2,NA,290522439,2009-02-21
186,2,13:36,816,816,Lee Cummard missed Two Point Jumper.,35,32,3,0,0.6383901758741033,0.6383901758741033,UNLV,BYU,6,2,NA,290522439,2009-02-21
187,2,13:36,816,816,Kendall Wallace Defensive Rebound.,35,32,3,24,0.6383901758741033,0.6383901758741033,UNLV,BYU,6,2,NA,290522439,2009-02-21
188,2,13:12,792,792,Mareceo Rutledge made Two Point Layup.  Assisted by Tre'Von Willis.,37,32,5,10,0.7232698651748727,0.7232698651748727,UNLV,BYU,6,2,NA,290522439,2009-02-21
189,2,13:02,782,782,Jonathan Tavernari made Three Point Jumper.,37,35,2,22,0.5955045520683807,0.5955045520683807,UNLV,BYU,6,2,NA,290522439,2009-02-21
190,2,12:40,760,760,Kendall Wallace missed Two Point Jumper.,37,35,2,0,0.5969561405294912,0.5969561405294912,UNLV,BYU,6,2,NA,290522439,2009-02-21
191,2,12:40,760,760,Jonathan Tavernari Defensive Rebound.,37,35,2,5,0.5969561405294912,0.5969561405294912,UNLV,BYU,6,2,NA,290522439,2009-02-21
192,2,12:35,755,755,Lee Cummard made Two Point Dunk Shot.,37,37,0,24,0.5,0.5,UNLV,BYU,6,2,NA,290522439,2009-02-21
193,2,12:11,731,731,Kendall Wallace made Three Point Jumper.,40,37,3,11,0.646420230520399,0.646420230520399,UNLV,BYU,6,2,NA,290522439,2009-02-21
194,2,12:00,720,720,Lee Cummard missed Three Point Jumper.,40,37,3,0,0.6477316376572129,0.6477316376572129,UNLV,BYU,6,2,NA,290522439,2009-02-21
195,2,12:00,720,720,Tre'Von Willis Defensive Rebound.,40,37,3,7,0.6477316376572129,0.6477316376572129,UNLV,BYU,6,2,NA,290522439,2009-02-21
196,2,11:53,713,713,Kendall Wallace made Three Point Jumper.,43,37,6,18,0.7729436619358782,0.7729436619358782,UNLV,BYU,6,2,NA,290522439,2009-02-21
197,2,11:35,695,695,Lee Cummard made Two Point Jumper.  Assisted by Lamont Morgan Jr..,43,39,4,20,0.6958290963609033,0.6958290963609033,UNLV,BYU,6,2,NA,290522439,2009-02-21
198,2,11:15,675,675,Kendall Wallace made Two Point Layup.,45,39,6,13,0.7786559518698289,0.7786559518698289,UNLV,BYU,6,2,NA,290522439,2009-02-21
199,2,11:02,662,662,Foul on Tre'Von Willis,45,39,6,0,0.7804461455573333,0.7804461455573333,UNLV,BYU,6,2,NA,290522439,2009-02-21
200,2,11:02,662,662,Official TV Timeout.,45,39,6,25,0.7804461455573333,0.7804461455573333,UNLV,BYU,6,2,NA,290522439,2009-02-21
201,2,10:37,637,637,Jimmer Fredette made Two Point Layup.,45,41,4,17,0.7024822495717652,0.7024822495717652,UNLV,BYU,6,2,NA,290522439,2009-02-21
202,2,10:20,620,620,Oscar Bellfield missed Three Point Jumper.,45,41,4,0,0.7045800275267936,0.7045800275267936,UNLV,BYU,6,2,NA,290522439,2009-02-21
203,2,10:20,620,620,Jonathan Tavernari Defensive Rebound.,45,41,4,34,0.7045800275267936,0.7045800275267936,UNLV,BYU,6,2,NA,290522439,2009-02-21
204,2,9:46,586,586,Foul on Rene Rougeau,45,41,4,0,0.7095430039577351,0.7095430039577351,UNLV,BYU,6,2,NA,290522439,2009-02-21
205,2,9:46,586,586,Jimmer Fredette made Free Throw.,45,42,3,0,0.6614749857656249,0.6614749857656249,UNLV,BYU,6,2,NA,290522439,2009-02-21
206,2,9:46,586,586,Jimmer Fredette made Free Throw.,45,43,2,12,0.6098264545977161,0.6098264545977161,UNLV,BYU,6,2,NA,290522439,2009-02-21
207,2,9:34,574,574,Rene Rougeau made Two Point Layup.  Assisted by Wink Adams.,47,43,4,0,0.7116390768359518,0.7116390768359518,UNLV,BYU,6,2,NA,290522439,2009-02-21
208,2,9:34,574,574,Foul on Jackson Emery,47,43,4,0,0.7116390768359518,0.7116390768359518,UNLV,BYU,6,2,NA,290522439,2009-02-21
209,2,9:34,574,574,Rene Rougeau made Free Throw.,48,43,5,12,0.7556907626279092,0.7556907626279092,UNLV,BYU,6,2,NA,290522439,2009-02-21
210,2,9:22,562,562,Jimmer Fredette missed Three Point Jumper.,48,43,5,0,0.7582990230637648,0.7582990230637648,UNLV,BYU,6,2,NA,290522439,2009-02-21
211,2,9:22,562,562,Oscar Bellfield Defensive Rebound.,48,43,5,9,0.7582990230637648,0.7582990230637648,UNLV,BYU,6,2,NA,290522439,2009-02-21
212,2,9:13,553,553,Kendall Wallace missed Three Point Jumper.,48,43,5,0,0.7604356260266285,0.7604356260266285,UNLV,BYU,6,2,NA,290522439,2009-02-21
213,2,9:13,553,553,Jimmer Fredette Defensive Rebound.,48,43,5,7,0.7604356260266285,0.7604356260266285,UNLV,BYU,6,2,NA,290522439,2009-02-21
214,2,9:06,546,546,Jonathan Tavernari missed Three Point Jumper.,48,43,5,0,0.7621693165399316,0.7621693165399316,UNLV,BYU,6,2,NA,290522439,2009-02-21
215,2,9:06,546,546,Kendall Wallace Defensive Rebound.,48,43,5,4,0.7621693165399316,0.7621693165399316,UNLV,BYU,6,2,NA,290522439,2009-02-21
216,2,9:02,542,542,Foul on Jackson Emery,48,43,5,22,0.763104970981197,0.763104970981197,UNLV,BYU,6,2,NA,290522439,2009-02-21
217,2,8:40,520,520,Mareceo Rutledge made Three Point Jumper.  Assisted by Oscar Bellfield.,51,43,8,0,0.8711969757962422,0.8711969757962422,UNLV,BYU,6,2,NA,290522439,2009-02-21
218,2,8:40,520,520,Brigham Young 30 Second Timeout.,51,43,8,21,0.8711969757962422,0.8711969757962422,UNLV,BYU,6,1,NA,290522439,2009-02-21
219,2,8:19,499,499,Chris Miles made Two Point Layup.,51,45,6,8,0.8113850988575735,0.8113850988575735,UNLV,BYU,6,1,NA,290522439,2009-02-21
220,2,8:11,491,491,Foul on Chris Miles,51,45,6,0,0.8128725420955305,0.8128725420955305,UNLV,BYU,6,1,NA,290522439,2009-02-21
221,2,8:11,491,491,Mareceo Rutledge made Free Throw.,52,45,7,11,0.8473002748767702,0.8473002748767702,UNLV,BYU,6,1,NA,290522439,2009-02-21
222,2,8:00,480,480,Mareceo Rutledge made Two Point Layup.,54,45,9,19,0.9024185264100553,0.9024185264100553,UNLV,BYU,6,1,NA,290522439,2009-02-21
223,2,7:41,461,461,Official TV Timeout.,54,45,9,3,0.906072527325937,0.906072527325937,UNLV,BYU,6,1,NA,290522439,2009-02-21
224,2,7:38,458,458,Lee Cummard missed Two Point Jumper.,54,45,9,0,0.9067142843680741,0.9067142843680741,UNLV,BYU,6,1,NA,290522439,2009-02-21
225,2,7:38,458,458,Rene Rougeau Defensive Rebound.,54,45,9,28,0.9067142843680741,0.9067142843680741,UNLV,BYU,6,1,NA,290522439,2009-02-21
226,2,7:10,430,430,Rene Rougeau Turnover.,54,45,9,2,0.9138588648242926,0.9138588648242926,UNLV,BYU,6,1,NA,290522439,2009-02-21
227,2,7:08,428,428,Charles Abouo Steal.,54,45,9,6,0.9144465774018036,0.9144465774018036,UNLV,BYU,6,1,NA,290522439,2009-02-21
228,2,7:02,422,422,Jonathan Tavernari Turnover.,54,45,9,15,0.9161377338971283,0.9161377338971283,UNLV,BYU,6,1,NA,290522439,2009-02-21
229,2,6:47,407,407,Foul on Jackson Emery,54,45,9,0,0.9199985297914697,0.9199985297914697,UNLV,BYU,6,1,NA,290522439,2009-02-21
230,2,6:47,407,407,Wink Adams missed Free Throw.,54,45,9,0,0.9199985297914697,0.9199985297914697,UNLV,BYU,6,1,NA,290522439,2009-02-21
231,2,6:47,407,407,null,54,45,9,0,0.9199985297914697,0.9199985297914697,UNLV,BYU,6,1,NA,290522439,2009-02-21
232,2,6:47,407,407,Wink Adams made Free Throw.,55,45,10,19,0.9378300353077579,0.9378300353077579,UNLV,BYU,6,1,NA,290522439,2009-02-21
233,2,6:28,388,388,Foul on Mareceo Rutledge,55,45,10,0,0.9417505355501509,0.9417505355501509,UNLV,BYU,6,1,NA,290522439,2009-02-21
234,2,6:28,388,388,Jimmer Fredette made Free Throw.,55,46,9,0,0.9244709980164011,0.9244709980164011,UNLV,BYU,6,1,NA,290522439,2009-02-21
235,2,6:28,388,388,Jimmer Fredette missed Free Throw.,55,46,9,0,0.9244709980164011,0.9244709980164011,UNLV,BYU,6,1,NA,290522439,2009-02-21
236,2,6:28,388,388,Mareceo Rutledge Defensive Rebound.,55,46,9,13,0.9244709980164011,0.9244709980164011,UNLV,BYU,6,1,NA,290522439,2009-02-21
237,2,6:15,375,375,Wink Adams made Two Point Layup.  Assisted by Oscar Bellfield.,57,46,11,20,0.9575072210699132,0.9575072210699132,UNLV,BYU,6,1,NA,290522439,2009-02-21
238,2,5:55,355,355,Jonathan Tavernari made Two Point Layup.  Assisted by Jimmer Fredette.,57,48,9,3,0.9323521560746143,0.9323521560746143,UNLV,BYU,6,1,NA,290522439,2009-02-21
239,2,5:52,352,352,Brigham Young 30 Second Timeout.,57,48,9,13,0.933126287151411,0.933126287151411,UNLV,BYU,6,0,NA,290522439,2009-02-21
240,2,5:39,339,339,Wink Adams made Three Point Jumper.  Assisted by Rene Rougeau.,60,48,12,13,0.9731857385279099,0.9731857385279099,UNLV,BYU,6,0,NA,290522439,2009-02-21
241,2,5:26,326,326,Jonathan Tavernari made Three Point Jumper.,60,51,9,17,0.9405071075547271,0.9405071075547271,UNLV,BYU,6,0,NA,290522439,2009-02-21
242,2,5:09,309,309,Wink Adams made Three Point Jumper.  Assisted by Rene Rougeau.,63,51,12,23,0.9785250362093658,0.9785250362093658,UNLV,BYU,6,0,NA,290522439,2009-02-21
243,2,4:46,286,286,Jonathan Tavernari missed Two Point Layup.,63,51,12,0,0.9801149095111257,0.9801149095111257,UNLV,BYU,6,0,NA,290522439,2009-02-21
244,2,4:46,286,286,Oscar Bellfield Defensive Rebound.,63,51,12,12,0.9801149095111257,0.9801149095111257,UNLV,BYU,6,0,NA,290522439,2009-02-21
245,2,4:34,274,274,Wink Adams missed Two Point Jumper.,63,51,12,0,0.9796691196576477,0.9796691196576477,UNLV,BYU,6,0,NA,290522439,2009-02-21
246,2,4:34,274,274,Jimmer Fredette Defensive Rebound.,63,51,12,5,0.9796691196576477,0.9796691196576477,UNLV,BYU,6,0,NA,290522439,2009-02-21
247,2,4:29,269,269,Jimmer Fredette made Two Point Layup.,63,53,10,31,0.9614263353092231,0.9614263353092231,UNLV,BYU,6,0,NA,290522439,2009-02-21
248,2,3:58,238,238,Foul on Jonathan Tavernari,63,53,10,0,0.9586056698468399,0.9586056698468399,UNLV,BYU,6,0,NA,290522439,2009-02-21
249,2,3:58,238,238,Mareceo Rutledge made Free Throw.,64,53,11,0,0.9694264535328913,0.9694264535328913,UNLV,BYU,6,0,NA,290522439,2009-02-21
250,2,3:58,238,238,Mareceo Rutledge made Free Throw.,65,53,12,8,0.9774850410809633,0.9774850410809633,UNLV,BYU,6,0,NA,290522439,2009-02-21
251,2,3:50,230,230,Jimmer Fredette made Two Point Layup.,65,55,10,23,0.9587908398841217,0.9587908398841217,UNLV,BYU,6,0,NA,290522439,2009-02-21
252,2,3:27,207,207,Joe Darger missed Three Point Jumper.,65,55,10,0,0.96381110863864,0.96381110863864,UNLV,BYU,6,0,NA,290522439,2009-02-21
253,2,3:27,207,207,Kendall Wallace Offensive Rebound.,65,55,10,11,0.96381110863864,0.96381110863864,UNLV,BYU,6,0,NA,290522439,2009-02-21
254,2,3:16,196,196,Rene Rougeau made Two Point Layup.  Assisted by Kendall Wallace.,67,55,12,9,0.9840397460839245,0.9840397460839245,UNLV,BYU,6,0,NA,290522439,2009-02-21
255,2,3:07,187,187,Jimmer Fredette missed Two Point Layup.,67,55,12,0,0.9870379963334664,0.9870379963334664,UNLV,BYU,6,0,NA,290522439,2009-02-21
256,2,3:07,187,187,Oscar Bellfield Defensive Rebound.,67,55,12,8,0.9870379963334664,0.9870379963334664,UNLV,BYU,6,0,NA,290522439,2009-02-21
257,2,2:59,179,179,Oscar Bellfield Turnover.,67,55,12,1,0.9893815327333636,0.9893815327333636,UNLV,BYU,6,0,NA,290522439,2009-02-21
258,2,2:58,178,178,Lee Cummard Steal.,67,55,12,1,0.9896461233301053,0.9896461233301053,UNLV,BYU,6,0,NA,290522439,2009-02-21
259,2,2:57,177,177,Foul on Joe Darger,67,55,12,0,0.9899050017396573,0.9899050017396573,UNLV,BYU,6,0,NA,290522439,2009-02-21
260,2,2:57,177,177,Lamont Morgan Jr. made Free Throw.,67,56,11,0,0.9852759299304364,0.9852759299304364,UNLV,BYU,6,0,NA,290522439,2009-02-21
261,2,2:57,177,177,Lamont Morgan Jr. made Free Throw.,67,57,10,15,0.9785701447993878,0.9785701447993878,UNLV,BYU,6,0,NA,290522439,2009-02-21
262,2,2:42,162,162,Rene Rougeau missed Two Point Jumper.,67,57,10,0,0.9845204723781308,0.9845204723781308,UNLV,BYU,6,0,NA,290522439,2009-02-21
263,2,2:42,162,162,Jonathan Tavernari Defensive Rebound.,67,57,10,13,0.9845204723781308,0.9845204723781308,UNLV,BYU,6,0,NA,290522439,2009-02-21
264,2,2:29,149,149,Jonathan Tavernari missed Three Point Jumper.,67,57,10,0,0.9886387024835871,0.9886387024835871,UNLV,BYU,6,0,NA,290522439,2009-02-21
265,2,2:29,149,149,Wink Adams Defensive Rebound.,67,57,10,17,0.9886387024835871,0.9886387024835871,UNLV,BYU,6,0,NA,290522439,2009-02-21
266,2,2:12,132,132,Foul on Jimmer Fredette,67,57,10,0,0.9928403064592709,0.9928403064592709,UNLV,BYU,6,0,NA,290522439,2009-02-21
267,2,2:12,132,132,Wink Adams made Free Throw.,68,57,11,0,0.9956156194936814,0.9956156194936814,UNLV,BYU,6,0,NA,290522439,2009-02-21
268,2,2:12,132,132,Wink Adams missed Free Throw.,68,57,11,0,0.9956156194936814,0.9956156194936814,UNLV,BYU,6,0,NA,290522439,2009-02-21
269,2,2:12,132,132,Jonathan Tavernari Defensive Rebound.,68,57,11,15,0.9956156194936814,0.9956156194936814,UNLV,BYU,6,0,NA,290522439,2009-02-21
270,2,1:57,117,117,Jonathan Tavernari made Three Point Jumper.  Assisted by Lee Cummard.,68,60,8,1,0.9870195433861142,0.9870195433861142,UNLV,BYU,6,0,NA,290522439,2009-02-21
271,2,1:56,116,116,Brigham Young 30 Second Timeout.,68,60,8,18,0.9873727386417774,0.9873727386417774,UNLV,BYU,6,-1,NA,290522439,2009-02-21
272,2,1:38,98,98,Tre'Von Willis Turnover.,68,60,8,6,0.9927382621562711,0.9927382621562711,UNLV,BYU,6,-1,NA,290522439,2009-02-21
273,2,1:32,92,92,Foul on Tre'Von Willis,68,60,8,0,0.9941089836266952,0.9941089836266952,UNLV,BYU,6,-1,NA,290522439,2009-02-21
274,2,1:32,92,92,Lee Cummard made Free Throw.,68,61,7,0,0.9888749219723151,0.9888749219723151,UNLV,BYU,6,-1,NA,290522439,2009-02-21
275,2,1:32,92,92,Lee Cummard made Free Throw.,68,62,6,6,0.9790883144051191,0.9790883144051191,UNLV,BYU,6,-1,NA,290522439,2009-02-21
276,2,1:26,86,86,Foul on Jimmer Fredette,68,62,6,0,0.982151549311713,0.982151549311713,UNLV,BYU,6,-1,NA,290522439,2009-02-21
277,2,1:26,86,86,Oscar Bellfield missed Free Throw.,68,62,6,0,0.982151549311713,0.982151549311713,UNLV,BYU,6,-1,NA,290522439,2009-02-21
278,2,1:26,86,86,Jackson Emery Defensive Rebound.,68,62,6,16,0.982151549311713,0.982151549311713,UNLV,BYU,6,-1,NA,290522439,2009-02-21
279,2,1:10,70,70,Lee Cummard missed Two Point Layup.,68,62,6,0,0.9886579772580023,0.9886579772580023,UNLV,BYU,6,-1,NA,290522439,2009-02-21
280,2,1:10,70,70,Rene Rougeau Block.,68,62,6,2,0.9886579772580023,0.9886579772580023,UNLV,BYU,6,-1,NA,290522439,2009-02-21
281,2,1:08,68,68,Kendall Wallace Defensive Rebound.,68,62,6,5,0.9893259231909135,0.9893259231909135,UNLV,BYU,6,-1,NA,290522439,2009-02-21
282,2,1:03,63,63,Foul on Jimmer Fredette,68,62,6,0,0.9908527262572968,0.9908527262572968,UNLV,BYU,6,-1,NA,290522439,2009-02-21
283,2,1:03,63,63,Wink Adams made Free Throw.,69,62,7,0,0.9957895302543087,0.9957895302543087,UNLV,BYU,6,-1,NA,290522439,2009-02-21
284,2,1:03,63,63,Wink Adams missed Free Throw.,69,62,7,0,0.9957895302543087,0.9957895302543087,UNLV,BYU,6,-1,NA,290522439,2009-02-21
285,2,1:03,63,63,Lee Cummard Defensive Rebound.,69,62,7,9,0.9957895302543087,0.9957895302543087,UNLV,BYU,6,-1,NA,290522439,2009-02-21
286,2,0:54,54,54,Jimmer Fredette made Two Point Layup.,69,64,5,5,0.9844267896415257,0.9844267896415257,UNLV,BYU,6,-1,NA,290522439,2009-02-21
287,2,0:49,49,49,Wink Adams made Free Throw.,70,64,6,0,0.9941976370863972,0.9941976370863972,UNLV,BYU,6,-1,NA,290522439,2009-02-21
288,2,0:49,49,49,Wink Adams made Free Throw.,71,64,7,0,0.9975297170654565,0.9975297170654565,UNLV,BYU,6,-1,NA,290522439,2009-02-21
289,2,0:49,49,49,Foul on Charles Abouo,71,64,7,6,0.9975297170654565,0.9975297170654565,UNLV,BYU,6,-1,NA,290522439,2009-02-21
290,2,0:43,43,43,Jimmer Fredette missed Two Point Jumper.,71,64,7,0,0.9980616009947884,0.9980616009947884,UNLV,BYU,6,-1,NA,290522439,2009-02-21
291,2,0:43,43,43,Wink Adams Defensive Rebound.,71,64,7,3,0.9980616009947884,0.9980616009947884,UNLV,BYU,6,-1,NA,290522439,2009-02-21
292,2,0:40,40,40,Foul on Jackson Emery,71,64,7,0,0.9982888355972148,0.9982888355972148,UNLV,BYU,6,-1,NA,290522439,2009-02-21
293,2,0:40,40,40,Wink Adams missed Free Throw.,71,64,7,0,0.9982888355972148,0.9982888355972148,UNLV,BYU,6,-1,NA,290522439,2009-02-21
294,2,0:40,40,40,null,71,64,7,0,0.9982888355972148,0.9982888355972148,UNLV,BYU,6,-1,NA,290522439,2009-02-21
295,2,0:40,40,40,Wink Adams made Free Throw.,72,64,8,9,0.9993103985801203,0.9993103985801203,UNLV,BYU,6,-1,NA,290522439,2009-02-21
296,2,0:31,31,31,Lee Cummard made Two Point Dunk Shot.,72,66,6,4,0.9969528353613176,0.9969528353613176,UNLV,BYU,6,-1,NA,290522439,2009-02-21
297,2,0:27,27,27,Foul on Lee Cummard,72,66,6,0,0.9973802969153209,0.9973802969153209,UNLV,BYU,6,-1,NA,290522439,2009-02-21
298,2,0:27,27,27,Wink Adams made Free Throw.,73,66,7,0,0.9990253104137609,0.9990253104137609,UNLV,BYU,6,-1,NA,290522439,2009-02-21
299,2,0:27,27,27,Wink Adams missed Free Throw.,73,66,7,0,0.9990253104137609,0.9990253104137609,UNLV,BYU,6,-1,NA,290522439,2009-02-21
300,2,0:27,27,27,Jonathan Tavernari Defensive Rebound.,73,66,7,9,0.9990253104137609,0.9990253104137609,UNLV,BYU,6,-1,NA,290522439,2009-02-21
301,2,0:18,18,18,Jackson Emery made Two Point Layup.,73,68,5,0,0.9947507371379145,0.9947507371379145,UNLV,BYU,6,-1,NA,290522439,2009-02-21
302,2,0:18,18,18,Foul on Jonathan Tavernari,73,68,5,0,0.9947507371379145,0.9947507371379145,UNLV,BYU,6,-1,NA,290522439,2009-02-21
303,2,0:18,18,18,Rene Rougeau made Free Throw.,74,68,6,0,0.998154735048266,0.998154735048266,UNLV,BYU,6,-1,NA,290522439,2009-02-21
304,2,0:18,18,18,Rene Rougeau missed Free Throw.,74,68,6,0,0.998154735048266,0.998154735048266,UNLV,BYU,6,-1,NA,290522439,2009-02-21
305,2,0:18,18,18,Jonathan Tavernari Defensive Rebound.,74,68,6,9,0.998154735048266,0.998154735048266,UNLV,BYU,6,-1,NA,290522439,2009-02-21
306,2,0:09,9,9,Jonathan Tavernari made Three Point Jumper.  Assisted by Charles Abouo.,74,71,3,0,0.965548425338804,0.965548425338804,UNLV,BYU,6,-1,NA,290522439,2009-02-21
307,2,0:09,9,9,Foul on Jackson Emery,74,71,3,0,0.965548425338804,0.965548425338804,UNLV,BYU,6,-1,NA,290522439,2009-02-21
308,2,0:09,9,9,Oscar Bellfield missed Free Throw.,74,71,3,0,0.965548425338804,0.965548425338804,UNLV,BYU,6,-1,NA,290522439,2009-02-21
309,2,0:09,9,9,null,74,71,3,0,0.965548425338804,0.965548425338804,UNLV,BYU,6,-1,NA,290522439,2009-02-21
310,2,0:09,9,9,Oscar Bellfield made Free Throw.,75,71,4,4,0.988389749540432,0.988389749540432,UNLV,BYU,6,-1,NA,290522439,2009-02-21
311,2,0:05,5,5,Lee Cummard made Three Point Jumper.,75,74,1,5,0.7576160231918674,0.7576160231918674,UNLV,BYU,6,-1,NA,290522439,2009-02-21
312,2,0:00,0,0,End Game,75,74,1,0,0.9999999979388464,0.9999999979388464,UNLV,BYU,6,-1,NA,290522439,2009-02-21
