play_id,half,time_remaining_half,secs_remaining,secs_remaining_absolute,description,home_score,away_score,score_diff,play_length,win_prob,naive_win_prob,home,away,home_time_out_remaining,away_time_out_remaining,home_favored_by,game_id,date
1,1,20:00,2400,2400,PLAY,0,0,0,36,0.5,0.5,Little Rock,St Gregory's,4,4,NA,323392031,2012-12-04
2,1,19:24,2364,2364,John Gillon missed Three Point Jumper.,0,0,0,0,0.5,0.5,Little Rock,St Gregory's,4,4,NA,323392031,2012-12-04
3,1,19:24,2364,2364,James White Offensive Rebound.,0,0,0,14,0.5,0.5,Little Rock,St Gregory's,4,4,NA,323392031,2012-12-04
4,1,19:10,2350,2350,James White made Jumper.  Assisted by Michael Javes.,2,0,2,3,0.5450907609955827,0.5450907609955827,Little Rock,St Gregory's,4,4,NA,323392031,2012-12-04
5,1,19:07,2347,2347,Michael Javes made Layup.  Assisted by James White.,4,0,4,16,0.5895808025725221,0.5895808025725221,Little Rock,St Gregory's,4,4,NA,323392031,2012-12-04
6,1,18:51,2331,2331,Dylan Lemley Turnover.,4,0,4,13,0.5902605344670481,0.5902605344670481,Little Rock,St Gregory's,4,4,NA,323392031,2012-12-04
7,1,18:38,2318,2318,Devonte Young Turnover.,4,0,4,0,0.5908170095517618,0.5908170095517618,Little Rock,St Gregory's,4,4,NA,323392031,2012-12-04
8,1,18:38,2318,2318,Michael Javes Steal.,4,0,4,10,0.5908170095517618,0.5908170095517618,Little Rock,St Gregory's,4,4,NA,323392031,2012-12-04
9,1,18:28,2308,2308,John Gillon made Three Point Jumper.  Assisted by James White.,7,0,7,26,0.6561013542343561,0.6561013542343561,Little Rock,St Gregory's,4,4,NA,323392031,2012-12-04
10,1,18:02,2282,2282,Tim Stromberg made Layup.,7,2,5,17,0.6147311450243945,0.6147311450243945,Little Rock,St Gregory's,4,4,NA,323392031,2012-12-04
11,1,17:45,2265,2265,Michael Javes missed Layup.,7,2,5,0,0.6156431446759522,0.6156431446759522,Little Rock,St Gregory's,4,4,NA,323392031,2012-12-04
12,1,17:45,2265,2265,Brock Vorwald Defensive Rebound.,7,2,5,17,0.6156431446759522,0.6156431446759522,Little Rock,St Gregory's,4,4,NA,323392031,2012-12-04
13,1,17:28,2248,2248,Fayzon Richey missed Three Point Jumper.,7,2,5,0,0.6165602522137568,0.6165602522137568,Little Rock,St Gregory's,4,4,NA,323392031,2012-12-04
14,1,17:28,2248,2248,John Gillon Defensive Rebound.,7,2,5,14,0.6165602522137568,0.6165602522137568,Little Rock,St Gregory's,4,4,NA,323392031,2012-12-04
15,1,17:14,2234,2234,Leroy Isler made Jumper.,9,2,7,37,0.6613816212220218,0.6613816212220218,Little Rock,St Gregory's,4,4,NA,323392031,2012-12-04
16,1,16:37,2197,2197,Devonte Young Turnover.,9,2,7,5,0.6640561241647169,0.6640561241647169,Little Rock,St Gregory's,4,4,NA,323392031,2012-12-04
17,1,16:32,2192,2192,John Gillon made Layup.  Assisted by Will Neighbour.,11,2,9,20,0.7064499690629921,0.7064499690629921,Little Rock,St Gregory's,4,4,NA,323392031,2012-12-04
18,1,16:12,2172,2172,Brock Vorwald missed Jumper.,11,2,9,0,0.7081845387206361,0.7081845387206361,Little Rock,St Gregory's,4,4,NA,323392031,2012-12-04
19,1,16:12,2172,2172,Will Neighbour Defensive Rebound.,11,2,9,27,0.7081845387206361,0.7081845387206361,Little Rock,St Gregory's,4,4,NA,323392031,2012-12-04
20,1,15:45,2145,2145,Will Neighbour made Jumper.,13,2,11,13,0.7497930249359965,0.7497930249359965,Little Rock,St Gregory's,4,4,NA,323392031,2012-12-04
21,1,15:32,2132,2132,Brock Vorwald missed Three Point Jumper.,13,2,11,0,0.7510558707766619,0.7510558707766619,Little Rock,St Gregory's,4,4,NA,323392031,2012-12-04
22,1,15:32,2132,2132,Will Neighbour Defensive Rebound.,13,2,11,9,0.7510558707766619,0.7510558707766619,Little Rock,St Gregory's,4,4,NA,323392031,2012-12-04
23,1,15:23,2123,2123,John Gillon made Three Point Jumper.,16,2,14,19,0.8039829728162838,0.8039829728162838,Little Rock,St Gregory's,4,4,NA,323392031,2012-12-04
24,1,15:04,2104,2104,Dylan Lemley missed Three Point Jumper.,16,2,14,0,0.8059708326642648,0.8059708326642648,Little Rock,St Gregory's,4,4,NA,323392031,2012-12-04
25,1,15:04,2104,2104,Michael Javes Defensive Rebound.,16,2,14,8,0.8059708326642648,0.8059708326642648,Little Rock,St Gregory's,4,4,NA,323392031,2012-12-04
26,1,14:56,2096,2096,Foul on Devonte Young,16,2,14,0,0.8068077749504794,0.8068077749504794,Little Rock,St Gregory's,4,4,NA,323392031,2012-12-04
27,1,14:56,2096,2096,Official TV Timeout.,16,2,14,0,0.8068077749504794,0.8068077749504794,Little Rock,St Gregory's,4,4,NA,323392031,2012-12-04
28,1,14:56,2096,2096,John Gillon made Free Throw.,17,2,15,0,0.8222256392928318,0.8222256392928318,Little Rock,St Gregory's,4,4,NA,323392031,2012-12-04
29,1,14:56,2096,2096,John Gillon made Free Throw.,18,2,16,27,0.8366621693155951,0.8366621693155951,Little Rock,St Gregory's,4,4,NA,323392031,2012-12-04
30,1,14:29,2069,2069,Josiah Campbell missed Layup.,18,2,16,0,0.8394891092751885,0.8394891092751885,Little Rock,St Gregory's,4,4,NA,323392031,2012-12-04
31,1,14:29,2069,2069,Taggart Lockhart Defensive Rebound.,18,2,16,5,0.8394891092751885,0.8394891092751885,Little Rock,St Gregory's,4,4,NA,323392031,2012-12-04
32,1,14:24,2064,2064,James White Turnover.,18,2,16,0,0.8400119361975694,0.8400119361975694,Little Rock,St Gregory's,4,4,NA,323392031,2012-12-04
33,1,14:24,2064,2064,Dylan Lemley Steal.,18,2,16,17,0.8400119361975694,0.8400119361975694,Little Rock,St Gregory's,4,4,NA,323392031,2012-12-04
34,1,14:07,2047,2047,Fayzon Richey missed Three Point Jumper.,18,2,16,0,0.8417882173118769,0.8417882173118769,Little Rock,St Gregory's,4,4,NA,323392031,2012-12-04
35,1,14:07,2047,2047,James White Offensive Rebound.,18,2,16,20,0.8417882173118769,0.8417882173118769,Little Rock,St Gregory's,4,4,NA,323392031,2012-12-04
36,1,13:47,2027,2027,Leroy Isler missed Three Point Jumper.,18,2,16,0,0.8438757425206657,0.8438757425206657,Little Rock,St Gregory's,4,4,NA,323392031,2012-12-04
37,1,13:47,2027,2027,Brock Vorwald Defensive Rebound.,18,2,16,9,0.8438757425206657,0.8438757425206657,Little Rock,St Gregory's,4,4,NA,323392031,2012-12-04
38,1,13:38,2018,2018,Devonte Young missed Layup.,18,2,16,0,0.8448144996713414,0.8448144996713414,Little Rock,St Gregory's,4,4,NA,323392031,2012-12-04
39,1,13:38,2018,2018,Leroy Isler Defensive Rebound.,18,2,16,5,0.8448144996713414,0.8448144996713414,Little Rock,St Gregory's,4,4,NA,323392031,2012-12-04
40,1,13:33,2013,2013,Foul on Josiah Campbell,18,2,16,0,0.8453358914792451,0.8453358914792451,Little Rock,St Gregory's,4,4,NA,323392031,2012-12-04
41,1,13:33,2013,2013,Leroy Isler made Free Throw.,19,2,17,0,0.8587119991731939,0.8587119991731939,Little Rock,St Gregory's,4,4,NA,323392031,2012-12-04
42,1,13:33,2013,2013,Leroy Isler made Free Throw.,20,2,18,7,0.8711076632082839,0.8711076632082839,Little Rock,St Gregory's,4,4,NA,323392031,2012-12-04
43,1,13:26,2006,2006,Dylan Lemley Turnover.,20,2,18,16,0.8718124567169716,0.8718124567169716,Little Rock,St Gregory's,4,4,NA,323392031,2012-12-04
44,1,13:10,1990,1990,Taggart Lockhart Turnover.,20,2,18,0,0.8734207564397751,0.8734207564397751,Little Rock,St Gregory's,4,4,NA,323392031,2012-12-04
45,1,13:10,1990,1990,Josiah Campbell Steal.,20,2,18,4,0.8734207564397751,0.8734207564397751,Little Rock,St Gregory's,4,4,NA,323392031,2012-12-04
46,1,13:06,1986,1986,Josiah Campbell Turnover.,20,2,18,0,0.8738222741169529,0.8738222741169529,Little Rock,St Gregory's,4,4,NA,323392031,2012-12-04
47,1,13:06,1986,1986,Foul on Josiah Campbell,20,2,18,16,0.8738222741169529,0.8738222741169529,Little Rock,St Gregory's,4,4,NA,323392031,2012-12-04
48,1,12:50,1970,1970,Michael Javes Turnover.,20,2,18,16,0.875426217588441,0.875426217588441,Little Rock,St Gregory's,4,4,NA,323392031,2012-12-04
49,1,12:34,1954,1954,Foul on Taggart Lockhart,20,2,18,0,0.8770269075123353,0.8770269075123353,Little Rock,St Gregory's,4,4,NA,323392031,2012-12-04
50,1,12:34,1954,1954,Devonte Young made Free Throw.,20,3,17,0,0.8647632948648647,0.8647632948648647,Little Rock,St Gregory's,4,4,NA,323392031,2012-12-04
51,1,12:34,1954,1954,Devonte Young missed Free Throw.,20,3,17,0,0.8647632948648647,0.8647632948648647,Little Rock,St Gregory's,4,4,NA,323392031,2012-12-04
52,1,12:34,1954,1954,Ilya Chernov Offensive Rebound.,20,3,17,20,0.8647632948648647,0.8647632948648647,Little Rock,St Gregory's,4,4,NA,323392031,2012-12-04
53,1,12:14,1934,1934,Foul on Josh Hagins,20,3,17,1,0.8668092278029405,0.8668092278029405,Little Rock,St Gregory's,4,4,NA,323392031,2012-12-04
54,1,12:13,1933,1933,Foul on Ben Dillard,20,3,17,0,0.8669114666270227,0.8669114666270227,Little Rock,St Gregory's,4,4,NA,323392031,2012-12-04
55,1,12:13,1933,1933,Tim Stromberg missed Free Throw.,20,3,17,0,0.8669114666270227,0.8669114666270227,Little Rock,St Gregory's,4,4,NA,323392031,2012-12-04
56,1,12:13,1933,1933,null,20,3,17,0,0.8669114666270227,0.8669114666270227,Little Rock,St Gregory's,4,4,NA,323392031,2012-12-04
57,1,12:13,1933,1933,Tim Stromberg made Free Throw.,20,4,16,17,0.853671399806767,0.853671399806767,Little Rock,St Gregory's,4,4,NA,323392031,2012-12-04
58,1,11:56,1916,1916,Josh Hagins made Jumper.,22,4,18,29,0.8808089800214699,0.8808089800214699,Little Rock,St Gregory's,4,4,NA,323392031,2012-12-04
59,1,11:27,1887,1887,Ilya Chernov missed Three Point Jumper.,22,4,18,0,0.8836324236759044,0.8836324236759044,Little Rock,St Gregory's,4,4,NA,323392031,2012-12-04
60,1,11:27,1887,1887,Josh Hagins Defensive Rebound.,22,4,18,15,0.8836324236759044,0.8836324236759044,Little Rock,St Gregory's,4,4,NA,323392031,2012-12-04
61,1,11:12,1872,1872,Kemy Osse missed Three Point Jumper.,22,4,18,0,0.8850708033465171,0.8850708033465171,Little Rock,St Gregory's,4,4,NA,323392031,2012-12-04
62,1,11:12,1872,1872,Fayzon Richey Defensive Rebound.,22,4,18,16,0.8850708033465171,0.8850708033465171,Little Rock,St Gregory's,4,4,NA,323392031,2012-12-04
63,1,10:56,1856,1856,Arkansas-Little Rock Full Timeout.,22,4,18,16,0.8865914550066635,0.8865914550066635,Little Rock,St Gregory's,4,3,NA,323392031,2012-12-04
64,1,10:40,1840,1840,Ben Dillard missed Three Point Jumper.,22,4,18,0,0.8881002934018475,0.8881002934018475,Little Rock,St Gregory's,4,3,NA,323392031,2012-12-04
65,1,10:40,1840,1840,Fayzon Richey Defensive Rebound.,22,4,18,18,0.8881002934018475,0.8881002934018475,Little Rock,St Gregory's,4,3,NA,323392031,2012-12-04
66,1,10:22,1822,1822,Foul on Josh Hagins,22,4,18,0,0.8897863401025582,0.8897863401025582,Little Rock,St Gregory's,4,3,NA,323392031,2012-12-04
67,1,10:22,1822,1822,Official TV Timeout.,22,4,18,11,0.8897863401025582,0.8897863401025582,Little Rock,St Gregory's,4,3,NA,323392031,2012-12-04
68,1,10:11,1811,1811,Dylan Lemley missed Layup.,22,4,18,0,0.8908119818612746,0.8908119818612746,Little Rock,St Gregory's,4,3,NA,323392031,2012-12-04
69,1,10:11,1811,1811,Michael Javes Block.,22,4,18,2,0.8908119818612746,0.8908119818612746,Little Rock,St Gregory's,4,3,NA,323392031,2012-12-04
70,1,10:09,1809,1809,St Gregory's Offensive Rebound.,22,4,18,3,0.8909981434980693,0.8909981434980693,Little Rock,St Gregory's,4,3,NA,323392031,2012-12-04
71,1,10:06,1806,1806,Fayzon Richey missed Jumper.,22,4,18,0,0.891277221225104,0.891277221225104,Little Rock,St Gregory's,4,3,NA,323392031,2012-12-04
72,1,10:06,1806,1806,Richard Shields Offensive Rebound.,22,4,18,5,0.891277221225104,0.891277221225104,Little Rock,St Gregory's,4,3,NA,323392031,2012-12-04
73,1,10:01,1801,1801,Richard Shields made Layup.,22,6,16,29,0.8669623696728581,0.8669623696728581,Little Rock,St Gregory's,4,3,NA,323392031,2012-12-04
74,1,9:32,1772,1772,Taggart Lockhart missed Layup.,22,6,16,0,0.869822373857543,0.869822373857543,Little Rock,St Gregory's,4,3,NA,323392031,2012-12-04
75,1,9:32,1772,1772,Michael Javes Offensive Rebound.,22,6,16,0,0.869822373857543,0.869822373857543,Little Rock,St Gregory's,4,3,NA,323392031,2012-12-04
76,1,9:32,1772,1772,Michael Javes made Layup.,24,6,18,7,0.894430036818038,0.894430036818038,Little Rock,St Gregory's,4,3,NA,323392031,2012-12-04
77,1,9:25,1765,1765,Dylan Lemley Turnover.,24,6,18,3,0.8950777768335663,0.8950777768335663,Little Rock,St Gregory's,4,3,NA,323392031,2012-12-04
78,1,9:22,1762,1762,Josh Hagins Steal.,24,6,18,0,0.8953553294516567,0.8953553294516567,Little Rock,St Gregory's,4,3,NA,323392031,2012-12-04
79,1,9:22,1762,1762,Josh Hagins missed Layup.,24,6,18,0,0.8953553294516567,0.8953553294516567,Little Rock,St Gregory's,4,3,NA,323392031,2012-12-04
80,1,9:22,1762,1762,Michael Javes Offensive Rebound.,24,6,18,3,0.8953553294516567,0.8953553294516567,Little Rock,St Gregory's,4,3,NA,323392031,2012-12-04
81,1,9:19,1759,1759,Michael Javes made Dunk.,26,6,20,23,0.9159432297430661,0.9159432297430661,Little Rock,St Gregory's,4,3,NA,323392031,2012-12-04
82,1,8:56,1736,1736,Richard Shields Turnover.,26,6,20,0,0.9178881622610316,0.9178881622610316,Little Rock,St Gregory's,4,3,NA,323392031,2012-12-04
83,1,8:56,1736,1736,Foul on Richard Shields,26,6,20,9,0.9178881622610316,0.9178881622610316,Little Rock,St Gregory's,4,3,NA,323392031,2012-12-04
84,1,8:47,1727,1727,Josh Hagins missed Three Point Jumper.,26,6,20,0,0.9186484531737784,0.9186484531737784,Little Rock,St Gregory's,4,3,NA,323392031,2012-12-04
85,1,8:47,1727,1727,Kemy Osse Offensive Rebound.,26,6,20,3,0.9186484531737784,0.9186484531737784,Little Rock,St Gregory's,4,3,NA,323392031,2012-12-04
86,1,8:44,1724,1724,Kemy Osse missed Layup.,26,6,20,0,0.9189018538448434,0.9189018538448434,Little Rock,St Gregory's,4,3,NA,323392031,2012-12-04
87,1,8:44,1724,1724,Ilya Chernov Block.,26,6,20,2,0.9189018538448434,0.9189018538448434,Little Rock,St Gregory's,4,3,NA,323392031,2012-12-04
88,1,8:42,1722,1722,James White Offensive Rebound.,26,6,20,11,0.9190707864351804,0.9190707864351804,Little Rock,St Gregory's,4,3,NA,323392031,2012-12-04
89,1,8:31,1711,1711,Ben Dillard made Jumper.,28,6,22,13,0.9362302133124366,0.9362302133124366,Little Rock,St Gregory's,4,3,NA,323392031,2012-12-04
90,1,8:18,1698,1698,Dylan Lemley missed Jumper.,28,6,22,0,0.9372097581157407,0.9372097581157407,Little Rock,St Gregory's,4,3,NA,323392031,2012-12-04
91,1,8:18,1698,1698,Ilya Chernov Offensive Rebound.,28,6,22,4,0.9372097581157407,0.9372097581157407,Little Rock,St Gregory's,4,3,NA,323392031,2012-12-04
92,1,8:14,1694,1694,Ilya Chernov missed Jumper.,28,6,22,0,0.937510989761457,0.937510989761457,Little Rock,St Gregory's,4,3,NA,323392031,2012-12-04
93,1,8:14,1694,1694,Ben Dillard Defensive Rebound.,28,6,22,20,0.937510989761457,0.937510989761457,Little Rock,St Gregory's,4,3,NA,323392031,2012-12-04
94,1,7:54,1674,1674,Foul on Dylan Lemley,28,6,22,0,0.9389914391574617,0.9389914391574617,Little Rock,St Gregory's,4,3,NA,323392031,2012-12-04
95,1,7:54,1674,1674,Ben Dillard made Free Throw.,29,6,23,0,0.9457335884381545,0.9457335884381545,Little Rock,St Gregory's,4,3,NA,323392031,2012-12-04
96,1,7:54,1674,1674,Ben Dillard made Free Throw.,30,6,24,20,0.951768923628317,0.951768923628317,Little Rock,St Gregory's,4,3,NA,323392031,2012-12-04
97,1,7:34,1654,1654,Foul on Michael Javes,30,6,24,11,0.9530004199107432,0.9530004199107432,Little Rock,St Gregory's,4,3,NA,323392031,2012-12-04
98,1,7:23,1643,1643,Devonte Young Turnover.,30,6,24,2,0.9536541955678507,0.9536541955678507,Little Rock,St Gregory's,4,3,NA,323392031,2012-12-04
99,1,7:21,1641,1641,Ben Dillard Steal.,30,6,24,4,0.9537714799706679,0.9537714799706679,Little Rock,St Gregory's,4,3,NA,323392031,2012-12-04
100,1,7:17,1637,1637,Kemy Osse made Three Point Jumper.  Assisted by Ben Dillard.,33,6,27,17,0.9680510381565092,0.9680510381565092,Little Rock,St Gregory's,4,3,NA,323392031,2012-12-04
101,1,7:00,1620,1620,Dylan Lemley made Jumper.  Assisted by Brock Vorwald.,33,8,25,31,0.9601433698705498,0.9601433698705498,Little Rock,St Gregory's,4,3,NA,323392031,2012-12-04
102,1,6:29,1589,1589,James White missed Jumper.,33,8,25,0,0.9617304264921775,0.9617304264921775,Little Rock,St Gregory's,4,3,NA,323392031,2012-12-04
103,1,6:29,1589,1589,Kemy Osse Offensive Rebound.,33,8,25,2,0.9617304264921775,0.9617304264921775,Little Rock,St Gregory's,4,3,NA,323392031,2012-12-04
104,1,6:27,1587,1587,Kemy Osse made Tip Shot.,35,8,27,2,0.9702566788610858,0.9702566788610858,Little Rock,St Gregory's,4,3,NA,323392031,2012-12-04
105,1,6:25,1585,1585,St Gregory's Full Timeout.,35,8,27,10,0.9703417689625322,0.9703417689625322,Little Rock,St Gregory's,4,2,NA,323392031,2012-12-04
106,1,6:15,1575,1575,Fayzon Richey Turnover.,35,8,27,1,0.9707647451079287,0.9707647451079287,Little Rock,St Gregory's,4,2,NA,323392031,2012-12-04
107,1,6:14,1574,1574,John Gillon Steal.,35,8,27,4,0.9708068360869431,0.9708068360869431,Little Rock,St Gregory's,4,2,NA,323392031,2012-12-04
108,1,6:10,1570,1570,James White missed Layup.,35,8,27,0,0.9709748656552131,0.9709748656552131,Little Rock,St Gregory's,4,2,NA,323392031,2012-12-04
109,1,6:10,1570,1570,Brock Vorwald Defensive Rebound.,35,8,27,9,0.9709748656552131,0.9709748656552131,Little Rock,St Gregory's,4,2,NA,323392031,2012-12-04
110,1,6:01,1561,1561,Devonte Young Turnover.,35,8,27,1,0.9713511945233654,0.9713511945233654,Little Rock,St Gregory's,4,2,NA,323392031,2012-12-04
111,1,6:00,1560,1560,Kemy Osse Steal.,35,8,27,3,0.971392878581992,0.971392878581992,Little Rock,St Gregory's,4,2,NA,323392031,2012-12-04
112,1,5:57,1557,1557,John Gillon made Layup.  Assisted by Kemy Osse.,37,8,29,16,0.9779259324527645,0.9779259324527645,Little Rock,St Gregory's,4,2,NA,323392031,2012-12-04
113,1,5:41,1541,1541,Dylan Lemley missed Jumper.,37,8,29,0,0.978481326193549,0.978481326193549,Little Rock,St Gregory's,4,2,NA,323392031,2012-12-04
114,1,5:41,1541,1541,Arkansas-Little Rock Defensive R.,37,8,29,16,0.978481326193549,0.978481326193549,Little Rock,St Gregory's,4,2,NA,323392031,2012-12-04
115,1,5:25,1525,1525,John Gillon Turnover.,37,8,29,1,0.9790334867562804,0.9790334867562804,Little Rock,St Gregory's,4,2,NA,323392031,2012-12-04
116,1,5:24,1524,1524,Fayzon Richey Steal.,37,8,29,5,0.9790679400068959,0.9790679400068959,Little Rock,St Gregory's,4,2,NA,323392031,2012-12-04
117,1,5:19,1519,1519,Fayzon Richey missed Layup.,37,8,29,0,0.9792401613955787,0.9792401613955787,Little Rock,St Gregory's,4,2,NA,323392031,2012-12-04
118,1,5:19,1519,1519,Arkansas-Little Rock Defensive R.,37,8,29,35,0.9792401613955787,0.9792401613955787,Little Rock,St Gregory's,4,2,NA,323392031,2012-12-04
119,1,4:44,1484,1484,Kemy Osse made Jumper.,39,8,31,14,0.9850048741307769,0.9850048741307769,Little Rock,St Gregory's,4,2,NA,323392031,2012-12-04
120,1,4:30,1470,1470,Conner Haydon made Layup.  Assisted by Devonte Young.,39,10,29,16,0.9809344803906869,0.9809344803906869,Little Rock,St Gregory's,4,2,NA,323392031,2012-12-04
121,1,4:14,1454,1454,Kemy Osse missed Three Point Jumper.,39,10,29,0,0.981494709026065,0.981494709026065,Little Rock,St Gregory's,4,2,NA,323392031,2012-12-04
122,1,4:14,1454,1454,Conner Haydon Defensive Rebound.,39,10,29,9,0.981494709026065,0.981494709026065,Little Rock,St Gregory's,4,2,NA,323392031,2012-12-04
123,1,4:05,1445,1445,Devonte Young Turnover.,39,10,29,18,0.9818100345464734,0.9818100345464734,Little Rock,St Gregory's,4,2,NA,323392031,2012-12-04
124,1,3:47,1427,1427,John Gillon made Three Point Jumper.  Assisted by Kemy Osse.,42,10,32,13,0.9883281576827928,0.9883281576827928,Little Rock,St Gregory's,4,2,NA,323392031,2012-12-04
125,1,3:34,1414,1414,Foul on Stetson Billings,42,10,32,0,0.9886297289520293,0.9886297289520293,Little Rock,St Gregory's,4,2,NA,323392031,2012-12-04
126,1,3:34,1414,1414,Official TV Timeout.,42,10,32,0,0.9886297289520293,0.9886297289520293,Little Rock,St Gregory's,4,2,NA,323392031,2012-12-04
127,1,3:34,1414,1414,Conner Haydon missed Free Throw.,42,10,32,0,0.9886297289520293,0.9886297289520293,Little Rock,St Gregory's,4,2,NA,323392031,2012-12-04
128,1,3:34,1414,1414,null,42,10,32,0,0.9886297289520293,0.9886297289520293,Little Rock,St Gregory's,4,2,NA,323392031,2012-12-04
129,1,3:34,1414,1414,Conner Haydon missed Free Throw.,42,10,32,0,0.9886297289520293,0.9886297289520293,Little Rock,St Gregory's,4,2,NA,323392031,2012-12-04
130,1,3:34,1414,1414,Stetson Billings Defensive Rebound.,42,10,32,31,0.9886297289520293,0.9886297289520293,Little Rock,St Gregory's,4,2,NA,323392031,2012-12-04
131,1,3:03,1383,1383,Ben Dillard missed Layup.,42,10,32,0,0.9893007888729091,0.9893007888729091,Little Rock,St Gregory's,4,2,NA,323392031,2012-12-04
132,1,3:03,1383,1383,Tim Stromberg Defensive Rebound.,42,10,32,8,0.9893007888729091,0.9893007888729091,Little Rock,St Gregory's,4,2,NA,323392031,2012-12-04
133,1,2:55,1375,1375,Devonte Young Turnover.,42,10,32,3,0.9894653761874938,0.9894653761874938,Little Rock,St Gregory's,4,2,NA,323392031,2012-12-04
134,1,2:52,1372,1372,John Gillon Steal.,42,10,32,2,0.9895263748795045,0.9895263748795045,Little Rock,St Gregory's,4,2,NA,323392031,2012-12-04
135,1,2:50,1370,1370,John Gillon made Layup.,44,10,34,18,0.9921299940240312,0.9921299940240312,Little Rock,St Gregory's,4,2,NA,323392031,2012-12-04
136,1,2:32,1352,1352,Fayzon Richey missed Three Point Jumper.,44,10,34,0,0.9924172177877619,0.9924172177877619,Little Rock,St Gregory's,4,2,NA,323392031,2012-12-04
137,1,2:32,1352,1352,Will Neighbour Defensive Rebound.,44,10,34,17,0.9924172177877619,0.9924172177877619,Little Rock,St Gregory's,4,2,NA,323392031,2012-12-04
138,1,2:15,1335,1335,Ted Crass missed Three Point Jumper.,44,10,34,0,0.9926814543829541,0.9926814543829541,Little Rock,St Gregory's,4,2,NA,323392031,2012-12-04
139,1,2:15,1335,1335,Arkansas-Little Rock Offensive R.,44,10,34,11,0.9926814543829541,0.9926814543829541,Little Rock,St Gregory's,4,2,NA,323392031,2012-12-04
140,1,2:04,1324,1324,Will Neighbour missed Jumper.,44,10,34,0,0.9928499411657481,0.9928499411657481,Little Rock,St Gregory's,4,2,NA,323392031,2012-12-04
141,1,2:04,1324,1324,Tim Stromberg Defensive Rebound.,44,10,34,12,0.9928499411657481,0.9928499411657481,Little Rock,St Gregory's,4,2,NA,323392031,2012-12-04
142,1,1:52,1312,1312,St Gregory's Full Timeout.,44,10,34,18,0.9930323048639195,0.9930323048639195,Little Rock,St Gregory's,4,1,NA,323392031,2012-12-04
143,1,1:34,1294,1294,Foul on Ted Crass,44,10,34,0,0.9933044169769379,0.9933044169769379,Little Rock,St Gregory's,4,1,NA,323392031,2012-12-04
144,1,1:34,1294,1294,Tim Stromberg made Free Throw.,44,11,33,0,0.9922520001589609,0.9922520001589609,Little Rock,St Gregory's,4,1,NA,323392031,2012-12-04
145,1,1:34,1294,1294,Tim Stromberg missed Free Throw.,44,11,33,0,0.9922520001589609,0.9922520001589609,Little Rock,St Gregory's,4,1,NA,323392031,2012-12-04
146,1,1:34,1294,1294,Kemy Osse Defensive Rebound.,44,11,33,18,0.9922520001589609,0.9922520001589609,Little Rock,St Gregory's,4,1,NA,323392031,2012-12-04
147,1,1:16,1276,1276,Will Neighbour Turnover.,44,11,33,2,0.9925574288207488,0.9925574288207488,Little Rock,St Gregory's,4,1,NA,323392031,2012-12-04
148,1,1:14,1274,1274,Josiah Campbell Steal.,44,11,33,4,0.9925914641208899,0.9925914641208899,Little Rock,St Gregory's,4,1,NA,323392031,2012-12-04
149,1,1:10,1270,1270,Fayzon Richey made Layup.  Assisted by Josiah Campbell.,44,13,31,12,0.9901423744854984,0.9901423744854984,Little Rock,St Gregory's,4,1,NA,323392031,2012-12-04
150,1,0:58,1258,1258,Stetson Billings Turnover.,44,13,31,1,0.990400927570527,0.990400927570527,Little Rock,St Gregory's,4,1,NA,323392031,2012-12-04
151,1,0:57,1257,1257,Conner Haydon Steal.,44,13,31,6,0.9904225748786963,0.9904225748786963,Little Rock,St Gregory's,4,1,NA,323392031,2012-12-04
152,1,0:51,1251,1251,Devonte Young missed Jumper.,44,13,31,0,0.9905528197994619,0.9905528197994619,Little Rock,St Gregory's,4,1,NA,323392031,2012-12-04
153,1,0:51,1251,1251,Ted Crass Defensive Rebound.,44,13,31,24,0.9905528197994619,0.9905528197994619,Little Rock,St Gregory's,4,1,NA,323392031,2012-12-04
154,1,0:27,1227,1227,Kemy Osse made Jumper.  Assisted by Will Neighbour.,46,13,33,19,0.9934028120459133,0.9934028120459133,Little Rock,St Gregory's,4,1,NA,323392031,2012-12-04
155,1,0:08,1208,1208,Fayzon Richey missed Three Point Jumper.,46,13,33,0,0.9937388721093793,0.9937388721093793,Little Rock,St Gregory's,4,1,NA,323392031,2012-12-04
156,1,0:08,1208,1208,Stetson Billings Defensive Rebound.,46,13,33,8,0.9937388721093793,0.9937388721093793,Little Rock,St Gregory's,4,1,NA,323392031,2012-12-04
157,1,0:00,1200,1200,Kemy Osse missed Three Point Jumper.,46,13,33,0,0.993877178183502,0.993877178183502,Little Rock,St Gregory's,4,1,NA,323392031,2012-12-04
158,1,0:00,1200,1200,Will Neighbour Defensive Rebound.,46,13,33,0,0.993877178183502,0.993877178183502,Little Rock,St Gregory's,4,1,NA,323392031,2012-12-04
159,1,0:00,1200,1200,End of the 1st Half.,46,13,33,0,0.993877178183502,0.993877178183502,Little Rock,St Gregory's,4,1,NA,323392031,2012-12-04
160,2,20:00,1200,1200,PLAY,46,13,33,22,0.993877178183502,0.993877178183502,Little Rock,St Gregory's,4,2,NA,323392031,2012-12-04
161,2,19:38,1178,1178,Devonte Young missed Jumper.,46,13,33,0,0.9942323754745388,0.9942323754745388,Little Rock,St Gregory's,4,2,NA,323392031,2012-12-04
162,2,19:38,1178,1178,Michael Javes Defensive Rebound.,46,13,33,6,0.9942323754745388,0.9942323754745388,Little Rock,St Gregory's,4,2,NA,323392031,2012-12-04
163,2,19:32,1172,1172,Leroy Isler Turnover.,46,13,33,15,0.9943237254076007,0.9943237254076007,Little Rock,St Gregory's,4,2,NA,323392031,2012-12-04
164,2,19:17,1157,1157,Dylan Lemley missed Jumper.,46,13,33,0,0.994543506753156,0.994543506753156,Little Rock,St Gregory's,4,2,NA,323392031,2012-12-04
165,2,19:17,1157,1157,James White Block.,46,13,33,3,0.994543506753156,0.994543506753156,Little Rock,St Gregory's,4,2,NA,323392031,2012-12-04
166,2,19:14,1154,1154,Michael Javes Defensive Rebound.,46,13,33,18,0.9945861421040568,0.9945861421040568,Little Rock,St Gregory's,4,2,NA,323392031,2012-12-04
167,2,18:56,1136,1136,Michael Javes made Layup.  Assisted by Will Neighbour.,48,13,35,17,0.996239097840505,0.996239097840505,Little Rock,St Gregory's,4,2,NA,323392031,2012-12-04
168,2,18:39,1119,1119,Brock Vorwald missed Three Point Jumper.,48,13,35,0,0.9964121748911202,0.9964121748911202,Little Rock,St Gregory's,4,2,NA,323392031,2012-12-04
169,2,18:39,1119,1119,Tim Stromberg Offensive Rebound.,48,13,35,2,0.9964121748911202,0.9964121748911202,Little Rock,St Gregory's,4,2,NA,323392031,2012-12-04
170,2,18:37,1117,1117,Foul on James White,48,13,35,0,0.9964321016575431,0.9964321016575431,Little Rock,St Gregory's,4,2,NA,323392031,2012-12-04
171,2,18:37,1117,1117,Tim Stromberg made Free Throw.,48,14,34,0,0.9958117871497472,0.9958117871497472,Little Rock,St Gregory's,4,2,NA,323392031,2012-12-04
172,2,18:37,1117,1117,Tim Stromberg made Free Throw.,48,15,33,15,0.9950841568747872,0.9950841568747872,Little Rock,St Gregory's,4,2,NA,323392031,2012-12-04
173,2,18:22,1102,1102,John Gillon missed Three Point Jumper.,48,15,33,0,0.9952751655283703,0.9952751655283703,Little Rock,St Gregory's,4,2,NA,323392031,2012-12-04
174,2,18:22,1102,1102,Will Neighbour Offensive Rebound.,48,15,33,7,0.9952751655283703,0.9952751655283703,Little Rock,St Gregory's,4,2,NA,323392031,2012-12-04
175,2,18:15,1095,1095,Michael Javes made Jumper.  Assisted by Will Neighbour.,50,15,35,21,0.9966465277811213,0.9966465277811213,Little Rock,St Gregory's,4,2,NA,323392031,2012-12-04
176,2,17:54,1074,1074,Dylan Lemley Turnover.,50,15,35,13,0.9968450808922305,0.9968450808922305,Little Rock,St Gregory's,4,2,NA,323392031,2012-12-04
177,2,17:41,1061,1061,Will Neighbour made Dunk.  Assisted by James White.,52,15,37,18,0.9978194153916459,0.9978194153916459,Little Rock,St Gregory's,4,2,NA,323392031,2012-12-04
178,2,17:23,1043,1043,Dylan Lemley Turnover.,52,15,37,2,0.9979453834986107,0.9979453834986107,Little Rock,St Gregory's,4,2,NA,323392031,2012-12-04
179,2,17:21,1041,1041,Will Neighbour Steal.,52,15,37,2,0.9979592950825329,0.9979592950825329,Little Rock,St Gregory's,4,2,NA,323392031,2012-12-04
180,2,17:19,1039,1039,Will Neighbour made Dunk.,54,15,39,28,0.9985494485091991,0.9985494485091991,Little Rock,St Gregory's,4,2,NA,323392031,2012-12-04
181,2,16:51,1011,1011,Dylan Lemley missed Jumper.,54,15,39,0,0.9986949970346263,0.9986949970346263,Little Rock,St Gregory's,4,2,NA,323392031,2012-12-04
182,2,16:51,1011,1011,Will Neighbour Block.,54,15,39,1,0.9986949970346263,0.9986949970346263,Little Rock,St Gregory's,4,2,NA,323392031,2012-12-04
183,2,16:50,1010,1010,Brock Vorwald Offensive Rebound.,54,15,39,4,0.9987001539708482,0.9987001539708482,Little Rock,St Gregory's,4,2,NA,323392031,2012-12-04
184,2,16:46,1006,1006,Brock Vorwald made Layup.,54,17,37,17,0.9982008791124505,0.9982008791124505,Little Rock,St Gregory's,4,2,NA,323392031,2012-12-04
185,2,16:29,989,989,Leroy Isler made Jumper.,56,17,39,13,0.998807837316252,0.998807837316252,Little Rock,St Gregory's,4,2,NA,323392031,2012-12-04
186,2,16:16,976,976,Fayzon Richey Turnover.,56,17,39,1,0.9988738804034303,0.9988738804034303,Little Rock,St Gregory's,4,2,NA,323392031,2012-12-04
187,2,16:15,975,975,Leroy Isler Steal.,56,17,39,3,0.998878939000357,0.998878939000357,Little Rock,St Gregory's,4,2,NA,323392031,2012-12-04
188,2,16:12,972,972,Leroy Isler missed Layup.,56,17,39,0,0.9988940949468265,0.9988940949468265,Little Rock,St Gregory's,4,2,NA,323392031,2012-12-04
189,2,16:12,972,972,Fayzon Richey Defensive Rebound.,56,17,39,8,0.9988940949468265,0.9988940949468265,Little Rock,St Gregory's,4,2,NA,323392031,2012-12-04
190,2,16:04,964,964,Fayzon Richey missed Layup.,56,17,39,0,0.9989334940395764,0.9989334940395764,Little Rock,St Gregory's,4,2,NA,323392031,2012-12-04
191,2,16:04,964,964,James White Block.,56,17,39,0,0.9989334940395764,0.9989334940395764,Little Rock,St Gregory's,4,2,NA,323392031,2012-12-04
192,2,16:04,964,964,St Gregory's Offensive Rebound.,56,17,39,2,0.9989334940395764,0.9989334940395764,Little Rock,St Gregory's,4,2,NA,323392031,2012-12-04
193,2,16:02,962,962,Fayzon Richey missed Jumper.,56,17,39,0,0.9989428697816013,0.9989428697816013,Little Rock,St Gregory's,4,2,NA,323392031,2012-12-04
194,2,16:02,962,962,James White Defensive Rebound.,56,17,39,9,0.9989428697816013,0.9989428697816013,Little Rock,St Gregory's,4,2,NA,323392031,2012-12-04
195,2,15:53,953,953,Official TV Timeout.,56,17,39,4,0.9989828329621783,0.9989828329621783,Little Rock,St Gregory's,4,2,NA,323392031,2012-12-04
196,2,15:49,949,949,Michael Javes missed Jumper.,56,17,39,0,0.9989995171515147,0.9989995171515147,Little Rock,St Gregory's,4,2,NA,323392031,2012-12-04
197,2,15:49,949,949,Fayzon Richey Defensive Rebound.,56,17,39,8,0.9989995171515147,0.9989995171515147,Little Rock,St Gregory's,4,2,NA,323392031,2012-12-04
198,2,15:41,941,941,Fayzon Richey missed Jumper.,56,17,39,0,0.9990311182083744,0.9990311182083744,Little Rock,St Gregory's,4,2,NA,323392031,2012-12-04
199,2,15:41,941,941,Michael Javes Defensive Rebound.,56,17,39,9,0.9990311182083744,0.9990311182083744,Little Rock,St Gregory's,4,2,NA,323392031,2012-12-04
200,2,15:32,932,932,Michael Javes Turnover.,56,17,39,13,0.999064171135194,0.999064171135194,Little Rock,St Gregory's,4,2,NA,323392031,2012-12-04
201,2,15:19,919,919,Josiah Campbell missed Jumper.,56,17,39,0,0.9991080048845419,0.9991080048845419,Little Rock,St Gregory's,4,2,NA,323392031,2012-12-04
202,2,15:19,919,919,Leroy Isler Defensive Rebound.,56,17,39,23,0.9991080048845419,0.9991080048845419,Little Rock,St Gregory's,4,2,NA,323392031,2012-12-04
203,2,14:56,896,896,Foul on Josiah Campbell,56,17,39,0,0.9991770370861046,0.9991770370861046,Little Rock,St Gregory's,4,2,NA,323392031,2012-12-04
204,2,14:56,896,896,Michael Javes made Free Throw.,57,17,40,0,0.9993139494385533,0.9993139494385533,Little Rock,St Gregory's,4,2,NA,323392031,2012-12-04
205,2,14:56,896,896,Michael Javes missed Free Throw.,57,17,40,0,0.9993139494385533,0.9993139494385533,Little Rock,St Gregory's,4,2,NA,323392031,2012-12-04
206,2,14:56,896,896,Taggart Lockhart Offensive Rebound.,57,17,40,10,0.9993139494385533,0.9993139494385533,Little Rock,St Gregory's,4,2,NA,323392031,2012-12-04
207,2,14:46,886,886,Leroy Isler made Jumper.  Assisted by John Gillon.,59,17,42,20,0.9995404525124495,0.9995404525124495,Little Rock,St Gregory's,4,2,NA,323392031,2012-12-04
208,2,14:26,866,866,Fayzon Richey Turnover.,59,17,42,1,0.9995729799109057,0.9995729799109057,Little Rock,St Gregory's,4,2,NA,323392031,2012-12-04
209,2,14:25,865,865,Leroy Isler Steal.,59,17,42,0,0.9995745594377424,0.9995745594377424,Little Rock,St Gregory's,4,2,NA,323392031,2012-12-04
210,2,14:25,865,865,Foul on Brock Vorwald,59,17,42,16,0.9995745594377424,0.9995745594377424,Little Rock,St Gregory's,4,2,NA,323392031,2012-12-04
211,2,14:09,849,849,Leroy Isler missed Three Point Jumper.,59,17,42,0,0.9995994614717625,0.9995994614717625,Little Rock,St Gregory's,4,2,NA,323392031,2012-12-04
212,2,14:09,849,849,Richard Shields Defensive Rebound.,59,17,42,7,0.9995994614717625,0.9995994614717625,Little Rock,St Gregory's,4,2,NA,323392031,2012-12-04
213,2,14:02,842,842,Richard Shields Turnover.,59,17,42,2,0.9996102133020882,0.9996102133020882,Little Rock,St Gregory's,4,2,NA,323392031,2012-12-04
214,2,14:00,840,840,John Gillon Steal.,59,17,42,9,0.9996132772423374,0.9996132772423374,Little Rock,St Gregory's,4,2,NA,323392031,2012-12-04
215,2,13:51,831,831,Stetson Billings missed Jumper.,59,17,42,0,0.9996270476116718,0.9996270476116718,Little Rock,St Gregory's,4,2,NA,323392031,2012-12-04
216,2,13:51,831,831,Brock Vorwald Defensive Rebound.,59,17,42,22,0.9996270476116718,0.9996270476116718,Little Rock,St Gregory's,4,2,NA,323392031,2012-12-04
217,2,13:29,809,809,Paco Jones missed Jumper.,59,17,42,0,0.9996608562695591,0.9996608562695591,Little Rock,St Gregory's,4,2,NA,323392031,2012-12-04
218,2,13:29,809,809,Michael Javes Block.,59,17,42,1,0.9996608562695591,0.9996608562695591,Little Rock,St Gregory's,4,2,NA,323392031,2012-12-04
219,2,13:28,808,808,Michael Javes Defensive Rebound.,59,17,42,5,0.9996624048308905,0.9996624048308905,Little Rock,St Gregory's,4,2,NA,323392031,2012-12-04
220,2,13:23,803,803,John Gillon missed Three Point Jumper.,59,17,42,0,0.999670168451872,0.999670168451872,Little Rock,St Gregory's,4,2,NA,323392031,2012-12-04
221,2,13:23,803,803,Taggart Lockhart Offensive Rebound.,59,17,42,10,0.999670168451872,0.999670168451872,Little Rock,St Gregory's,4,2,NA,323392031,2012-12-04
222,2,13:13,793,793,Foul on Ilya Chernov,59,17,42,0,0.9996858083747092,0.9996858083747092,Little Rock,St Gregory's,4,2,NA,323392031,2012-12-04
223,2,13:13,793,793,Stetson Billings made Free Throw.,60,17,43,0,0.9997406886257546,0.9997406886257546,Little Rock,St Gregory's,4,2,NA,323392031,2012-12-04
224,2,13:13,793,793,Stetson Billings missed Free Throw.,60,17,43,0,0.9997406886257546,0.9997406886257546,Little Rock,St Gregory's,4,2,NA,323392031,2012-12-04
225,2,13:13,793,793,Paco Jones Defensive Rebound.,60,17,43,19,0.9997406886257546,0.9997406886257546,Little Rock,St Gregory's,4,2,NA,323392031,2012-12-04
226,2,12:54,774,774,Foul on Michael Javes,60,17,43,15,0.9997661348095693,0.9997661348095693,Little Rock,St Gregory's,4,2,NA,323392031,2012-12-04
227,2,12:39,759,759,Brock Vorwald missed Three Point Jumper.,60,17,43,0,0.9997864686038039,0.9997864686038039,Little Rock,St Gregory's,4,2,NA,323392031,2012-12-04
228,2,12:39,759,759,Paco Jones Offensive Rebound.,60,17,43,17,0.9997864686038039,0.9997864686038039,Little Rock,St Gregory's,4,2,NA,323392031,2012-12-04
229,2,12:22,742,742,Ilya Chernov missed Jumper.,60,17,43,0,0.9998096149283661,0.9998096149283661,Little Rock,St Gregory's,4,2,NA,323392031,2012-12-04
230,2,12:22,742,742,Stetson Billings Defensive Rebound.,60,17,43,20,0.9998096149283661,0.9998096149283661,Little Rock,St Gregory's,4,2,NA,323392031,2012-12-04
231,2,12:02,722,722,Stetson Billings made Three Point Jumper.  Assisted by Josh Hagins.,63,17,46,22,0.9999107339032481,0.9999107339032481,Little Rock,St Gregory's,4,2,NA,323392031,2012-12-04
232,2,11:40,700,700,Brock Vorwald made Jumper.,63,19,44,11,0.9998850302211351,0.9998850302211351,Little Rock,St Gregory's,4,2,NA,323392031,2012-12-04
233,2,11:29,689,689,Stetson Billings Turnover.,63,19,44,0,0.9998927258458699,0.9998927258458699,Little Rock,St Gregory's,4,2,NA,323392031,2012-12-04
234,2,11:29,689,689,Official TV Timeout.,63,19,44,10,0.9998927258458699,0.9998927258458699,Little Rock,St Gregory's,4,2,NA,323392031,2012-12-04
235,2,11:19,679,679,Paco Jones Turnover.,63,19,44,4,0.9998990206369257,0.9998990206369257,Little Rock,St Gregory's,4,2,NA,323392031,2012-12-04
236,2,11:15,675,675,Foul on Quinton Hardwick,63,19,44,0,0.9999013901560219,0.9999013901560219,Little Rock,St Gregory's,4,2,NA,323392031,2012-12-04
237,2,11:15,675,675,Stetson Billings made Free Throw.,64,19,45,0,0.9999200382890922,0.9999200382890922,Little Rock,St Gregory's,4,2,NA,323392031,2012-12-04
238,2,11:15,675,675,Stetson Billings made Free Throw.,65,19,46,10,0.9999351600975838,0.9999351600975838,Little Rock,St Gregory's,4,2,NA,323392031,2012-12-04
239,2,11:05,665,665,Ilya Chernov missed Jumper.,65,19,46,0,0.9999390258597628,0.9999390258597628,Little Rock,St Gregory's,4,2,NA,323392031,2012-12-04
240,2,11:05,665,665,Ben Dillard Defensive Rebound.,65,19,46,3,0.9999390258597628,0.9999390258597628,Little Rock,St Gregory's,4,2,NA,323392031,2012-12-04
241,2,11:02,662,662,Foul on Richard Shields,65,19,46,15,0.9999401368408274,0.9999401368408274,Little Rock,St Gregory's,4,2,NA,323392031,2012-12-04
242,2,10:47,647,647,Kemy Osse made Three Point Jumper.  Assisted by Ben Dillard.,68,19,49,10,0.9999712383575479,0.9999712383575479,Little Rock,St Gregory's,4,2,NA,323392031,2012-12-04
243,2,10:37,637,637,Dylan Lemley Turnover.,68,19,49,0,0.9999731318333522,0.9999731318333522,Little Rock,St Gregory's,4,2,NA,323392031,2012-12-04
244,2,10:37,637,637,Foul on Dylan Lemley,68,19,49,13,0.9999731318333522,0.9999731318333522,Little Rock,St Gregory's,4,2,NA,323392031,2012-12-04
245,2,10:24,624,624,Foul on Dylan Lemley,68,19,49,0,0.9999755217503861,0.9999755217503861,Little Rock,St Gregory's,4,2,NA,323392031,2012-12-04
246,2,10:24,624,624,Stetson Billings made Free Throw.,69,19,50,0,0.9999802904765436,0.9999802904765436,Little Rock,St Gregory's,4,2,NA,323392031,2012-12-04
247,2,10:24,624,624,Stetson Billings made Free Throw.,70,19,51,16,0.9999841301988456,0.9999841301988456,Little Rock,St Gregory's,4,2,NA,323392031,2012-12-04
248,2,10:08,608,608,Paco Jones missed Jumper.,70,19,51,0,0.9999860675670434,0.9999860675670434,Little Rock,St Gregory's,4,2,NA,323392031,2012-12-04
249,2,10:08,608,608,Richard Shields Offensive Rebound.,70,19,51,2,0.9999860675670434,0.9999860675670434,Little Rock,St Gregory's,4,2,NA,323392031,2012-12-04
250,2,10:06,606,606,Richard Shields missed Layup.,70,19,51,0,0.9999863068903434,0.9999863068903434,Little Rock,St Gregory's,4,2,NA,323392031,2012-12-04
251,2,10:06,606,606,James White Defensive Rebound.,70,19,51,6,0.9999863068903434,0.9999863068903434,Little Rock,St Gregory's,4,2,NA,323392031,2012-12-04
252,2,10:00,600,600,Kemy Osse made Layup.  Assisted by Stetson Billings.,72,19,53,10,0.9999916518808014,0.9999916518808014,Little Rock,St Gregory's,4,2,NA,323392031,2012-12-04
253,2,9:50,590,590,Dylan Lemley Turnover.,72,19,53,1,0.9999924387549806,0.9999924387549806,Little Rock,St Gregory's,4,2,NA,323392031,2012-12-04
254,2,9:49,589,589,Josh Hagins Steal.,72,19,53,2,0.9999925166879686,0.9999925166879686,Little Rock,St Gregory's,4,2,NA,323392031,2012-12-04
255,2,9:47,587,587,Josh Hagins made Dunk.,74,19,55,18,0.9999953096398043,0.9999953096398043,Little Rock,St Gregory's,4,2,NA,323392031,2012-12-04
256,2,9:29,569,569,Ilya Chernov missed Jumper.,74,19,55,0,0.9999962136942121,0.9999962136942121,Little Rock,St Gregory's,4,2,NA,323392031,2012-12-04
257,2,9:29,569,569,James White Defensive Rebound.,74,19,55,5,0.9999962136942121,0.9999962136942121,Little Rock,St Gregory's,4,2,NA,323392031,2012-12-04
258,2,9:24,564,564,Foul on Quinton Hardwick,74,19,55,0,0.9999964549634418,0.9999964549634418,Little Rock,St Gregory's,4,2,NA,323392031,2012-12-04
259,2,9:24,564,564,Stetson Billings missed Free Throw.,74,19,55,0,0.9999964549634418,0.9999964549634418,Little Rock,St Gregory's,4,2,NA,323392031,2012-12-04
260,2,9:24,564,564,null,74,19,55,0,0.9999964549634418,0.9999964549634418,Little Rock,St Gregory's,4,2,NA,323392031,2012-12-04
261,2,9:24,564,564,Stetson Billings missed Free Throw.,74,19,55,0,0.9999964549634418,0.9999964549634418,Little Rock,St Gregory's,4,2,NA,323392031,2012-12-04
262,2,9:24,564,564,Ilya Chernov Defensive Rebound.,74,19,55,21,0.9999964549634418,0.9999964549634418,Little Rock,St Gregory's,4,2,NA,323392031,2012-12-04
263,2,9:03,543,543,Dylan Lemley Turnover.,74,19,55,3,0.9999973833122713,0.9999973833122713,Little Rock,St Gregory's,4,2,NA,323392031,2012-12-04
264,2,9:00,540,540,Ben Dillard Steal.,74,19,55,3,0.9999974894822471,0.9999974894822471,Little Rock,St Gregory's,4,2,NA,323392031,2012-12-04
265,2,8:57,537,537,Ted Crass made Layup.  Assisted by Kemy Osse.,76,19,57,23,0.9999984930949065,0.9999984930949065,Little Rock,St Gregory's,4,2,NA,323392031,2012-12-04
266,2,8:34,514,514,Dylan Lemley missed Three Point Jumper.,76,19,57,0,0.9999988663115486,0.9999988663115486,Little Rock,St Gregory's,4,2,NA,323392031,2012-12-04
267,2,8:34,514,514,Ted Crass Defensive Rebound.,76,19,57,20,0.9999988663115486,0.9999988663115486,Little Rock,St Gregory's,4,2,NA,323392031,2012-12-04
268,2,8:14,494,494,Kemy Osse missed Three Point Jumper.,76,19,57,0,0.9999990977503453,0.9999990977503453,Little Rock,St Gregory's,4,2,NA,323392031,2012-12-04
269,2,8:14,494,494,Quinton Hardwick Defensive Rebound.,76,19,57,18,0.9999990977503453,0.9999990977503453,Little Rock,St Gregory's,4,2,NA,323392031,2012-12-04
270,2,7:56,476,476,Devonte Young missed Three Point Jumper.,76,19,57,0,0.999999276890442,0.999999276890442,Little Rock,St Gregory's,4,2,NA,323392031,2012-12-04
271,2,7:56,476,476,Josh Hagins Defensive Rebound.,76,19,57,15,0.999999276890442,0.999999276890442,Little Rock,St Gregory's,4,2,NA,323392031,2012-12-04
272,2,7:41,461,461,Foul on Devonte Young,76,19,57,0,0.9999994170190671,0.9999994170190671,Little Rock,St Gregory's,4,2,NA,323392031,2012-12-04
273,2,7:41,461,461,Official TV Timeout.,76,19,57,0,0.9999994170190671,0.9999994170190671,Little Rock,St Gregory's,4,2,NA,323392031,2012-12-04
274,2,7:41,461,461,Kemy Osse made Free Throw.,77,19,58,0,0.9999995468104087,0.9999995468104087,Little Rock,St Gregory's,4,2,NA,323392031,2012-12-04
275,2,7:41,461,461,Kemy Osse made Free Throw.,78,19,59,21,0.9999996477058029,0.9999996477058029,Little Rock,St Gregory's,4,2,NA,323392031,2012-12-04
276,2,7:20,440,440,Fayzon Richey missed Three Point Jumper.,78,19,59,0,0.9999997620792178,0.9999997620792178,Little Rock,St Gregory's,4,2,NA,323392031,2012-12-04
277,2,7:20,440,440,Kemy Osse Defensive Rebound.,78,19,59,6,0.9999997620792178,0.9999997620792178,Little Rock,St Gregory's,4,2,NA,323392031,2012-12-04
278,2,7:14,434,434,Josh Hagins made Layup.  Assisted by Ben Dillard.,80,19,61,15,0.9999998765585024,0.9999998765585024,Little Rock,St Gregory's,4,2,NA,323392031,2012-12-04
279,2,6:59,419,419,Fayzon Richey missed Jumper.,80,19,61,0,0.9999999147210448,0.9999999147210448,Little Rock,St Gregory's,4,2,NA,323392031,2012-12-04
280,2,6:59,419,419,Quinton Hardwick Offensive Rebound.,80,19,61,4,0.9999999147210448,0.9999999147210448,Little Rock,St Gregory's,4,2,NA,323392031,2012-12-04
281,2,6:55,415,415,Quinton Hardwick made Layup.,80,21,59,21,0.9999998671875665,0.9999998671875665,Little Rock,St Gregory's,4,2,NA,323392031,2012-12-04
282,2,6:34,394,394,Ted Crass missed Three Point Jumper.,80,21,59,0,0.999999915838695,0.999999915838695,Little Rock,St Gregory's,4,2,NA,323392031,2012-12-04
283,2,6:34,394,394,Brock Vorwald Defensive Rebound.,80,21,59,16,0.999999915838695,0.999999915838695,Little Rock,St Gregory's,4,2,NA,323392031,2012-12-04
284,2,6:18,378,378,Conner Haydon made Layup.,80,23,57,24,0.9999998956743192,0.9999998956743192,Little Rock,St Gregory's,4,2,NA,323392031,2012-12-04
285,2,5:54,354,354,Foul on Brock Vorwald,80,23,57,0,0.9999999406989561,0.9999999406989561,Little Rock,St Gregory's,4,2,NA,323392031,2012-12-04
286,2,5:54,354,354,Stetson Billings made Free Throw.,81,23,58,0,0.9999999557132342,0.9999999557132342,Little Rock,St Gregory's,4,2,NA,323392031,2012-12-04
287,2,5:54,354,354,Stetson Billings missed Free Throw.,81,23,58,0,0.9999999557132342,0.9999999557132342,Little Rock,St Gregory's,4,2,NA,323392031,2012-12-04
288,2,5:54,354,354,Brock Vorwald Defensive Rebound.,81,23,58,14,0.9999999557132342,0.9999999557132342,Little Rock,St Gregory's,4,2,NA,323392031,2012-12-04
289,2,5:40,340,340,Foul on Ben Dillard,81,23,58,0,0.9999999702069429,0.9999999702069429,Little Rock,St Gregory's,4,2,NA,323392031,2012-12-04
290,2,5:40,340,340,Quinton Hardwick missed Free Throw.,81,23,58,0,0.9999999702069429,0.9999999702069429,Little Rock,St Gregory's,4,2,NA,323392031,2012-12-04
291,2,5:40,340,340,null,81,23,58,0,0.9999999702069429,0.9999999702069429,Little Rock,St Gregory's,4,2,NA,323392031,2012-12-04
292,2,5:40,340,340,Quinton Hardwick missed Free Throw.,81,23,58,0,0.9999999702069429,0.9999999702069429,Little Rock,St Gregory's,4,2,NA,323392031,2012-12-04
293,2,5:40,340,340,Josh Hagins Defensive Rebound.,81,23,58,18,0.9999999702069429,0.9999999702069429,Little Rock,St Gregory's,4,2,NA,323392031,2012-12-04
294,2,5:22,322,322,Kemy Osse missed Jumper.,81,23,58,0,0.9999999837675629,0.9999999837675629,Little Rock,St Gregory's,4,2,NA,323392031,2012-12-04
295,2,5:22,322,322,Ted Crass Offensive Rebound.,81,23,58,2,0.9999999837675629,0.9999999837675629,Little Rock,St Gregory's,4,2,NA,323392031,2012-12-04
296,2,5:20,320,320,Ted Crass made Layup.,83,23,60,12,0.9999999919123539,0.9999999919123539,Little Rock,St Gregory's,4,2,NA,323392031,2012-12-04
297,2,5:08,308,308,Fayzon Richey Turnover.,83,23,60,11,0.9999999951115611,0.9999999951115611,Little Rock,St Gregory's,4,2,NA,323392031,2012-12-04
298,2,4:57,297,297,Stetson Billings made Jumper.  Assisted by Josh Hagins.,85,23,62,15,0.9999999980899235,0.9999999980899235,Little Rock,St Gregory's,4,2,NA,323392031,2012-12-04
299,2,4:42,282,282,Conner Haydon Turnover.,85,23,62,0,0.9999999981645729,0.9999999981645729,Little Rock,St Gregory's,4,2,NA,323392031,2012-12-04
300,2,4:42,282,282,Josh Hagins Steal.,85,23,62,20,0.9999999981645729,0.9999999981645729,Little Rock,St Gregory's,4,2,NA,323392031,2012-12-04
301,2,4:22,262,262,Foul on Conner Haydon,85,23,62,0,0.9999999975010617,0.9999999975010617,Little Rock,St Gregory's,4,2,NA,323392031,2012-12-04
302,2,4:22,262,262,Ben Dillard made Free Throw.,86,23,63,0,0.999999998184444,0.999999998184444,Little Rock,St Gregory's,4,2,NA,323392031,2012-12-04
303,2,4:22,262,262,Ben Dillard made Free Throw.,87,23,64,12,0.9999999986809424,0.9999999986809424,Little Rock,St Gregory's,4,2,NA,323392031,2012-12-04
304,2,4:10,250,250,Conner Haydon missed Jumper.,87,23,64,0,0.9999999983576399,0.9999999983576399,Little Rock,St Gregory's,4,2,NA,323392031,2012-12-04
305,2,4:10,250,250,Josh Hagins Defensive Rebound.,87,23,64,29,0.9999999983576399,0.9999999983576399,Little Rock,St Gregory's,4,2,NA,323392031,2012-12-04
306,2,3:41,221,221,Ted Crass missed Three Point Jumper.,87,23,64,0,0.9999999985043275,0.9999999985043275,Little Rock,St Gregory's,4,2,NA,323392031,2012-12-04
307,2,3:41,221,221,Devonte Young Defensive Rebound.,87,23,64,13,0.9999999985043275,0.9999999985043275,Little Rock,St Gregory's,4,2,NA,323392031,2012-12-04
308,2,3:28,208,208,Official TV Timeout.,87,23,64,16,0.9999999991929381,0.9999999991929381,Little Rock,St Gregory's,4,2,NA,323392031,2012-12-04
309,2,3:12,192,192,Richard Shields made Layup.,87,25,62,0,0.999999999640959,0.999999999640959,Little Rock,St Gregory's,4,2,NA,323392031,2012-12-04
310,2,3:12,192,192,Foul on Stetson Billings,87,25,62,0,0.999999999640959,0.999999999640959,Little Rock,St Gregory's,4,2,NA,323392031,2012-12-04
311,2,3:12,192,192,Richard Shields made Free Throw.,87,26,61,27,0.9999999994901053,0.9999999994901053,Little Rock,St Gregory's,4,2,NA,323392031,2012-12-04
312,2,2:45,165,165,Stetson Billings made Layup.  Assisted by Josh Hagins.,89,26,63,26,0.9999999999933123,0.9999999999933123,Little Rock,St Gregory's,4,2,NA,323392031,2012-12-04
313,2,2:19,139,139,Conner Haydon made Layup.  Assisted by Josiah Campbell.,89,28,61,37,0.9999999999997075,0.9999999999997075,Little Rock,St Gregory's,4,2,NA,323392031,2012-12-04
314,2,1:42,102,102,Foul on Richard Shields,89,28,61,0,0.9999999999999999,0.9999999999999999,Little Rock,St Gregory's,4,2,NA,323392031,2012-12-04
315,2,1:42,102,102,Ted Crass missed Free Throw.,89,28,61,0,0.9999999999999999,0.9999999999999999,Little Rock,St Gregory's,4,2,NA,323392031,2012-12-04
316,2,1:42,102,102,null,89,28,61,0,0.9999999999999999,0.9999999999999999,Little Rock,St Gregory's,4,2,NA,323392031,2012-12-04
317,2,1:42,102,102,Ted Crass missed Free Throw.,89,28,61,0,0.9999999999999999,0.9999999999999999,Little Rock,St Gregory's,4,2,NA,323392031,2012-12-04
318,2,1:42,102,102,Josiah Campbell Defensive Rebound.,89,28,61,20,0.9999999999999999,0.9999999999999999,Little Rock,St Gregory's,4,2,NA,323392031,2012-12-04
319,2,1:22,82,82,Conner Haydon missed Three Point Jumper.,89,28,61,0,1,1,Little Rock,St Gregory's,4,2,NA,323392031,2012-12-04
320,2,1:22,82,82,Ben Dillard Defensive Rebound.,89,28,61,0,1,1,Little Rock,St Gregory's,4,2,NA,323392031,2012-12-04
321,2,1:22,82,82,Foul on Josiah Campbell,89,28,61,0,1,1,Little Rock,St Gregory's,4,2,NA,323392031,2012-12-04
322,2,1:22,82,82,Ben Dillard made Free Throw.,90,28,62,0,1,1,Little Rock,St Gregory's,4,2,NA,323392031,2012-12-04
323,2,1:22,82,82,Ben Dillard made Free Throw.,91,28,63,10,1,1,Little Rock,St Gregory's,4,2,NA,323392031,2012-12-04
324,2,1:12,72,72,Tim Stromberg missed Layup.,91,28,63,0,1,1,Little Rock,St Gregory's,4,2,NA,323392031,2012-12-04
325,2,1:12,72,72,Stetson Billings Block.,91,28,63,0,1,1,Little Rock,St Gregory's,4,2,NA,323392031,2012-12-04
326,2,1:12,72,72,St Gregory's Offensive Rebound.,91,28,63,14,1,1,Little Rock,St Gregory's,4,2,NA,323392031,2012-12-04
327,2,0:58,58,58,Conner Haydon Turnover.,91,28,63,31,1,1,Little Rock,St Gregory's,4,2,NA,323392031,2012-12-04
328,2,0:27,27,27,Stetson Billings missed Layup.,91,28,63,0,1,1,Little Rock,St Gregory's,4,2,NA,323392031,2012-12-04
329,2,0:27,27,27,Tim Stromberg Defensive Rebound.,91,28,63,0,1,1,Little Rock,St Gregory's,4,2,NA,323392031,2012-12-04
330,2,0:27,27,27,Foul on Ted Crass,91,28,63,27,1,1,Little Rock,St Gregory's,4,2,NA,323392031,2012-12-04
331,2,0:00,0,0,Richard Shields made Layup.,91,30,61,0,1,1,Little Rock,St Gregory's,4,2,NA,323392031,2012-12-04
332,2,0:00,0,0,End of the 2nd Half.,91,30,61,0,1,1,Little Rock,St Gregory's,4,2,NA,323392031,2012-12-04
333,2,0:00,0,0,End Game,91,30,61,0,1,1,Little Rock,St Gregory's,4,2,NA,323392031,2012-12-04
