play_id,half,time_remaining_half,secs_remaining,secs_remaining_absolute,description,home_score,away_score,score_diff,play_length,win_prob,naive_win_prob,home,away,home_time_out_remaining,away_time_out_remaining,home_favored_by,game_id,date
1,1,20:00,2400,2400,PLAY,0,0,0,21,0.5,0.5,Georgia,LSU,6,6,NA,330190061,2013-01-19
2,1,19:39,2379,2379,Kentavious Caldwell-Pope missed Three Point Jumper.,0,0,0,0,0.5,0.5,Georgia,LSU,6,6,NA,330190061,2013-01-19
3,1,19:39,2379,2379,Donte' Williams Offensive Rebound.,0,0,0,6,0.5,0.5,Georgia,LSU,6,6,NA,330190061,2013-01-19
4,1,19:33,2373,2373,Donte' Williams made Tip Shot.,2,0,2,12,0.5445967041932466,0.5445967041932466,Georgia,LSU,6,6,NA,330190061,2013-01-19
5,1,19:21,2361,2361,Andrew Del Piero Turnover.,2,0,2,15,0.5448535841976563,0.5448535841976563,Georgia,LSU,6,6,NA,330190061,2013-01-19
6,1,19:06,2346,2346,Brandon Morris missed Jumper.,2,0,2,0,0.5451773968607259,0.5451773968607259,Georgia,LSU,6,6,NA,330190061,2013-01-19
7,1,19:06,2346,2346,Andrew Del Piero Defensive Rebound.,2,0,2,3,0.5451773968607259,0.5451773968607259,Georgia,LSU,6,6,NA,330190061,2013-01-19
8,1,19:03,2343,2343,Foul on John Florveus,2,0,2,36,0.5452425068556261,0.5452425068556261,Georgia,LSU,6,6,NA,330190061,2013-01-19
9,1,18:27,2307,2307,Foul on Charles Mann,2,0,2,0,0.5460321953134282,0.5460321953134282,Georgia,LSU,6,6,NA,330190061,2013-01-19
10,1,18:27,2307,2307,Johnny O'Bryant III made Free Throw.,2,1,1,0,0.5230650757023589,0.5230650757023589,Georgia,LSU,6,6,NA,330190061,2013-01-19
11,1,18:27,2307,2307,Johnny O'Bryant III missed Free Throw.,2,1,1,0,0.5230650757023589,0.5230650757023589,Georgia,LSU,6,6,NA,330190061,2013-01-19
12,1,18:27,2307,2307,John Florveus Defensive Rebound.,2,1,1,11,0.5230650757023589,0.5230650757023589,Georgia,LSU,6,6,NA,330190061,2013-01-19
13,1,18:16,2296,2296,Donte' Williams made Layup.  Assisted by Kentavious Caldwell-Pope.,4,1,3,22,0.5691673982971774,0.5691673982971774,Georgia,LSU,6,6,NA,330190061,2013-01-19
14,1,17:54,2274,2274,Andre Stringer missed Jumper.,4,1,3,0,0.5698972479600887,0.5698972479600887,Georgia,LSU,6,6,NA,330190061,2013-01-19
15,1,17:54,2274,2274,Andre Stringer Offensive Rebound.,4,1,3,3,0.5698972479600887,0.5698972479600887,Georgia,LSU,6,6,NA,330190061,2013-01-19
16,1,17:51,2271,2271,Andre Stringer missed Jumper.,4,1,3,0,0.5699972718782212,0.5699972718782212,Georgia,LSU,6,6,NA,330190061,2013-01-19
17,1,17:51,2271,2271,Brandon Morris Defensive Rebound.,4,1,3,6,0.5699972718782212,0.5699972718782212,Georgia,LSU,6,6,NA,330190061,2013-01-19
18,1,17:45,2265,2265,Kentavious Caldwell-Pope made Dunk.  Assisted by Charles Mann.,6,1,5,19,0.6156431446759522,0.6156431446759522,Georgia,LSU,6,6,NA,330190061,2013-01-19
19,1,17:26,2246,2246,Malik Morgan made Three Point Jumper.,6,4,2,30,0.5474003565203939,0.5474003565203939,Georgia,LSU,6,6,NA,330190061,2013-01-19
20,1,16:56,2216,2216,Kenny Gaines missed Jumper.,6,4,2,0,0.548084061544881,0.548084061544881,Georgia,LSU,6,6,NA,330190061,2013-01-19
21,1,16:56,2216,2216,Johnny O'Bryant III Block.,6,4,2,2,0.548084061544881,0.548084061544881,Georgia,LSU,6,6,NA,330190061,2013-01-19
22,1,16:54,2214,2214,Anthony Hickey Defensive Rebound.,6,4,2,18,0.5481298438615707,0.5481298438615707,Georgia,LSU,6,6,NA,330190061,2013-01-19
23,1,16:36,2196,2196,Andrew Del Piero missed Jumper.,6,4,2,0,0.5485428633832261,0.5485428633832261,Georgia,LSU,6,6,NA,330190061,2013-01-19
24,1,16:36,2196,2196,Anthony Hickey Offensive Rebound.,6,4,2,4,0.5485428633832261,0.5485428633832261,Georgia,LSU,6,6,NA,330190061,2013-01-19
25,1,16:32,2192,2192,Anthony Hickey missed Three Point Jumper.,6,4,2,0,0.5486348662607666,0.5486348662607666,Georgia,LSU,6,6,NA,330190061,2013-01-19
26,1,16:32,2192,2192,John Florveus Defensive Rebound.,6,4,2,18,0.5486348662607666,0.5486348662607666,Georgia,LSU,6,6,NA,330190061,2013-01-19
27,1,16:14,2174,2174,Foul on Andrew Del Piero,6,4,2,0,0.5490497341659156,0.5490497341659156,Georgia,LSU,6,6,NA,330190061,2013-01-19
28,1,16:14,2174,2174,Nemanja Djurisic made Free Throw.,7,4,3,0,0.5732804309210933,0.5732804309210933,Georgia,LSU,6,6,NA,330190061,2013-01-19
29,1,16:14,2174,2174,Nemanja Djurisic made Free Throw.,8,4,4,7,0.5971644061169916,0.5971644061169916,Georgia,LSU,6,6,NA,330190061,2013-01-19
30,1,16:07,2167,2167,Malik Morgan missed Three Point Jumper.,8,4,4,0,0.5974785649440478,0.5974785649440478,Georgia,LSU,6,6,NA,330190061,2013-01-19
31,1,16:07,2167,2167,Kentavious Caldwell-Pope Defensive Rebound.,8,4,4,22,0.5974785649440478,0.5974785649440478,Georgia,LSU,6,6,NA,330190061,2013-01-19
32,1,15:45,2145,2145,Kentavious Caldwell-Pope made Layup.  Assisted by Nemanja Djurisic.,10,4,6,29,0.645345355159311,0.645345355159311,Georgia,LSU,6,6,NA,330190061,2013-01-19
33,1,15:16,2116,2116,Andre Stringer made Three Point Jumper.,10,7,3,25,0.5752820488054773,0.5752820488054773,Georgia,LSU,6,6,NA,330190061,2013-01-19
34,1,14:51,2091,2091,Nemanja Djurisic missed Jumper.,10,7,3,0,0.5761576743561939,0.5761576743561939,Georgia,LSU,6,6,NA,330190061,2013-01-19
35,1,14:51,2091,2091,Johnny O'Bryant III Defensive Rebound.,10,7,3,13,0.5761576743561939,0.5761576743561939,Georgia,LSU,6,6,NA,330190061,2013-01-19
36,1,14:38,2078,2078,Andre Stringer made Three Point Jumper.  Assisted by Anthony Hickey.,10,10,0,0,0.5,0.5,Georgia,LSU,6,6,NA,330190061,2013-01-19
37,1,14:38,2078,2078,Foul on Kentavious Caldwell-Pope,10,10,0,0,0.5,0.5,Georgia,LSU,6,6,NA,330190061,2013-01-19
38,1,14:38,2078,2078,Official TV Timeout.,10,10,0,15,0.5,0.5,Georgia,LSU,6,6,NA,330190061,2013-01-19
39,1,14:23,2063,2063,Johnny O'Bryant III made Jumper.  Assisted by Shavon Coleman.,10,12,-2,17,0.44833831010879094,0.44833831010879094,Georgia,LSU,6,6,NA,330190061,2013-01-19
40,1,14:06,2046,2046,Donte' Williams Turnover.,10,12,-2,17,0.44792767509963954,0.44792767509963954,Georgia,LSU,6,6,NA,330190061,2013-01-19
41,1,13:49,2029,2029,Anthony Hickey missed Jumper.,10,12,-2,0,0.44751375380537767,0.44751375380537767,Georgia,LSU,6,6,NA,330190061,2013-01-19
42,1,13:49,2029,2029,Nemanja Djurisic Defensive Rebound.,10,12,-2,12,0.44751375380537767,0.44751375380537767,Georgia,LSU,6,6,NA,330190061,2013-01-19
43,1,13:37,2017,2017,Donte' Williams made Dunk.  Assisted by Nemanja Djurisic.,12,12,0,11,0.5,0.5,Georgia,LSU,6,6,NA,330190061,2013-01-19
44,1,13:26,2006,2006,Johnny O'Bryant III Turnover.,12,12,0,27,0.5,0.5,Georgia,LSU,6,6,NA,330190061,2013-01-19
45,1,12:59,1979,1979,Charles Mann Turnover.,12,12,0,2,0.5,0.5,Georgia,LSU,6,6,NA,330190061,2013-01-19
46,1,12:57,1977,1977,Anthony Hickey Steal.,12,12,0,11,0.5,0.5,Georgia,LSU,6,6,NA,330190061,2013-01-19
47,1,12:46,1966,1966,Shavon Coleman missed Three Point Jumper.,12,12,0,0,0.5,0.5,Georgia,LSU,6,6,NA,330190061,2013-01-19
48,1,12:46,1966,1966,Kentavious Caldwell-Pope Defensive Rebound.,12,12,0,23,0.5,0.5,Georgia,LSU,6,6,NA,330190061,2013-01-19
49,1,12:23,1943,1943,Nemanja Djurisic Turnover.,12,12,0,1,0.5,0.5,Georgia,LSU,6,6,NA,330190061,2013-01-19
50,1,12:22,1942,1942,Malik Morgan Steal.,12,12,0,1,0.5,0.5,Georgia,LSU,6,6,NA,330190061,2013-01-19
51,1,12:21,1941,1941,Anthony Hickey missed Three Point Jumper.,12,12,0,0,0.5,0.5,Georgia,LSU,6,6,NA,330190061,2013-01-19
52,1,12:21,1941,1941,Charles Mann Defensive Rebound.,12,12,0,4,0.5,0.5,Georgia,LSU,6,6,NA,330190061,2013-01-19
53,1,12:17,1937,1937,Foul on Anthony Hickey,12,12,0,0,0.5,0.5,Georgia,LSU,6,6,NA,330190061,2013-01-19
54,1,12:17,1937,1937,Kentavious Caldwell-Pope made Free Throw.,13,12,1,0,0.5274779060232787,0.5274779060232787,Georgia,LSU,6,6,NA,330190061,2013-01-19
55,1,12:17,1937,1937,Kentavious Caldwell-Pope made Free Throw.,14,12,2,23,0.5547903374866949,0.5547903374866949,Georgia,LSU,6,6,NA,330190061,2013-01-19
56,1,11:54,1914,1914,Malik Morgan Turnover.,14,12,2,1,0.5553826234312512,0.5553826234312512,Georgia,LSU,6,6,NA,330190061,2013-01-19
57,1,11:53,1913,1913,Charles Mann Steal.,14,12,2,4,0.5554083476967336,0.5554083476967336,Georgia,LSU,6,6,NA,330190061,2013-01-19
58,1,11:49,1909,1909,Charles Mann missed Layup.,14,12,2,0,0.5555112177423619,0.5555112177423619,Georgia,LSU,6,6,NA,330190061,2013-01-19
59,1,11:49,1909,1909,John Florveus Offensive Rebound.,14,12,2,1,0.5555112177423619,0.5555112177423619,Georgia,LSU,6,6,NA,330190061,2013-01-19
60,1,11:48,1908,1908,John Florveus made Tip Shot.,16,12,4,0,0.6097201963623953,0.6097201963623953,Georgia,LSU,6,6,NA,330190061,2013-01-19
61,1,11:48,1908,1908,Foul on Jalen Courtney,16,12,4,0,0.6097201963623953,0.6097201963623953,Georgia,LSU,6,6,NA,330190061,2013-01-19
62,1,11:48,1908,1908,Official TV Timeout.,16,12,4,0,0.6097201963623953,0.6097201963623953,Georgia,LSU,6,6,NA,330190061,2013-01-19
63,1,11:48,1908,1908,John Florveus missed Free Throw.,16,12,4,0,0.6097201963623953,0.6097201963623953,Georgia,LSU,6,6,NA,330190061,2013-01-19
64,1,11:48,1908,1908,Malik Morgan Defensive Rebound.,16,12,4,25,0.6097201963623953,0.6097201963623953,Georgia,LSU,6,6,NA,330190061,2013-01-19
65,1,11:23,1883,1883,Foul on Kenny Gaines,16,12,4,0,0.6109580862436181,0.6109580862436181,Georgia,LSU,6,6,NA,330190061,2013-01-19
66,1,11:23,1883,1883,Corban Collins made Free Throw.,16,13,3,0,0.5838275558824868,0.5838275558824868,Georgia,LSU,6,6,NA,330190061,2013-01-19
67,1,11:23,1883,1883,Corban Collins made Free Throw.,16,14,2,0,0.5561794392775864,0.5561794392775864,Georgia,LSU,6,6,NA,330190061,2013-01-19
68,1,11:23,1883,1883,Corban Collins made Free Throw.,16,15,1,8,0.5281789384956048,0.5281789384956048,Georgia,LSU,6,6,NA,330190061,2013-01-19
69,1,11:15,1875,1875,Kentavious Caldwell-Pope Turnover.,16,15,1,1,0.5282827865318684,0.5282827865318684,Georgia,LSU,6,6,NA,330190061,2013-01-19
70,1,11:14,1874,1874,Shavon Coleman Steal.,16,15,1,4,0.528295774020342,0.528295774020342,Georgia,LSU,6,6,NA,330190061,2013-01-19
71,1,11:10,1870,1870,Malik Morgan missed Layup.,16,15,1,0,0.5283477417471951,0.5283477417471951,Georgia,LSU,6,6,NA,330190061,2013-01-19
72,1,11:10,1870,1870,John Florveus Defensive Rebound.,16,15,1,28,0.5283477417471951,0.5283477417471951,Georgia,LSU,6,6,NA,330190061,2013-01-19
73,1,10:42,1842,1842,John Florveus made Jumper.,18,15,3,32,0.585388023025359,0.585388023025359,Georgia,LSU,6,6,NA,330190061,2013-01-19
74,1,10:10,1810,1810,Shavon Coleman Turnover.,18,15,3,13,0.5866183669881162,0.5866183669881162,Georgia,LSU,6,6,NA,330190061,2013-01-19
75,1,9:57,1797,1797,Kentavious Caldwell-Pope missed Layup.,18,15,3,0,0.5871231929956874,0.5871231929956874,Georgia,LSU,6,6,NA,330190061,2013-01-19
76,1,9:57,1797,1797,Johnny O'Bryant III Defensive Rebound.,18,15,3,27,0.5871231929956874,0.5871231929956874,Georgia,LSU,6,6,NA,330190061,2013-01-19
77,1,9:30,1770,1770,Johnny O'Bryant III made Jumper.,18,17,1,15,0.5296703015466427,0.5296703015466427,Georgia,LSU,6,6,NA,330190061,2013-01-19
78,1,9:15,1755,1755,Kentavious Caldwell-Pope Turnover.,18,17,1,1,0.5298752153615465,0.5298752153615465,Georgia,LSU,6,6,NA,330190061,2013-01-19
79,1,9:14,1754,1754,Malik Morgan Steal.,18,17,1,7,0.5298889608367024,0.5298889608367024,Georgia,LSU,6,6,NA,330190061,2013-01-19
80,1,9:07,1747,1747,Foul on Brandon Morris,18,17,1,0,0.5299854917413526,0.5299854917413526,Georgia,LSU,6,6,NA,330190061,2013-01-19
81,1,9:07,1747,1747,Malik Morgan made Free Throw.,18,18,0,0,0.5,0.5,Georgia,LSU,6,6,NA,330190061,2013-01-19
82,1,9:07,1747,1747,Malik Morgan made Free Throw.,18,19,-1,16,0.47001450825864743,0.47001450825864743,Georgia,LSU,6,6,NA,330190061,2013-01-19
83,1,8:51,1731,1731,Nemanja Djurisic missed Jumper.,18,19,-1,0,0.4697916980247994,0.4697916980247994,Georgia,LSU,6,6,NA,330190061,2013-01-19
84,1,8:51,1731,1731,Malik Morgan Defensive Rebound.,18,19,-1,7,0.4697916980247994,0.4697916980247994,Georgia,LSU,6,6,NA,330190061,2013-01-19
85,1,8:44,1724,1724,Malik Morgan made Jumper.,18,21,-3,24,0.4099606905000397,0.4099606905000397,Georgia,LSU,6,6,NA,330190061,2013-01-19
86,1,8:20,1700,1700,Kentavious Caldwell-Pope made Three Point Jumper.,21,21,0,28,0.5,0.5,Georgia,LSU,6,6,NA,330190061,2013-01-19
87,1,7:52,1672,1672,Johnny O'Bryant III Turnover.,21,21,0,0,0.5,0.5,Georgia,LSU,6,6,NA,330190061,2013-01-19
88,1,7:52,1672,1672,Official TV Timeout.,21,21,0,19,0.5,0.5,Georgia,LSU,6,6,NA,330190061,2013-01-19
89,1,7:33,1653,1653,Vincent Williams missed Three Point Jumper.,21,21,0,0,0.5,0.5,Georgia,LSU,6,6,NA,330190061,2013-01-19
90,1,7:33,1653,1653,Johnny O'Bryant III Defensive Rebound.,21,21,0,12,0.5,0.5,Georgia,LSU,6,6,NA,330190061,2013-01-19
91,1,7:21,1641,1641,Malik Morgan made Layup.  Assisted by Johnny O'Bryant III.,21,23,-2,20,0.43727331888113036,0.43727331888113036,Georgia,LSU,6,6,NA,330190061,2013-01-19
92,1,7:01,1621,1621,Nemanja Djurisic missed Jumper.,21,23,-2,0,0.4367324083189744,0.4367324083189744,Georgia,LSU,6,6,NA,330190061,2013-01-19
93,1,7:01,1621,1621,Johnny O'Bryant III Defensive Rebound.,21,23,-2,9,0.4367324083189744,0.4367324083189744,Georgia,LSU,6,6,NA,330190061,2013-01-19
94,1,6:52,1612,1612,Corban Collins Turnover.,21,23,-2,2,0.43649057371072647,0.43649057371072647,Georgia,LSU,6,6,NA,330190061,2013-01-19
95,1,6:50,1610,1610,Kentavious Caldwell-Pope Steal.,21,23,-2,3,0.43643690375502325,0.43643690375502325,Georgia,LSU,6,6,NA,330190061,2013-01-19
96,1,6:47,1607,1607,Sherrard Brantley made Layup.  Assisted by Kentavious Caldwell-Pope.,23,23,0,0,0.5,0.5,Georgia,LSU,6,6,NA,330190061,2013-01-19
97,1,6:47,1607,1607,Foul on Malik Morgan,23,23,0,0,0.5,0.5,Georgia,LSU,6,6,NA,330190061,2013-01-19
98,1,6:47,1607,1607,Sherrard Brantley made Free Throw.,24,23,1,18,0.5319517350031371,0.5319517350031371,Georgia,LSU,6,6,NA,330190061,2013-01-19
99,1,6:29,1589,1589,Shane Hammink Turnover.,24,23,1,10,0.5321961801517338,0.5321961801517338,Georgia,LSU,6,6,NA,330190061,2013-01-19
100,1,6:19,1579,1579,Nemanja Djurisic missed Three Point Jumper.,24,23,1,0,0.532332416226348,0.532332416226348,Georgia,LSU,6,6,NA,330190061,2013-01-19
101,1,6:19,1579,1579,Anthony Hickey Defensive Rebound.,24,23,1,27,0.532332416226348,0.532332416226348,Georgia,LSU,6,6,NA,330190061,2013-01-19
102,1,5:52,1552,1552,Andre Stringer Turnover.,24,23,1,1,0.5327043127795471,0.5327043127795471,Georgia,LSU,6,6,NA,330190061,2013-01-19
103,1,5:51,1551,1551,Nemanja Djurisic Steal.,24,23,1,12,0.5327182491595552,0.5327182491595552,Georgia,LSU,6,6,NA,330190061,2013-01-19
104,1,5:39,1539,1539,Sherrard Brantley Turnover.,24,23,1,20,0.5328866760479471,0.5328866760479471,Georgia,LSU,6,6,NA,330190061,2013-01-19
105,1,5:19,1519,1519,Andrew Del Piero missed Jumper.,24,23,1,0,0.5331732364658628,0.5331732364658628,Georgia,LSU,6,6,NA,330190061,2013-01-19
106,1,5:19,1519,1519,Johnny O'Bryant III Offensive Rebound.,24,23,1,5,0.5331732364658628,0.5331732364658628,Georgia,LSU,6,6,NA,330190061,2013-01-19
107,1,5:14,1514,1514,Johnny O'Bryant III missed Jumper.,24,23,1,0,0.5332462303475475,0.5332462303475475,Georgia,LSU,6,6,NA,330190061,2013-01-19
108,1,5:14,1514,1514,Nemanja Djurisic Defensive Rebound.,24,23,1,21,0.5332462303475475,0.5332462303475475,Georgia,LSU,6,6,NA,330190061,2013-01-19
109,1,4:53,1493,1493,Nemanja Djurisic made Three Point Jumper.  Assisted by Charles Mann.,27,23,4,32,0.631292667968614,0.631292667968614,Georgia,LSU,6,6,NA,330190061,2013-01-19
110,1,4:21,1461,1461,Anthony Hickey missed Three Point Jumper.,27,23,4,0,0.633177568510581,0.633177568510581,Georgia,LSU,6,6,NA,330190061,2013-01-19
111,1,4:21,1461,1461,Johnny O'Bryant III Offensive Rebound.,27,23,4,3,0.633177568510581,0.633177568510581,Georgia,LSU,6,6,NA,330190061,2013-01-19
112,1,4:18,1458,1458,Johnny O'Bryant III made Layup.,27,25,2,33,0.5679106830810422,0.5679106830810422,Georgia,LSU,6,6,NA,330190061,2013-01-19
113,1,3:45,1425,1425,Charles Mann missed Three Point Jumper.,27,25,2,0,0.5689783622524043,0.5689783622524043,Georgia,LSU,6,6,NA,330190061,2013-01-19
114,1,3:45,1425,1425,Anthony Hickey Defensive Rebound.,27,25,2,7,0.5689783622524043,0.5689783622524043,Georgia,LSU,6,6,NA,330190061,2013-01-19
115,1,3:38,1418,1418,Anthony Hickey made Layup.,27,27,0,13,0.5,0.5,Georgia,LSU,6,6,NA,330190061,2013-01-19
116,1,3:25,1405,1405,Donte' Williams missed Jumper.,27,27,0,0,0.5,0.5,Georgia,LSU,6,6,NA,330190061,2013-01-19
117,1,3:25,1405,1405,Andrew Del Piero Block.,27,27,0,1,0.5,0.5,Georgia,LSU,6,6,NA,330190061,2013-01-19
118,1,3:24,1404,1404,Georgia Offensive Rebound.,27,27,0,0,0.5,0.5,Georgia,LSU,6,6,NA,330190061,2013-01-19
119,1,3:24,1404,1404,Official TV Timeout.,27,27,0,15,0.5,0.5,Georgia,LSU,6,6,NA,330190061,2013-01-19
120,1,3:09,1389,1389,Charles Mann made Jumper.,29,27,2,19,0.5700831042565394,0.5700831042565394,Georgia,LSU,6,6,NA,330190061,2013-01-19
121,1,2:50,1370,1370,Shane Hammink missed Jumper.,29,27,2,0,0.5706533680910078,0.5706533680910078,Georgia,LSU,6,6,NA,330190061,2013-01-19
122,1,2:50,1370,1370,Nemanja Djurisic Defensive Rebound.,29,27,2,7,0.5706533680910078,0.5706533680910078,Georgia,LSU,6,6,NA,330190061,2013-01-19
123,1,2:43,1363,1363,Brandon Morris made Layup.  Assisted by Charles Mann.,31,27,4,0,0.6389354075725496,0.6389354075725496,Georgia,LSU,6,6,NA,330190061,2013-01-19
124,1,2:43,1363,1363,Foul on Shane Hammink,31,27,4,0,0.6389354075725496,0.6389354075725496,Georgia,LSU,6,6,NA,330190061,2013-01-19
125,1,2:43,1363,1363,Brandon Morris made Free Throw.,32,27,5,18,0.6711593098209736,0.6711593098209736,Georgia,LSU,6,6,NA,330190061,2013-01-19
126,1,2:25,1345,1345,Andre Stringer made Jumper.,32,29,3,21,0.6062019703805133,0.6062019703805133,Georgia,LSU,6,6,NA,330190061,2013-01-19
127,1,2:04,1324,1324,Brandon Morris missed Jumper.,32,29,3,0,0.6071397874472115,0.6071397874472115,Georgia,LSU,6,6,NA,330190061,2013-01-19
128,1,2:04,1324,1324,Jalen Courtney Defensive Rebound.,32,29,3,9,0.6071397874472115,0.6071397874472115,Georgia,LSU,6,6,NA,330190061,2013-01-19
129,1,1:55,1315,1315,Andre Stringer missed Three Point Jumper.,32,29,3,0,0.6075494161511354,0.6075494161511354,Georgia,LSU,6,6,NA,330190061,2013-01-19
130,1,1:55,1315,1315,Shane Hammink Offensive Rebound.,32,29,3,4,0.6075494161511354,0.6075494161511354,Georgia,LSU,6,6,NA,330190061,2013-01-19
131,1,1:51,1311,1311,Anthony Hickey missed Three Point Jumper.,32,29,3,0,0.6077333700540296,0.6077333700540296,Georgia,LSU,6,6,NA,330190061,2013-01-19
132,1,1:51,1311,1311,Kentavious Caldwell-Pope Defensive Rebound.,32,29,3,28,0.6077333700540296,0.6077333700540296,Georgia,LSU,6,6,NA,330190061,2013-01-19
133,1,1:23,1283,1283,Foul on Jalen Courtney,32,29,3,0,0.6090622730298618,0.6090622730298618,Georgia,LSU,6,6,NA,330190061,2013-01-19
134,1,1:23,1283,1283,Charles Mann made Free Throw.,33,29,4,0,0.6436319430427353,0.6436319430427353,Georgia,LSU,6,6,NA,330190061,2013-01-19
135,1,1:23,1283,1283,Charles Mann missed Free Throw.,33,29,4,0,0.6436319430427353,0.6436319430427353,Georgia,LSU,6,6,NA,330190061,2013-01-19
136,1,1:23,1283,1283,Johnny O'Bryant III Defensive Rebound.,33,29,4,17,0.6436319430427353,0.6436319430427353,Georgia,LSU,6,6,NA,330190061,2013-01-19
137,1,1:06,1266,1266,Foul on Johnny O'Bryant III,33,29,4,0,0.6447243057336445,0.6447243057336445,Georgia,LSU,6,6,NA,330190061,2013-01-19
138,1,1:06,1266,1266,Johnny O'Bryant III Turnover.,33,29,4,10,0.6447243057336445,0.6447243057336445,Georgia,LSU,6,6,NA,330190061,2013-01-19
139,1,0:56,1256,1256,Foul on Anthony Hickey,33,29,4,0,0.6453908524389634,0.6453908524389634,Georgia,LSU,6,6,NA,330190061,2013-01-19
140,1,0:56,1256,1256,Vincent Williams missed Free Throw.,33,29,4,0,0.6453908524389634,0.6453908524389634,Georgia,LSU,6,6,NA,330190061,2013-01-19
141,1,0:56,1256,1256,Johnny O'Bryant III Defensive Rebound.,33,29,4,3,0.6453908524389634,0.6453908524389634,Georgia,LSU,6,6,NA,330190061,2013-01-19
142,1,0:53,1253,1253,LSU Full Timeout.,33,29,4,25,0.6455946221344437,0.6455946221344437,Georgia,LSU,5,6,NA,330190061,2013-01-19
143,1,0:28,1228,1228,Johnny O'Bryant III Turnover.,33,29,4,0,0.6473687323799612,0.6473687323799612,Georgia,LSU,5,6,NA,330190061,2013-01-19
144,1,0:28,1228,1228,Georgia Full Timeout.,33,29,4,24,0.6473687323799612,0.6473687323799612,Georgia,LSU,5,5,NA,330190061,2013-01-19
145,1,0:04,1204,1204,Nemanja Djurisic missed Jumper.,33,29,4,0,0.6492088837776333,0.6492088837776333,Georgia,LSU,5,5,NA,330190061,2013-01-19
146,1,0:04,1204,1204,Donte' Williams Offensive Rebound.,33,29,4,3,0.6492088837776333,0.6492088837776333,Georgia,LSU,5,5,NA,330190061,2013-01-19
147,1,0:01,1201,1201,Donte' Williams missed Tip Shot.,33,29,4,0,0.649440775217143,0.649440775217143,Georgia,LSU,5,5,NA,330190061,2013-01-19
148,1,0:01,1201,1201,Shavon Coleman Defensive Rebound.,33,29,4,1,0.649440775217143,0.649440775217143,Georgia,LSU,5,5,NA,330190061,2013-01-19
149,1,0:00,1200,1200,End of the 1st Half.,33,29,4,0,0.6495177425372646,0.6495177425372646,Georgia,LSU,5,5,NA,330190061,2013-01-19
150,2,20:00,1200,1200,PLAY,33,29,4,10,0.6495177425372646,0.6495177425372646,Georgia,LSU,5,5,NA,330190061,2013-01-19
151,2,19:50,1190,1190,Kentavious Caldwell-Pope Turnover.,33,29,4,29,0.6502789946668872,0.6502789946668872,Georgia,LSU,5,5,NA,330190061,2013-01-19
152,2,19:21,1161,1161,Foul on John Florveus,33,29,4,7,0.6524190285069774,0.6524190285069774,Georgia,LSU,5,5,NA,330190061,2013-01-19
153,2,19:14,1154,1154,Johnny O'Bryant III Turnover.,33,29,4,3,0.6529253691876516,0.6529253691876516,Georgia,LSU,5,5,NA,330190061,2013-01-19
154,2,19:11,1151,1151,Brandon Morris Steal.,33,29,4,3,0.6531416421579741,0.6531416421579741,Georgia,LSU,5,5,NA,330190061,2013-01-19
155,2,19:08,1148,1148,Kentavious Caldwell-Pope made Three Point Jumper.  Assisted by Charles Mann.,36,29,7,13,0.7519806605703759,0.7519806605703759,Georgia,LSU,5,5,NA,330190061,2013-01-19
156,2,18:55,1135,1135,Andrew Del Piero made Jumper.,36,31,5,13,0.6894273237303332,0.6894273237303332,Georgia,LSU,5,5,NA,330190061,2013-01-19
157,2,18:42,1122,1122,John Florveus made Jumper.  Assisted by Kentavious Caldwell-Pope.,38,31,7,18,0.7546649167810413,0.7546649167810413,Georgia,LSU,5,5,NA,330190061,2013-01-19
158,2,18:24,1104,1104,Foul on Brandon Morris,38,31,7,0,0.7565310439714337,0.7565310439714337,Georgia,LSU,5,5,NA,330190061,2013-01-19
159,2,18:24,1104,1104,Malik Morgan made Free Throw.,38,32,6,0,0.7254759895707201,0.7254759895707201,Georgia,LSU,5,5,NA,330190061,2013-01-19
160,2,18:24,1104,1104,Malik Morgan made Free Throw.,38,33,5,24,0.6920720784082816,0.6920720784082816,Georgia,LSU,5,5,NA,330190061,2013-01-19
161,2,18:00,1080,1080,Charles Mann Turnover.,38,33,5,1,0.6941726129867419,0.6941726129867419,Georgia,LSU,5,5,NA,330190061,2013-01-19
162,2,17:59,1079,1079,Anthony Hickey Steal.,38,33,5,17,0.6942618039410059,0.6942618039410059,Georgia,LSU,5,5,NA,330190061,2013-01-19
163,2,17:42,1062,1062,Andre Stringer missed Jumper.,38,33,5,0,0.6958045038468726,0.6958045038468726,Georgia,LSU,5,5,NA,330190061,2013-01-19
164,2,17:42,1062,1062,LSU Offensive Rebound.,38,33,5,4,0.6958045038468726,0.6958045038468726,Georgia,LSU,5,5,NA,330190061,2013-01-19
165,2,17:38,1058,1058,Shavon Coleman missed Jumper.,38,33,5,0,0.6961756132160999,0.6961756132160999,Georgia,LSU,5,5,NA,330190061,2013-01-19
166,2,17:38,1058,1058,Charles Mann Defensive Rebound.,38,33,5,17,0.6961756132160999,0.6961756132160999,Georgia,LSU,5,5,NA,330190061,2013-01-19
167,2,17:21,1041,1041,John Florveus Turnover.,38,33,5,1,0.6977936010141114,0.6977936010141114,Georgia,LSU,5,5,NA,330190061,2013-01-19
168,2,17:20,1040,1040,Malik Morgan Steal.,38,33,5,3,0.6978910136804309,0.6978910136804309,Georgia,LSU,5,5,NA,330190061,2013-01-19
169,2,17:17,1037,1037,Foul on Anthony Hickey,38,33,5,0,0.698184857558235,0.698184857558235,Georgia,LSU,5,5,NA,330190061,2013-01-19
170,2,17:17,1037,1037,Anthony Hickey Turnover.,38,33,5,9,0.698184857558235,0.698184857558235,Georgia,LSU,5,5,NA,330190061,2013-01-19
171,2,17:08,1028,1028,Charles Mann missed Jumper.,38,33,5,0,0.6990814759704124,0.6990814759704124,Georgia,LSU,5,5,NA,330190061,2013-01-19
172,2,17:08,1028,1028,Malik Morgan Defensive Rebound.,38,33,5,8,0.6990814759704124,0.6990814759704124,Georgia,LSU,5,5,NA,330190061,2013-01-19
173,2,17:00,1020,1020,Johnny O'Bryant III missed Jumper.,38,33,5,0,0.6998986896790245,0.6998986896790245,Georgia,LSU,5,5,NA,330190061,2013-01-19
174,2,17:00,1020,1020,Nemanja Djurisic Defensive Rebound.,38,33,5,10,0.6998986896790245,0.6998986896790245,Georgia,LSU,5,5,NA,330190061,2013-01-19
175,2,16:50,1010,1010,Donte' Williams made Layup.  Assisted by Charles Mann.,40,33,7,0,0.7671968715860482,0.7671968715860482,Georgia,LSU,5,5,NA,330190061,2013-01-19
176,2,16:50,1010,1010,Foul on Johnny O'Bryant III,40,33,7,0,0.7671968715860482,0.7671968715860482,Georgia,LSU,5,5,NA,330190061,2013-01-19
177,2,16:50,1010,1010,Donte' Williams made Free Throw.,41,33,8,14,0.7962329913915521,0.7962329913915521,Georgia,LSU,5,5,NA,330190061,2013-01-19
178,2,16:36,996,996,Shavon Coleman made Layup.  Assisted by Johnny O'Bryant III.,41,35,6,13,0.7371007786395269,0.7371007786395269,Georgia,LSU,5,5,NA,330190061,2013-01-19
179,2,16:23,983,983,Nemanja Djurisic Turnover.,41,35,6,0,0.7387543770619364,0.7387543770619364,Georgia,LSU,5,5,NA,330190061,2013-01-19
180,2,16:23,983,983,Shavon Coleman Steal.,41,35,6,8,0.7387543770619364,0.7387543770619364,Georgia,LSU,5,5,NA,330190061,2013-01-19
181,2,16:15,975,975,Shavon Coleman missed Layup.,41,35,6,0,0.7398094024158185,0.7398094024158185,Georgia,LSU,5,5,NA,330190061,2013-01-19
182,2,16:15,975,975,Johnny O'Bryant III Offensive Rebound.,41,35,6,3,0.7398094024158185,0.7398094024158185,Georgia,LSU,5,5,NA,330190061,2013-01-19
183,2,16:12,972,972,Johnny O'Bryant III missed Tip Shot.,41,35,6,0,0.7402127408942895,0.7402127408942895,Georgia,LSU,5,5,NA,330190061,2013-01-19
184,2,16:12,972,972,Shavon Coleman Offensive Rebound.,41,35,6,2,0.7402127408942895,0.7402127408942895,Georgia,LSU,5,5,NA,330190061,2013-01-19
185,2,16:10,970,970,Foul on John Florveus,41,35,6,6,0.7404840247129979,0.7404840247129979,Georgia,LSU,5,5,NA,330190061,2013-01-19
186,2,16:04,964,964,Foul on Donte' Williams,41,35,6,0,0.7412856705173292,0.7412856705173292,Georgia,LSU,5,5,NA,330190061,2013-01-19
187,2,16:04,964,964,Johnny O'Bryant III made Free Throw.,41,36,5,0,0.7062453896541875,0.7062453896541875,Georgia,LSU,5,5,NA,330190061,2013-01-19
188,2,16:04,964,964,Johnny O'Bryant III made Free Throw.,41,37,4,11,0.668581061021867,0.668581061021867,Georgia,LSU,5,5,NA,330190061,2013-01-19
189,2,15:53,953,953,Georgia Turnover.,41,37,4,0,0.6696577590373897,0.6696577590373897,Georgia,LSU,5,5,NA,330190061,2013-01-19
190,2,15:53,953,953,Official TV Timeout.,41,37,4,22,0.6696577590373897,0.6696577590373897,Georgia,LSU,5,5,NA,330190061,2013-01-19
191,2,15:31,931,931,Foul on Donte' Williams,41,37,4,0,0.6716332988220082,0.6716332988220082,Georgia,LSU,5,5,NA,330190061,2013-01-19
192,2,15:31,931,931,Shavon Coleman missed Free Throw.,41,37,4,0,0.6716332988220082,0.6716332988220082,Georgia,LSU,5,5,NA,330190061,2013-01-19
193,2,15:31,931,931,null,41,37,4,0,0.6716332988220082,0.6716332988220082,Georgia,LSU,5,5,NA,330190061,2013-01-19
194,2,15:31,931,931,Shavon Coleman made Free Throw.,41,38,3,4,0.631041195018445,0.631041195018445,Georgia,LSU,5,5,NA,330190061,2013-01-19
195,2,15:27,927,927,Kentavious Caldwell-Pope Turnover.,41,38,3,0,0.6313091476667623,0.6313091476667623,Georgia,LSU,5,5,NA,330190061,2013-01-19
196,2,15:27,927,927,Anthony Hickey Steal.,41,38,3,27,0.6313091476667623,0.6313091476667623,Georgia,LSU,5,5,NA,330190061,2013-01-19
197,2,15:00,900,900,Jalen Courtney missed Jumper.,41,38,3,0,0.6330288541363128,0.6330288541363128,Georgia,LSU,5,5,NA,330190061,2013-01-19
198,2,15:00,900,900,Donte' Williams Defensive Rebound.,41,38,3,21,0.6330288541363128,0.6330288541363128,Georgia,LSU,5,5,NA,330190061,2013-01-19
199,2,14:39,879,879,Foul on Jalen Courtney,41,38,3,18,0.6343084699326449,0.6343084699326449,Georgia,LSU,5,5,NA,330190061,2013-01-19
200,2,14:21,861,861,Kentavious Caldwell-Pope missed Jumper.,41,38,3,0,0.6354082233174867,0.6354082233174867,Georgia,LSU,5,5,NA,330190061,2013-01-19
201,2,14:21,861,861,Brandon Morris Offensive Rebound.,41,38,3,3,0.6354082233174867,0.6354082233174867,Georgia,LSU,5,5,NA,330190061,2013-01-19
202,2,14:18,858,858,Brandon Morris made Dunk.,43,38,5,29,0.7164975364554617,0.7164975364554617,Georgia,LSU,5,5,NA,330190061,2013-01-19
203,2,13:49,829,829,Anthony Hickey made Three Point Jumper.,43,41,2,13,0.5929761308717059,0.5929761308717059,Georgia,LSU,5,5,NA,330190061,2013-01-19
204,2,13:36,816,816,Foul on Corban Collins,43,41,2,4,0.5936132145769233,0.5936132145769233,Georgia,LSU,5,5,NA,330190061,2013-01-19
205,2,13:32,812,812,Charles Mann Turnover.,43,41,2,1,0.593817514346235,0.593817514346235,Georgia,LSU,5,5,NA,330190061,2013-01-19
206,2,13:31,811,811,Shavon Coleman Steal.,43,41,2,3,0.5938692553600357,0.5938692553600357,Georgia,LSU,5,5,NA,330190061,2013-01-19
207,2,13:28,808,808,Anthony Hickey missed Layup.,43,41,2,0,0.5940261384397535,0.5940261384397535,Georgia,LSU,5,5,NA,330190061,2013-01-19
208,2,13:28,808,808,Malik Morgan Offensive Rebound.,43,41,2,2,0.5940261384397535,0.5940261384397535,Georgia,LSU,5,5,NA,330190061,2013-01-19
209,2,13:26,806,806,Foul on Brandon Morris,43,41,2,0,0.594132148920511,0.594132148920511,Georgia,LSU,5,5,NA,330190061,2013-01-19
210,2,13:26,806,806,Malik Morgan missed Free Throw.,43,41,2,0,0.594132148920511,0.594132148920511,Georgia,LSU,5,5,NA,330190061,2013-01-19
211,2,13:26,806,806,null,43,41,2,0,0.594132148920511,0.594132148920511,Georgia,LSU,5,5,NA,330190061,2013-01-19
212,2,13:26,806,806,Malik Morgan missed Free Throw.,43,41,2,0,0.594132148920511,0.594132148920511,Georgia,LSU,5,5,NA,330190061,2013-01-19
213,2,13:26,806,806,Donte' Williams Defensive Rebound.,43,41,2,15,0.594132148920511,0.594132148920511,Georgia,LSU,5,5,NA,330190061,2013-01-19
214,2,13:11,791,791,Kentavious Caldwell-Pope missed Three Point Jumper.,43,41,2,0,0.5949667420790963,0.5949667420790963,Georgia,LSU,5,5,NA,330190061,2013-01-19
215,2,13:11,791,791,Anthony Hickey Defensive Rebound.,43,41,2,18,0.5949667420790963,0.5949667420790963,Georgia,LSU,5,5,NA,330190061,2013-01-19
216,2,12:53,773,773,Foul on Shavon Coleman,43,41,2,0,0.5960735551323307,0.5960735551323307,Georgia,LSU,5,5,NA,330190061,2013-01-19
217,2,12:53,773,773,Shavon Coleman Turnover.,43,41,2,28,0.5960735551323307,0.5960735551323307,Georgia,LSU,5,5,NA,330190061,2013-01-19
218,2,12:25,745,745,Kentavious Caldwell-Pope missed Three Point Jumper.,43,41,2,0,0.5980734514595089,0.5980734514595089,Georgia,LSU,5,5,NA,330190061,2013-01-19
219,2,12:25,745,745,Corban Collins Defensive Rebound.,43,41,2,8,0.5980734514595089,0.5980734514595089,Georgia,LSU,5,5,NA,330190061,2013-01-19
220,2,12:17,737,737,Corban Collins Turnover.,43,41,2,1,0.5987168616020814,0.5987168616020814,Georgia,LSU,5,5,NA,330190061,2013-01-19
221,2,12:16,736,736,Kentavious Caldwell-Pope Steal.,43,41,2,3,0.598799747000911,0.598799747000911,Georgia,LSU,5,5,NA,330190061,2013-01-19
222,2,12:13,733,733,Kentavious Caldwell-Pope missed Three Point Jumper.,43,41,2,0,0.5990517718830187,0.5990517718830187,Georgia,LSU,5,5,NA,330190061,2013-01-19
223,2,12:13,733,733,Shavon Coleman Defensive Rebound.,43,41,2,21,0.5990517718830187,0.5990517718830187,Georgia,LSU,5,5,NA,330190061,2013-01-19
224,2,11:52,712,712,Anthony Hickey made Three Point Jumper.,43,44,-1,19,0.4490953655878289,0.4490953655878289,Georgia,LSU,5,5,NA,330190061,2013-01-19
225,2,11:33,693,693,Donte' Williams made Dunk.  Assisted by Vincent Williams.,45,44,1,23,0.5516065756058276,0.5516065756058276,Georgia,LSU,5,5,NA,330190061,2013-01-19
226,2,11:10,670,670,Anthony Hickey made Three Point Jumper.,45,47,-2,9,0.3963676727433095,0.3963676727433095,Georgia,LSU,5,5,NA,330190061,2013-01-19
227,2,11:01,661,661,Foul on Malik Morgan,45,47,-2,0,0.39579365834683145,0.39579365834683145,Georgia,LSU,5,5,NA,330190061,2013-01-19
228,2,11:01,661,661,Official TV Timeout.,45,47,-2,14,0.39579365834683145,0.39579365834683145,Georgia,LSU,5,5,NA,330190061,2013-01-19
229,2,10:47,647,647,Vincent Williams made Three Point Jumper.  Assisted by Kentavious Caldwell-Pope.,48,47,1,32,0.5531476451152163,0.5531476451152163,Georgia,LSU,5,5,NA,330190061,2013-01-19
230,2,10:15,615,615,Andrew Del Piero missed Jumper.,48,47,1,0,0.5543073687200534,0.5543073687200534,Georgia,LSU,5,5,NA,330190061,2013-01-19
231,2,10:15,615,615,Donte' Williams Block.,48,47,1,0,0.5543073687200534,0.5543073687200534,Georgia,LSU,5,5,NA,330190061,2013-01-19
232,2,10:15,615,615,LSU Offensive Rebound.,48,47,1,3,0.5543073687200534,0.5543073687200534,Georgia,LSU,5,5,NA,330190061,2013-01-19
233,2,10:12,612,612,Andrew Del Piero Turnover.,48,47,1,1,0.5544274932273542,0.5544274932273542,Georgia,LSU,5,5,NA,330190061,2013-01-19
234,2,10:11,611,611,Vincent Williams Steal.,48,47,1,6,0.5544680994176798,0.5544680994176798,Georgia,LSU,5,5,NA,330190061,2013-01-19
235,2,10:05,605,605,Sherrard Brantley missed Three Point Jumper.,48,47,1,0,0.5547180457249534,0.5547180457249534,Georgia,LSU,5,5,NA,330190061,2013-01-19
236,2,10:05,605,605,Andrew Del Piero Defensive Rebound.,48,47,1,25,0.5547180457249534,0.5547180457249534,Georgia,LSU,5,5,NA,330190061,2013-01-19
237,2,9:40,580,580,Anthony Hickey missed Three Point Jumper.,48,47,1,0,0.5558983213332083,0.5558983213332083,Georgia,LSU,5,5,NA,330190061,2013-01-19
238,2,9:40,580,580,Sherrard Brantley Defensive Rebound.,48,47,1,3,0.5558983213332083,0.5558983213332083,Georgia,LSU,5,5,NA,330190061,2013-01-19
239,2,9:37,577,577,Foul on Malik Morgan,48,47,1,0,0.5560575804932644,0.5560575804932644,Georgia,LSU,5,5,NA,330190061,2013-01-19
240,2,9:37,577,577,Sherrard Brantley missed Free Throw.,48,47,1,0,0.5560575804932644,0.5560575804932644,Georgia,LSU,5,5,NA,330190061,2013-01-19
241,2,9:37,577,577,Johnny O'Bryant III Defensive Rebound.,48,47,1,28,0.5560575804932644,0.5560575804932644,Georgia,LSU,5,5,NA,330190061,2013-01-19
242,2,9:09,549,549,Shavon Coleman missed Jumper.,48,47,1,0,0.5577691735483139,0.5577691735483139,Georgia,LSU,5,5,NA,330190061,2013-01-19
243,2,9:09,549,549,Nemanja Djurisic Defensive Rebound.,48,47,1,28,0.5577691735483139,0.5577691735483139,Georgia,LSU,5,5,NA,330190061,2013-01-19
244,2,8:41,521,521,Kentavious Caldwell-Pope missed Jumper.,48,47,1,0,0.5594030345412659,0.5594030345412659,Georgia,LSU,5,5,NA,330190061,2013-01-19
245,2,8:41,521,521,Nemanja Djurisic Offensive Rebound.,48,47,1,1,0.5594030345412659,0.5594030345412659,Georgia,LSU,5,5,NA,330190061,2013-01-19
246,2,8:40,520,520,Foul on Malik Morgan,48,47,1,0,0.5594543781978267,0.5594543781978267,Georgia,LSU,5,5,NA,330190061,2013-01-19
247,2,8:40,520,520,Nemanja Djurisic made Free Throw.,49,47,2,0,0.6172509114802167,0.6172509114802167,Georgia,LSU,5,5,NA,330190061,2013-01-19
248,2,8:40,520,520,Nemanja Djurisic made Free Throw.,50,47,3,14,0.6719116501882708,0.6719116501882708,Georgia,LSU,5,5,NA,330190061,2013-01-19
249,2,8:26,506,506,Foul on Nemanja Djurisic,50,47,3,0,0.6737798734304211,0.6737798734304211,Georgia,LSU,5,5,NA,330190061,2013-01-19
250,2,8:26,506,506,Johnny O'Bryant III made Free Throw.,50,48,2,0,0.6185867594952554,0.6185867594952554,Georgia,LSU,5,5,NA,330190061,2013-01-19
251,2,8:26,506,506,Johnny O'Bryant III missed Free Throw.,50,48,2,0,0.6185867594952554,0.6185867594952554,Georgia,LSU,5,5,NA,330190061,2013-01-19
252,2,8:26,506,506,Anthony Hickey Offensive Rebound.,50,48,2,23,0.6185867594952554,0.6185867594952554,Georgia,LSU,5,5,NA,330190061,2013-01-19
253,2,8:03,483,483,Corban Collins Turnover.,50,48,2,1,0.6208093868963717,0.6208093868963717,Georgia,LSU,5,5,NA,330190061,2013-01-19
254,2,8:02,482,482,Kentavious Caldwell-Pope Steal.,50,48,2,5,0.6209124108630119,0.6209124108630119,Georgia,LSU,5,5,NA,330190061,2013-01-19
255,2,7:57,477,477,Kentavious Caldwell-Pope made Dunk.,52,48,4,14,0.7293518527508529,0.7293518527508529,Georgia,LSU,5,5,NA,330190061,2013-01-19
256,2,7:43,463,463,Corban Collins missed Jumper.,52,48,4,0,0.7320806130529189,0.7320806130529189,Georgia,LSU,5,5,NA,330190061,2013-01-19
257,2,7:43,463,463,Donte' Williams Defensive Rebound.,52,48,4,11,0.7320806130529189,0.7320806130529189,Georgia,LSU,5,5,NA,330190061,2013-01-19
258,2,7:32,452,452,Kentavious Caldwell-Pope made Layup.  Assisted by Sherrard Brantley.,54,48,6,9,0.8215378438136912,0.8215378438136912,Georgia,LSU,5,5,NA,330190061,2013-01-19
259,2,7:23,443,443,LSU Full Timeout.,54,48,6,14,0.824126132225518,0.824126132225518,Georgia,LSU,4,5,NA,330190061,2013-01-19
260,2,7:09,429,429,Shavon Coleman made Jumper.  Assisted by Anthony Hickey.,54,50,4,10,0.7410264394973203,0.7410264394973203,Georgia,LSU,4,5,NA,330190061,2013-01-19
261,2,6:59,419,419,Georgia Turnover.,54,50,4,0,0.7440957609050409,0.7440957609050409,Georgia,LSU,4,5,NA,330190061,2013-01-19
262,2,6:59,419,419,Official TV Timeout.,54,50,4,4,0.7440957609050409,0.7440957609050409,Georgia,LSU,4,5,NA,330190061,2013-01-19
263,2,6:55,415,415,Johnny O'Bryant III made Jumper.,54,52,2,13,0.6310576624810864,0.6310576624810864,Georgia,LSU,4,5,NA,330190061,2013-01-19
264,2,6:42,402,402,Charles Mann Turnover.,54,52,2,1,0.6333008661884589,0.6333008661884589,Georgia,LSU,4,5,NA,330190061,2013-01-19
265,2,6:41,401,401,Anthony Hickey Steal.,54,52,2,3,0.6334701127012387,0.6334701127012387,Georgia,LSU,4,5,NA,330190061,2013-01-19
266,2,6:38,398,398,Shavon Coleman Turnover.,54,52,2,1,0.6339766151486436,0.6339766151486436,Georgia,LSU,4,5,NA,330190061,2013-01-19
267,2,6:37,397,397,Kentavious Caldwell-Pope Steal.,54,52,2,31,0.6341451930559543,0.6341451930559543,Georgia,LSU,4,5,NA,330190061,2013-01-19
268,2,6:06,366,366,Charles Mann missed Jumper.,54,52,2,0,0.6395766397976185,0.6395766397976185,Georgia,LSU,4,5,NA,330190061,2013-01-19
269,2,6:06,366,366,Charles Mann Offensive Rebound.,54,52,2,3,0.6395766397976185,0.6395766397976185,Georgia,LSU,4,5,NA,330190061,2013-01-19
270,2,6:03,363,363,Charles Mann missed Jumper.,54,52,2,0,0.6401508385119071,0.6401508385119071,Georgia,LSU,4,5,NA,330190061,2013-01-19
271,2,6:03,363,363,Shavon Coleman Defensive Rebound.,54,52,2,37,0.6401508385119071,0.6401508385119071,Georgia,LSU,4,5,NA,330190061,2013-01-19
272,2,5:26,326,326,Anthony Hickey missed Jumper.,54,52,2,0,0.6487292831360406,0.6487292831360406,Georgia,LSU,4,5,NA,330190061,2013-01-19
273,2,5:26,326,326,Brandon Morris Defensive Rebound.,54,52,2,4,0.6487292831360406,0.6487292831360406,Georgia,LSU,4,5,NA,330190061,2013-01-19
274,2,5:22,322,322,Foul on Andre Stringer,54,52,2,0,0.6498753923001954,0.6498753923001954,Georgia,LSU,4,5,NA,330190061,2013-01-19
275,2,5:22,322,322,Charles Mann missed Free Throw.,54,52,2,0,0.6498753923001954,0.6498753923001954,Georgia,LSU,4,5,NA,330190061,2013-01-19
276,2,5:22,322,322,Johnny O'Bryant III Defensive Rebound.,54,52,2,7,0.6498753923001954,0.6498753923001954,Georgia,LSU,4,5,NA,330190061,2013-01-19
277,2,5:15,315,315,LSU Full Timeout.,54,52,2,23,0.6520101149800688,0.6520101149800688,Georgia,LSU,3,5,NA,330190061,2013-01-19
278,2,4:52,292,292,Foul on Nemanja Djurisic,54,52,2,0,0.6568612901114437,0.6568612901114437,Georgia,LSU,3,5,NA,330190061,2013-01-19
279,2,4:52,292,292,Anthony Hickey made Free Throw.,54,53,1,0,0.5804617123840752,0.5804617123840752,Georgia,LSU,3,5,NA,330190061,2013-01-19
280,2,4:52,292,292,Anthony Hickey missed Free Throw.,54,53,1,0,0.5804617123840752,0.5804617123840752,Georgia,LSU,3,5,NA,330190061,2013-01-19
281,2,4:52,292,292,null,54,53,1,0,0.5804617123840752,0.5804617123840752,Georgia,LSU,3,5,NA,330190061,2013-01-19
282,2,4:52,292,292,Anthony Hickey missed Free Throw.,54,53,1,0,0.5804617123840752,0.5804617123840752,Georgia,LSU,3,5,NA,330190061,2013-01-19
283,2,4:52,292,292,Nemanja Djurisic Defensive Rebound.,54,53,1,10,0.5804617123840752,0.5804617123840752,Georgia,LSU,3,5,NA,330190061,2013-01-19
284,2,4:42,282,282,Nemanja Djurisic Turnover.,54,53,1,1,0.580408714867296,0.580408714867296,Georgia,LSU,3,5,NA,330190061,2013-01-19
285,2,4:41,281,281,Anthony Hickey Steal.,54,53,1,0,0.5803753468940906,0.5803753468940906,Georgia,LSU,3,5,NA,330190061,2013-01-19
286,2,4:41,281,281,Foul on Kentavious Caldwell-Pope,54,53,1,0,0.5803753468940906,0.5803753468940906,Georgia,LSU,3,5,NA,330190061,2013-01-19
287,2,4:41,281,281,Georgia Full Timeout.,54,53,1,0,0.5803753468940906,0.5803753468940906,Georgia,LSU,3,4,NA,330190061,2013-01-19
288,2,4:41,281,281,Andre Stringer missed Free Throw.,54,53,1,0,0.5803753468940906,0.5803753468940906,Georgia,LSU,3,4,NA,330190061,2013-01-19
289,2,4:41,281,281,null,54,53,1,0,0.5803753468940906,0.5803753468940906,Georgia,LSU,3,4,NA,330190061,2013-01-19
290,2,4:41,281,281,Andre Stringer made Free Throw.,54,54,0,3,0.5,0.5,Georgia,LSU,3,4,NA,330190061,2013-01-19
291,2,4:38,278,278,Georgia Full Timeout.,54,54,0,32,0.5,0.5,Georgia,LSU,3,3,NA,330190061,2013-01-19
292,2,4:06,246,246,Brandon Morris missed Layup.,54,54,0,0,0.5,0.5,Georgia,LSU,3,3,NA,330190061,2013-01-19
293,2,4:06,246,246,Johnny O'Bryant III Defensive Rebound.,54,54,0,23,0.5,0.5,Georgia,LSU,3,3,NA,330190061,2013-01-19
294,2,3:43,223,223,Andre Stringer Turnover.,54,54,0,1,0.5,0.5,Georgia,LSU,3,3,NA,330190061,2013-01-19
295,2,3:42,222,222,Nemanja Djurisic Steal.,54,54,0,18,0.5,0.5,Georgia,LSU,3,3,NA,330190061,2013-01-19
296,2,3:24,204,204,Donte' Williams made Layup.  Assisted by Brandon Morris.,56,54,2,0,0.660029979777004,0.660029979777004,Georgia,LSU,3,3,NA,330190061,2013-01-19
297,2,3:24,204,204,Foul on Malik Morgan,56,54,2,0,0.660029979777004,0.660029979777004,Georgia,LSU,3,3,NA,330190061,2013-01-19
298,2,3:24,204,204,Official TV Timeout.,56,54,2,0,0.660029979777004,0.660029979777004,Georgia,LSU,3,3,NA,330190061,2013-01-19
299,2,3:24,204,204,Donte' Williams made Free Throw.,57,54,3,14,0.7301023131987842,0.7301023131987842,Georgia,LSU,3,3,NA,330190061,2013-01-19
300,2,3:10,190,190,Anthony Hickey Turnover.,57,54,3,1,0.7435318025178916,0.7435318025178916,Georgia,LSU,3,3,NA,330190061,2013-01-19
301,2,3:09,189,189,Donte' Williams Steal.,57,54,3,20,0.744721923574801,0.744721923574801,Georgia,LSU,3,3,NA,330190061,2013-01-19
302,2,2:49,169,169,Kentavious Caldwell-Pope made Jumper.  Assisted by Nemanja Djurisic.,59,54,5,23,0.880529128367831,0.880529128367831,Georgia,LSU,3,3,NA,330190061,2013-01-19
303,2,2:26,146,146,Anthony Hickey missed Three Point Jumper.,59,54,5,0,0.9064963112161142,0.9064963112161142,Georgia,LSU,3,3,NA,330190061,2013-01-19
304,2,2:26,146,146,Nemanja Djurisic Defensive Rebound.,59,54,5,20,0.9064963112161142,0.9064963112161142,Georgia,LSU,3,3,NA,330190061,2013-01-19
305,2,2:06,126,126,Foul on Shavon Coleman,59,54,5,0,0.9281052321723561,0.9281052321723561,Georgia,LSU,3,3,NA,330190061,2013-01-19
306,2,2:06,126,126,Nemanja Djurisic missed Free Throw.,59,54,5,0,0.9281052321723561,0.9281052321723561,Georgia,LSU,3,3,NA,330190061,2013-01-19
307,2,2:06,126,126,null,59,54,5,0,0.9281052321723561,0.9281052321723561,Georgia,LSU,3,3,NA,330190061,2013-01-19
308,2,2:06,126,126,Nemanja Djurisic missed Free Throw.,59,54,5,0,0.9281052321723561,0.9281052321723561,Georgia,LSU,3,3,NA,330190061,2013-01-19
309,2,2:06,126,126,Johnny O'Bryant III Defensive Rebound.,59,54,5,18,0.9281052321723561,0.9281052321723561,Georgia,LSU,3,3,NA,330190061,2013-01-19
310,2,1:48,108,108,LSU Full Timeout.,59,54,5,10,0.9464062236655004,0.9464062236655004,Georgia,LSU,2,3,NA,330190061,2013-01-19
311,2,1:38,98,98,Andre Stringer missed Jumper.,59,54,5,0,0.955792860831193,0.955792860831193,Georgia,LSU,2,3,NA,330190061,2013-01-19
312,2,1:38,98,98,Johnny O'Bryant III Offensive Rebound.,59,54,5,3,0.955792860831193,0.955792860831193,Georgia,LSU,2,3,NA,330190061,2013-01-19
313,2,1:35,95,95,Foul on Donte' Williams,59,54,5,0,0.958466523162768,0.958466523162768,Georgia,LSU,2,3,NA,330190061,2013-01-19
314,2,1:35,95,95,Johnny O'Bryant III made Free Throw.,59,55,4,0,0.9249140870379032,0.9249140870379032,Georgia,LSU,2,3,NA,330190061,2013-01-19
315,2,1:35,95,95,Johnny O'Bryant III made Free Throw.,59,56,3,7,0.8679898167922394,0.8679898167922394,Georgia,LSU,2,3,NA,330190061,2013-01-19
316,2,1:28,88,88,Foul on Shavon Coleman,59,56,3,0,0.8783385828431226,0.8783385828431226,Georgia,LSU,2,3,NA,330190061,2013-01-19
317,2,1:28,88,88,Kentavious Caldwell-Pope made Free Throw.,60,56,4,0,0.9331253959921266,0.9331253959921266,Georgia,LSU,2,3,NA,330190061,2013-01-19
318,2,1:28,88,88,Kentavious Caldwell-Pope made Free Throw.,61,56,5,25,0.9642448308526215,0.9642448308526215,Georgia,LSU,2,3,NA,330190061,2013-01-19
319,2,1:03,63,63,Andre Stringer Turnover.,61,56,5,2,0.98024233602492,0.98024233602492,Georgia,LSU,2,3,NA,330190061,2013-01-19
320,2,1:01,61,61,Kentavious Caldwell-Pope Steal.,61,56,5,8,0.9812403994369202,0.9812403994369202,Georgia,LSU,2,3,NA,330190061,2013-01-19
321,2,0:53,53,53,Georgia Full Timeout.,61,56,5,3,0.9848451252732019,0.9848451252732019,Georgia,LSU,2,2,NA,330190061,2013-01-19
322,2,0:50,50,50,Foul on Shavon Coleman,61,56,5,0,0.9860480712219178,0.9860480712219178,Georgia,LSU,2,2,NA,330190061,2013-01-19
323,2,0:50,50,50,Vincent Williams made Free Throw.,62,56,6,0,0.9939983720638899,0.9939983720638899,Georgia,LSU,2,2,NA,330190061,2013-01-19
324,2,0:50,50,50,Vincent Williams made Free Throw.,63,56,7,8,0.9974301184537856,0.9974301184537856,Georgia,LSU,2,2,NA,330190061,2013-01-19
325,2,0:42,42,42,Anthony Hickey missed Three Point Jumper.,63,56,7,0,0.998140059498833,0.998140059498833,Georgia,LSU,2,2,NA,330190061,2013-01-19
326,2,0:42,42,42,Corban Collins Offensive Rebound.,63,56,7,7,0.998140059498833,0.998140059498833,Georgia,LSU,2,2,NA,330190061,2013-01-19
327,2,0:35,35,35,Corban Collins Turnover.,63,56,7,0,0.9986163438447522,0.9986163438447522,Georgia,LSU,2,2,NA,330190061,2013-01-19
328,2,0:35,35,35,Kentavious Caldwell-Pope Steal.,63,56,7,0,0.9986163438447522,0.9986163438447522,Georgia,LSU,2,2,NA,330190061,2013-01-19
329,2,0:35,35,35,Foul on Corban Collins,63,56,7,0,0.9986163438447522,0.9986163438447522,Georgia,LSU,2,2,NA,330190061,2013-01-19
330,2,0:35,35,35,Kentavious Caldwell-Pope made Free Throw.,64,56,8,0,0.9994591760349223,0.9994591760349223,Georgia,LSU,2,2,NA,330190061,2013-01-19
331,2,0:35,35,35,Kentavious Caldwell-Pope made Free Throw.,65,56,9,9,0.9997887189925966,0.9997887189925966,Georgia,LSU,2,2,NA,330190061,2013-01-19
332,2,0:26,26,26,Andre Stringer missed Three Point Jumper.,65,56,9,0,0.9998729088585575,0.9998729088585575,Georgia,LSU,2,2,NA,330190061,2013-01-19
333,2,0:26,26,26,LSU Offensive Rebound.,65,56,9,9,0.9998729088585575,0.9998729088585575,Georgia,LSU,2,2,NA,330190061,2013-01-19
334,2,0:17,17,17,Johnny O'Bryant III made Layup.  Assisted by Andre Stringer.,65,58,7,1,0.9993825524408365,0.9993825524408365,Georgia,LSU,2,2,NA,330190061,2013-01-19
335,2,0:16,16,16,LSU Full Timeout.,65,58,7,8,0.9994111560645645,0.9994111560645645,Georgia,LSU,1,2,NA,330190061,2013-01-19
336,2,0:08,8,8,Foul on Shavon Coleman,65,58,7,0,0.9996013584134967,0.9996013584134967,Georgia,LSU,1,2,NA,330190061,2013-01-19
337,2,0:08,8,8,Charles Mann made Free Throw.,66,58,8,0,0.9998696554629153,0.9998696554629153,Georgia,LSU,1,2,NA,330190061,2013-01-19
338,2,0:08,8,8,Charles Mann made Free Throw.,67,58,9,6,0.9999573887160834,0.9999573887160834,Georgia,LSU,1,2,NA,330190061,2013-01-19
339,2,0:02,2,2,Anthony Hickey missed Layup.,67,58,9,0,0.9999711327414517,0.9999711327414517,Georgia,LSU,1,2,NA,330190061,2013-01-19
340,2,0:02,2,2,Charles Mann Defensive Rebound.,67,58,9,2,0.9999711327414517,0.9999711327414517,Georgia,LSU,1,2,NA,330190061,2013-01-19
341,2,0:00,0,0,End Game,67,58,9,0,1,1,Georgia,LSU,1,2,NA,330190061,2013-01-19
