game_id,date,home,away,play_id,half,time_remaining_half,secs_remaining,secs_remaining_absolute,description,home_score,away_score,score_diff,play_length,win_prob,naive_win_prob,home_time_out_remaining,away_time_out_remaining,home_favored_by,shot_x,shot_y,shot_team,shot_outcome,shooter,assist,three_pt,free_throw,possession_before,possession_after
401088848,2019-02-09,Wofford,Western Carolina,1,1,20:00:00,2400,2400,PLAY,0,0,0,0,0.9715150950973817,0.5,4,4,22,NA,NA,NA,NA,NA,NA,NA,NA,NA,Wofford
401088848,2019-02-09,Wofford,Western Carolina,2,1,19:55:00,2395,2395,Foul on D.J. Myers.,0,0,0,5,0.9714664658382351,0.5,4,4,22,NA,NA,NA,NA,NA,NA,NA,NA,Wofford,Wofford
401088848,2019-02-09,Wofford,Western Carolina,3,1,19:55:00,2395,2395,Keve Aluma made Free Throw.,1,0,1,0,0.9738197054409232,0.5221086867744104,4,4,22,NA,NA,Wofford,made,Keve Aluma,NA,FALSE,TRUE,Wofford,Wofford
401088848,2019-02-09,Wofford,Western Carolina,4,1,19:55:00,2395,2395,Keve Aluma made Free Throw.,2,0,2,0,0.9759836648041836,0.544131089496331,4,4,22,NA,NA,Wofford,made,Keve Aluma,NA,FALSE,TRUE,Wofford,Western Carolina
401088848,2019-02-09,Wofford,Western Carolina,5,1,19:33:00,2373,2373,Foul on Storm Murphy.,2,0,2,22,0.975843244121914,0.5445967041932466,4,4,22,NA,NA,NA,NA,NA,NA,NA,NA,Western Carolina,Western Carolina
401088848,2019-02-09,Wofford,Western Carolina,6,1,19:33:00,2373,2373,Matt Halvorsen made Free Throw.,2,1,1,0,0.9736428972055868,0.522342877819745,4,4,22,NA,NA,Western Carolina,made,Matt Halvorsen,NA,FALSE,TRUE,Western Carolina,Western Carolina
401088848,2019-02-09,Wofford,Western Carolina,7,1,19:33:00,2373,2373,Matt Halvorsen made Free Throw.,2,2,0,0,0.971248034219942,0.5,4,4,22,NA,NA,Western Carolina,made,Matt Halvorsen,NA,FALSE,TRUE,Western Carolina,Western Carolina
401088848,2019-02-09,Wofford,Western Carolina,8,1,19:33:00,2373,2373,Matt Halvorsen made Free Throw.,2,3,-1,0,0.9686425770035948,0.4776571221802551,4,4,22,NA,NA,Western Carolina,made,Matt Halvorsen,NA,FALSE,TRUE,Western Carolina,Wofford
401088848,2019-02-09,Wofford,Western Carolina,9,1,19:12:00,2352,2352,Fletcher Magee made Layup.,4,3,1,21,0.9734683398082812,0.5225696534786984,4,4,22,NA,NA,Wofford,made,Fletcher Magee,NA,FALSE,FALSE,Wofford,Western Carolina
401088848,2019-02-09,Wofford,Western Carolina,10,1,19:03:00,2343,2343,Kameron Gibson missed Three Point Jumper.,4,3,1,9,0.9733917330836898,0.5226677470488996,4,4,22,NA,NA,Western Carolina,missed,Kameron Gibson,NA,TRUE,FALSE,Western Carolina,Western Carolina
401088848,2019-02-09,Wofford,Western Carolina,11,1,19:01:00,2341,2341,Western Carolina Offensive Rebound.,4,3,1,2,0.9733745595989556,0.5226896161870556,4,4,22,NA,NA,NA,NA,NA,NA,NA,NA,Western Carolina,Western Carolina
401088848,2019-02-09,Wofford,Western Carolina,12,1,18:31:00,2311,2311,Matt Halvorsen missed Layup.,4,3,1,30,0.9731102279441756,0.5230205596670452,4,4,22,NA,NA,Western Carolina,missed,Matt Halvorsen,NA,FALSE,FALSE,Western Carolina,Western Carolina
401088848,2019-02-09,Wofford,Western Carolina,13,1,18:31:00,2311,2311,Nathan Hoover Block.,4,3,1,0,0.9731102279441756,0.5230205596670452,4,4,22,NA,NA,NA,NA,NA,NA,NA,NA,Western Carolina,Western Carolina
401088848,2019-02-09,Wofford,Western Carolina,14,1,18:31:00,2311,2311,Wofford Deadball Team Rebound.,4,3,1,0,0.9731102279441756,0.5230205596670452,4,4,22,NA,NA,NA,NA,NA,NA,NA,NA,Western Carolina,Wofford
401088848,2019-02-09,Wofford,Western Carolina,15,1,18:31:00,2311,2311,Western Carolina  Turnover.,4,3,1,0,0.9731102279441756,0.5230205596670452,4,4,22,NA,NA,NA,NA,NA,NA,NA,NA,Western Carolina,Wofford
401088848,2019-02-09,Wofford,Western Carolina,16,1,18:26:00,2306,2306,Fletcher Magee made Three Point Jumper.,7,3,4,5,0.9794500455512952,0.5913338005751095,4,4,22,NA,NA,Wofford,made,Fletcher Magee,NA,TRUE,FALSE,Wofford,Western Carolina
401088848,2019-02-09,Wofford,Western Carolina,17,1,17:53:00,2273,2273,Carlos Dotson missed Layup.,7,3,4,33,0.9793036029158844,0.5927689268057672,4,4,22,NA,NA,Western Carolina,missed,Carlos Dotson,NA,FALSE,FALSE,Western Carolina,Wofford
401088848,2019-02-09,Wofford,Western Carolina,18,1,17:49:00,2269,2269,Keve Aluma Defensive Rebound.,7,3,4,4,0.97928516854075,0.592944145667179,4,4,22,NA,NA,NA,NA,NA,NA,NA,NA,Western Carolina,Wofford
401088848,2019-02-09,Wofford,Western Carolina,19,1,17:44:00,2264,2264,Cameron Jackson missed Layup.,7,3,4,5,0.9792619094123218,0.5931635207693176,4,4,22,NA,NA,Wofford,missed,Cameron Jackson,NA,FALSE,FALSE,Wofford,Western Carolina
401088848,2019-02-09,Wofford,Western Carolina,20,1,17:41:00,2261,2261,Carlos Dotson Defensive Rebound.,7,3,4,3,0.9792478373748784,0.5932953283113396,4,4,22,NA,NA,NA,NA,NA,NA,NA,NA,Wofford,Western Carolina
401088848,2019-02-09,Wofford,Western Carolina,21,1,17:34:00,2254,2254,Matt Halvorsen Turnover.,7,3,4,7,0.9792146579773484,0.5936033932607985,4,4,22,NA,NA,NA,NA,NA,NA,NA,NA,Western Carolina,Wofford
401088848,2019-02-09,Wofford,Western Carolina,22,1,17:34:00,2254,2254,Cameron Jackson Steal.,7,3,4,0,0.9792146579773484,0.5936033932607985,4,4,22,NA,NA,NA,NA,NA,NA,NA,NA,Western Carolina,Wofford
401088848,2019-02-09,Wofford,Western Carolina,23,1,17:30:00,2250,2250,Foul on Matt Halvorsen.,7,3,4,4,0.97919547892992,0.5937797427901017,4,4,22,NA,NA,NA,NA,NA,NA,NA,NA,Wofford,Wofford
401088848,2019-02-09,Wofford,Western Carolina,24,1,17:21:00,2241,2241,Nathan Hoover missed Three Point Jumper.,7,3,4,9,0.9791517321385412,0.5941773194220317,4,4,22,NA,NA,Wofford,missed,Nathan Hoover,NA,TRUE,FALSE,Wofford,Western Carolina
401088848,2019-02-09,Wofford,Western Carolina,25,1,17:18:00,2238,2238,Onno Steger Defensive Rebound.,7,3,4,3,0.9791369645098834,0.5943100781269467,4,4,22,NA,NA,NA,NA,NA,NA,NA,NA,Wofford,Western Carolina
401088848,2019-02-09,Wofford,Western Carolina,26,1,16:47:00,2207,2207,Western Carolina  Turnover.,7,3,4,31,0.9789787297446256,0.5956879607644102,4,4,22,NA,NA,NA,NA,NA,NA,NA,NA,Western Carolina,Wofford
401088848,2019-02-09,Wofford,Western Carolina,27,1,16:41:00,2201,2201,Cameron Jackson Turnover.,7,3,4,6,0.9789468750170408,0.5959557671447281,4,4,22,NA,NA,NA,NA,NA,NA,NA,NA,Wofford,Western Carolina
401088848,2019-02-09,Wofford,Western Carolina,28,1,16:29:00,2189,2189,Matt Halvorsen missed Three Point Jumper.,7,3,4,12,0.9788819197292622,0.596492286615425,4,4,22,NA,NA,Western Carolina,missed,Matt Halvorsen,NA,TRUE,FALSE,Western Carolina,Wofford
401088848,2019-02-09,Wofford,Western Carolina,29,1,16:24:00,2184,2184,Nathan Hoover Defensive Rebound.,7,3,4,5,0.9788543552897538,0.5967161595591195,4,4,22,NA,NA,NA,NA,NA,NA,NA,NA,Western Carolina,Wofford
401088848,2019-02-09,Wofford,Western Carolina,30,1,16:14:00,2174,2174,Foul on Carlos Dotson.,7,3,4,10,0.9787983246645456,0.5971644061169916,4,4,22,NA,NA,NA,NA,NA,NA,NA,NA,Wofford,Wofford
401088848,2019-02-09,Wofford,Western Carolina,31,1,16:14:00,2174,2174,Cameron Jackson made Free Throw.,8,3,5,0,0.9807472599617728,0.6205962868326589,4,4,22,NA,NA,Wofford,made,Cameron Jackson,NA,FALSE,TRUE,Wofford,Wofford
401088848,2019-02-09,Wofford,Western Carolina,32,1,16:14:00,2174,2174,Cameron Jackson made Free Throw.,9,3,6,0,0.9825202414084804,0.6434789222215519,4,4,22,NA,NA,Wofford,made,Cameron Jackson,NA,FALSE,TRUE,Wofford,Western Carolina
401088848,2019-02-09,Wofford,Western Carolina,33,1,16:05:00,2165,2165,Foul on Cameron Jackson.,9,3,6,9,0.9824921078102312,0.644056756819015,4,4,22,NA,NA,NA,NA,NA,NA,NA,NA,Western Carolina,Western Carolina
401088848,2019-02-09,Wofford,Western Carolina,34,1,15:58:00,2158,2158,Carlos Dotson Turnover.,9,3,6,7,0.982469776684812,0.6445070071026183,4,4,22,NA,NA,NA,NA,NA,NA,NA,NA,Western Carolina,Wofford
401088848,2019-02-09,Wofford,Western Carolina,35,1,15:58:00,2158,2158,Cameron Jackson Steal.,9,3,6,0,0.982469776684812,0.6445070071026183,4,4,22,NA,NA,NA,NA,NA,NA,NA,NA,Western Carolina,Wofford
401088848,2019-02-09,Wofford,Western Carolina,36,1,15:40:00,2140,2140,Cameron Jackson made Layup.,11,3,8,18,0.9855532165505748,0.6899897821874807,4,4,22,NA,NA,Wofford,made,Cameron Jackson,NA,FALSE,FALSE,Wofford,Western Carolina
401088848,2019-02-09,Wofford,Western Carolina,37,1,15:22:00,2122,2122,Kameron Gibson made Three Point Jumper.,11,6,5,18,0.9805123275479346,0.6234693688430759,4,4,22,NA,NA,Western Carolina,made,Kameron Gibson,NA,TRUE,FALSE,Western Carolina,Wofford
401088848,2019-02-09,Wofford,Western Carolina,38,1,15:03:00,2103,2103,Cameron Jackson made Dunk.,13,6,7,19,0.9839682734170824,0.6709211189477181,4,4,22,NA,NA,Wofford,made,Cameron Jackson,NA,FALSE,FALSE,Wofford,Western Carolina
401088848,2019-02-09,Wofford,Western Carolina,39,1,14:35:00,2075,2075,Onno Steger missed Layup.,13,6,7,28,0.9838950048931416,0.6729986906518626,4,4,22,NA,NA,Western Carolina,missed,Onno Steger,NA,FALSE,FALSE,Western Carolina,Wofford
401088848,2019-02-09,Wofford,Western Carolina,40,1,14:31:00,2071,2071,Cameron Jackson Defensive Rebound.,13,6,7,4,0.98388417414768,0.673297000922815,4,4,22,NA,NA,NA,NA,NA,NA,NA,NA,Western Carolina,Wofford
401088848,2019-02-09,Wofford,Western Carolina,41,1,14:21:00,2061,2061,Foul on D.J. Myers.,13,6,7,10,0.983856711482561,0.6740445224426034,4,4,22,NA,NA,NA,NA,NA,NA,NA,NA,Wofford,Wofford
401088848,2019-02-09,Wofford,Western Carolina,42,1,14:21:00,2061,2061,Cameron Jackson made Free Throw.,14,6,8,0,0.9854250194609492,0.6964238843371021,4,4,22,NA,NA,Wofford,made,Cameron Jackson,NA,FALSE,TRUE,Wofford,Wofford
401088848,2019-02-09,Wofford,Western Carolina,43,1,14:21:00,2061,2061,Cameron Jackson made Free Throw.,15,6,9,0,0.986843005024014,0.7179097680453214,4,4,22,NA,NA,Wofford,made,Cameron Jackson,NA,FALSE,TRUE,Wofford,Western Carolina
401088848,2019-02-09,Wofford,Western Carolina,44,1,14:08:00,2048,2048,Carlos Dotson missed Layup.,15,6,9,13,0.9868296719403784,0.7190654408202114,4,4,22,NA,NA,Western Carolina,missed,Carlos Dotson,NA,FALSE,FALSE,Western Carolina,Wofford
401088848,2019-02-09,Wofford,Western Carolina,45,1,14:08:00,2048,2048,Trevor Stumpe Block.,15,6,9,0,0.9868296719403784,0.7190654408202114,4,4,22,NA,NA,NA,NA,NA,NA,NA,NA,Western Carolina,Wofford
401088848,2019-02-09,Wofford,Western Carolina,46,1,14:01:00,2041,2041,Wofford Defensive Rebound.,15,6,9,7,0.9868222554879484,0.719689480791981,4,4,22,NA,NA,NA,NA,NA,NA,NA,NA,Western Carolina,Wofford
401088848,2019-02-09,Wofford,Western Carolina,47,1,13:50:00,2030,2030,Ryan Larson Turnover.,15,6,9,11,0.9868102793449244,0.7206726948309059,4,4,22,NA,NA,NA,NA,NA,NA,NA,NA,Wofford,Western Carolina
401088848,2019-02-09,Wofford,Western Carolina,48,1,13:43:00,2023,2023,Kameron Gibson missed Layup.,15,6,9,7,0.9868024604282188,0.7213000680282649,4,4,22,NA,NA,Western Carolina,missed,Kameron Gibson,NA,FALSE,FALSE,Western Carolina,Western Carolina
401088848,2019-02-09,Wofford,Western Carolina,49,1,13:43:00,2023,2023,Keve Aluma Block.,15,6,9,0,0.9868024604282188,0.7213000680282649,4,4,22,NA,NA,NA,NA,NA,NA,NA,NA,Western Carolina,Western Carolina
401088848,2019-02-09,Wofford,Western Carolina,50,1,13:43:00,2023,2023,Western Carolina Offensive Rebound.,15,6,9,0,0.9868024604282188,0.7213000680282649,4,4,22,NA,NA,NA,NA,NA,NA,NA,NA,Western Carolina,Western Carolina
401088848,2019-02-09,Wofford,Western Carolina,51,1,13:43:00,2023,2023,Carlos Dotson made Layup.,15,8,7,0,0.983747523861334,0.676909275410053,4,4,22,NA,NA,Western Carolina,made,Carlos Dotson,NA,FALSE,FALSE,Western Carolina,Wofford
401088848,2019-02-09,Wofford,Western Carolina,52,1,13:39:00,2019,2019,Foul on Carlos Dotson.,15,8,7,4,0.9837356038548768,0.6772131846509397,4,4,22,NA,NA,NA,NA,NA,NA,NA,NA,Wofford,Wofford
401088848,2019-02-09,Wofford,Western Carolina,53,1,13:26:00,2006,2006,Tray Hollowell missed Jumper.,15,8,7,13,0.9836963282752212,0.6782041681046544,4,4,22,NA,NA,Wofford,missed,Tray Hollowell,NA,FALSE,FALSE,Wofford,Western Carolina
401088848,2019-02-09,Wofford,Western Carolina,54,1,13:26:00,2006,2006,Marc Gosselin Defensive Rebound.,15,8,7,0,0.9836963282752212,0.6782041681046544,4,4,22,NA,NA,NA,NA,NA,NA,NA,NA,Wofford,Western Carolina
401088848,2019-02-09,Wofford,Western Carolina,55,1,13:26:00,2006,2006,Onno Steger missed Three Point Jumper.,15,8,7,0,0.9836963282752212,0.6782041681046544,4,4,22,NA,NA,Western Carolina,missed,Onno Steger,NA,TRUE,FALSE,Western Carolina,Wofford
401088848,2019-02-09,Wofford,Western Carolina,56,1,13:26:00,2006,2006,Wofford Defensive Rebound.,15,8,7,0,0.9836963282752212,0.6782041681046544,4,4,22,NA,NA,NA,NA,NA,NA,NA,NA,Western Carolina,Wofford
401088848,2019-02-09,Wofford,Western Carolina,57,1,12:37:00,1957,1957,Ryan Larson missed Jumper.,15,8,7,49,0.9835413555310544,0.6819873716460776,4,4,22,NA,NA,Wofford,missed,Ryan Larson,NA,FALSE,FALSE,Wofford,Western Carolina
401088848,2019-02-09,Wofford,Western Carolina,58,1,12:33:00,1953,1953,Matt Halvorsen Defensive Rebound.,15,8,7,4,0.9835282510102752,0.6822997501733851,4,4,22,NA,NA,NA,NA,NA,NA,NA,NA,Wofford,Western Carolina
401088848,2019-02-09,Wofford,Western Carolina,59,1,12:27:00,1947,1947,Onno Steger Turnover.,15,8,7,6,0.9835084735546727,0.6827693710095243,4,4,22,NA,NA,NA,NA,NA,NA,NA,NA,Western Carolina,Wofford
401088848,2019-02-09,Wofford,Western Carolina,60,1,12:27:00,1947,1947,Ryan Larson Steal.,15,8,7,0,0.9835084735546727,0.6827693710095243,4,4,22,NA,NA,NA,NA,NA,NA,NA,NA,Western Carolina,Wofford
401088848,2019-02-09,Wofford,Western Carolina,61,1,12:21:00,1941,1941,Ryan Larson made Layup.,17,8,9,6,0.9867010444177484,0.728758433561697,4,4,22,NA,NA,Wofford,made,Ryan Larson,NA,FALSE,FALSE,Wofford,Western Carolina
401088848,2019-02-09,Wofford,Western Carolina,62,1,12:09:00,1929,1929,Marc Gosselin Turnover.,17,8,9,12,0.986684937216984,0.7298684101166134,4,4,22,NA,NA,NA,NA,NA,NA,NA,NA,Western Carolina,Wofford
401088848,2019-02-09,Wofford,Western Carolina,63,1,12:09:00,1929,1929,Ryan Larson Steal.,17,8,9,0,0.986684937216984,0.7298684101166134,4,4,22,NA,NA,NA,NA,NA,NA,NA,NA,Western Carolina,Wofford
401088848,2019-02-09,Wofford,Western Carolina,64,1,12:02:00,1922,1922,Ryan Larson made Layup.,19,8,11,7,0.989295426973932,0.7718613577851602,4,4,22,NA,NA,Wofford,made,Ryan Larson,NA,FALSE,FALSE,Wofford,Western Carolina
401088848,2019-02-09,Wofford,Western Carolina,65,1,11:49:00,1909,1909,Matt Halvorsen made Three Point Jumper. Assisted by Marcus Thomas.,19,11,8,13,0.985105611031514,0.7092730248622021,4,4,22,NA,NA,Western Carolina,made,Matt Halvorsen,Marcus Thomas,TRUE,FALSE,Western Carolina,Wofford
401088848,2019-02-09,Wofford,Western Carolina,66,1,11:25:00,1885,1885,Trevor Stumpe missed Layup.,19,11,8,24,0.9850434439833462,0.7113294246517019,4,4,22,NA,NA,Wofford,missed,Trevor Stumpe,NA,FALSE,FALSE,Wofford,Western Carolina
401088848,2019-02-09,Wofford,Western Carolina,67,1,11:23:00,1883,1883,Western Carolina Deadball Team Rebound.,19,11,8,2,0.9850380382282234,0.7115004545236011,4,4,22,NA,NA,NA,NA,NA,NA,NA,NA,Wofford,Western Carolina
401088848,2019-02-09,Wofford,Western Carolina,68,1,11:04:00,1864,1864,Onno Steger made Layup.,19,13,6,19,0.9812186939097896,0.6643978032601596,4,4,22,NA,NA,Western Carolina,made,Onno Steger,NA,FALSE,FALSE,Western Carolina,Wofford
401088848,2019-02-09,Wofford,Western Carolina,69,1,10:46:00,1846,1846,Keve Aluma made Layup. Assisted by Donovan Theme-Love.,21,13,8,18,0.9849326195520096,0.7146627967337085,4,4,22,NA,NA,Wofford,made,Keve Aluma,Donovan Theme-Love,FALSE,FALSE,Wofford,Western Carolina
401088848,2019-02-09,Wofford,Western Carolina,70,1,10:46:00,1846,1846,Foul on Onno Steger.,21,13,8,0,0.9849326195520096,0.7146627967337085,4,4,22,NA,NA,NA,NA,NA,NA,NA,NA,Wofford,Western Carolina
401088848,2019-02-09,Wofford,Western Carolina,71,1,10:46:00,1846,1846,Keve Aluma made Free Throw.,22,13,9,0,0.9865443402726932,0.7374790057869907,4,4,22,NA,NA,Wofford,made,Keve Aluma,NA,FALSE,TRUE,Wofford,Western Carolina
401088848,2019-02-09,Wofford,Western Carolina,72,1,10:17:00,1817,1817,Foul on Storm Murphy.,22,13,9,29,0.986485489739312,0.7401337079148835,4,4,22,NA,NA,NA,NA,NA,NA,NA,NA,Western Carolina,Western Carolina
401088848,2019-02-09,Wofford,Western Carolina,73,1,10:10:00,1810,1810,Kameron Gibson missed Layup.,22,13,9,7,0.9864708066675372,0.7407767713372244,4,4,22,NA,NA,Western Carolina,missed,Kameron Gibson,NA,FALSE,FALSE,Western Carolina,Wofford
401088848,2019-02-09,Wofford,Western Carolina,74,1,10:03:00,1803,1803,Keve Aluma Defensive Rebound.,22,13,9,7,0.9864559773262777,0.7414210754737142,4,4,22,NA,NA,NA,NA,NA,NA,NA,NA,Western Carolina,Wofford
401088848,2019-02-09,Wofford,Western Carolina,75,1,10:01:00,1801,1801,Tray Hollowell made Layup.,24,13,11,2,0.9892511550211402,0.7839143551679941,4,4,22,NA,NA,Wofford,made,Tray Hollowell,NA,FALSE,FALSE,Wofford,Western Carolina
401088848,2019-02-09,Wofford,Western Carolina,76,1,09:50:00,1790,1790,Onno Steger Turnover.,24,13,11,11,0.9892449377082524,0.785011548468012,4,4,22,NA,NA,NA,NA,NA,NA,NA,NA,Western Carolina,Wofford
401088848,2019-02-09,Wofford,Western Carolina,77,1,09:37:00,1777,1777,Fletcher Magee made Three Point Jumper. Assisted by Cameron Jackson.,27,13,14,13,0.992431686915951,0.8399909171825889,4,4,22,NA,NA,Wofford,made,Fletcher Magee,Cameron Jackson,TRUE,FALSE,Wofford,Western Carolina
401088848,2019-02-09,Wofford,Western Carolina,78,1,09:14:00,1754,1754,Kameron Gibson made Three Point Jumper. Assisted by Marcus Thomas.,27,16,11,23,0.9892245195325376,0.7886295015705354,4,4,22,NA,NA,Western Carolina,made,Kameron Gibson,Marcus Thomas,TRUE,FALSE,Western Carolina,Wofford
401088848,2019-02-09,Wofford,Western Carolina,79,1,08:58:00,1738,1738,Fletcher Magee made Three Point Jumper. Assisted by Cameron Jackson.,30,16,14,16,0.9924647550748404,0.843990895298151,4,4,22,NA,NA,Wofford,made,Fletcher Magee,Cameron Jackson,TRUE,FALSE,Wofford,Western Carolina
401088848,2019-02-09,Wofford,Western Carolina,80,1,08:43:00,1723,1723,Foul on Marcus Thomas.,30,16,14,15,0.9924783798506188,0.8455422113750913,4,4,22,NA,NA,NA,NA,NA,NA,NA,NA,Wofford,Wofford
401088848,2019-02-09,Wofford,Western Carolina,81,1,08:43:00,1723,1723,Marcus Thomas Turnover.,30,16,14,0,0.9924783798506188,0.8455422113750913,4,4,22,NA,NA,NA,NA,NA,NA,NA,NA,Western Carolina,Wofford
401088848,2019-02-09,Wofford,Western Carolina,82,1,08:20:00,1700,1700,Cameron Jackson Turnover.,30,16,14,23,0.9925007318576016,0.8479396665611574,4,4,22,NA,NA,NA,NA,NA,NA,NA,NA,Wofford,Western Carolina
401088848,2019-02-09,Wofford,Western Carolina,83,1,08:12:00,1692,1692,Matt Halvorsen missed Three Point Jumper.,30,16,14,8,0.992509001762484,0.8487796668244612,4,4,22,NA,NA,Western Carolina,missed,Matt Halvorsen,NA,TRUE,FALSE,Western Carolina,Wofford
401088848,2019-02-09,Wofford,Western Carolina,84,1,08:09:00,1689,1689,Fletcher Magee Defensive Rebound.,30,16,14,3,0.9925121651835483,0.8490954089165113,4,4,22,NA,NA,NA,NA,NA,NA,NA,NA,Western Carolina,Wofford
401088848,2019-02-09,Wofford,Western Carolina,85,1,07:51:00,1671,1671,Nathan Hoover missed Three Point Jumper.,30,16,14,18,0.9925281025913328,0.8509519765315049,4,4,22,NA,NA,Wofford,missed,Nathan Hoover,NA,TRUE,FALSE,Wofford,Western Carolina
401088848,2019-02-09,Wofford,Western Carolina,86,1,07:45:00,1665,1665,Marcus Thomas Defensive Rebound.,30,16,14,6,0.9925322566557178,0.8515565302170668,4,4,22,NA,NA,NA,NA,NA,NA,NA,NA,Wofford,Western Carolina
401088848,2019-02-09,Wofford,Western Carolina,87,1,07:42:00,1662,1662,Onno Steger made Three Point Jumper. Assisted by Marcus Thomas.,30,19,11,3,0.9891757609104948,0.798090043060855,4,4,22,NA,NA,Western Carolina,made,Onno Steger,Marcus Thomas,TRUE,FALSE,Western Carolina,Wofford
401088848,2019-02-09,Wofford,Western Carolina,88,1,07:21:00,1641,1641,Foul on Adam Sledd.,30,19,11,21,0.9891523727820872,0.8001601805930382,4,4,22,NA,NA,NA,NA,NA,NA,NA,NA,Wofford,Western Carolina
401088848,2019-02-09,Wofford,Western Carolina,89,1,07:21:00,1641,1641,Official TV Timeout,30,19,11,0,0.9891523727820872,0.8001601805930382,4,4,22,NA,NA,NA,NA,NA,NA,NA,NA,Wofford,Western Carolina
401088848,2019-02-09,Wofford,Western Carolina,90,1,07:21:00,1641,1641,Cameron Jackson made Free Throw.,31,19,12,0,0.9904253908099768,0.8195665497953863,4,4,22,NA,NA,Wofford,made,Cameron Jackson,NA,FALSE,TRUE,Wofford,Wofford
401088848,2019-02-09,Wofford,Western Carolina,91,1,07:21:00,1641,1641,Cameron Jackson missed Free Throw.,31,19,12,0,0.9904253908099768,0.8195665497953863,4,4,22,NA,NA,Wofford,missed,Cameron Jackson,NA,FALSE,TRUE,Wofford,Wofford
401088848,2019-02-09,Wofford,Western Carolina,92,1,07:21:00,1641,1641,Chevez Goodwin Offensive Rebound.,31,19,12,0,0.9904253908099768,0.8195665497953863,4,4,22,NA,NA,NA,NA,NA,NA,NA,NA,Wofford,Western Carolina
401088848,2019-02-09,Wofford,Western Carolina,93,1,07:21:00,1641,1641,Chevez Goodwin missed Layup.,31,19,12,0,0.9904253908099768,0.8195665497953863,4,4,22,NA,NA,Wofford,missed,Chevez Goodwin,NA,FALSE,FALSE,Wofford,Western Carolina
401088848,2019-02-09,Wofford,Western Carolina,94,1,07:21:00,1641,1641,Kameron Gibson Defensive Rebound.,31,19,12,0,0.9904253908099768,0.8195665497953863,4,4,22,NA,NA,NA,NA,NA,NA,NA,NA,Wofford,Western Carolina
401088848,2019-02-09,Wofford,Western Carolina,95,1,07:21:00,1641,1641,Onno Steger Turnover.,31,19,12,0,0.9904253908099768,0.8195665497953863,4,4,22,NA,NA,NA,NA,NA,NA,NA,NA,Wofford,Western Carolina
401088848,2019-02-09,Wofford,Western Carolina,96,1,07:21:00,1641,1641,Ryan Larson Steal.,31,19,12,0,0.9904253908099768,0.8195665497953863,4,4,22,NA,NA,NA,NA,NA,NA,NA,NA,Wofford,Western Carolina
401088848,2019-02-09,Wofford,Western Carolina,97,1,07:21:00,1641,1641,Ryan Larson made Layup.,33,19,14,0,0.9925440233228812,0.8539157702933183,4,4,22,NA,NA,Wofford,made,Ryan Larson,NA,FALSE,FALSE,Wofford,Western Carolina
401088848,2019-02-09,Wofford,Western Carolina,98,1,06:42:00,1602,1602,Carlos Dotson missed Layup.,33,19,14,39,0.9925511517416616,0.8576069942402682,4,4,22,NA,NA,Western Carolina,missed,Carlos Dotson,NA,FALSE,FALSE,Western Carolina,Wofford
401088848,2019-02-09,Wofford,Western Carolina,99,1,06:38:00,1598,1598,Chevez Goodwin Defensive Rebound.,33,19,14,4,0.9925513508248937,0.8579794421308669,4,4,22,NA,NA,NA,NA,NA,NA,NA,NA,Western Carolina,Wofford
401088848,2019-02-09,Wofford,Western Carolina,100,1,06:24:00,1584,1584,Chevez Goodwin missed Layup.,33,19,14,14,0.9925516497297128,0.8592785976411058,4,4,22,NA,NA,Wofford,missed,Chevez Goodwin,NA,FALSE,FALSE,Wofford,Western Carolina
401088848,2019-02-09,Wofford,Western Carolina,101,1,06:20:00,1580,1580,Matt Halvorsen Defensive Rebound.,33,19,14,4,0.9925516634798264,0.8596490131339409,4,4,22,NA,NA,NA,NA,NA,NA,NA,NA,Wofford,Western Carolina
401088848,2019-02-09,Wofford,Western Carolina,102,1,06:11:00,1571,1571,Marcus Thomas missed Layup.,33,19,14,9,0.9925516617951968,0.8604821519884367,4,4,22,NA,NA,Western Carolina,missed,Marcus Thomas,NA,FALSE,FALSE,Western Carolina,Wofford
401088848,2019-02-09,Wofford,Western Carolina,103,1,06:07:00,1567,1567,Cameron Jackson Defensive Rebound.,33,19,14,4,0.992551670000075,0.8608525678215917,4,4,22,NA,NA,NA,NA,NA,NA,NA,NA,Western Carolina,Wofford
401088848,2019-02-09,Wofford,Western Carolina,104,1,05:55:00,1555,1555,Chevez Goodwin made Layup. Assisted by Fletcher Magee.,35,19,16,12,0.9942568491676984,0.8902587359542529,4,4,22,NA,NA,Wofford,made,Chevez Goodwin,Fletcher Magee,FALSE,FALSE,Wofford,Western Carolina
401088848,2019-02-09,Wofford,Western Carolina,105,1,05:34:00,1534,1534,Foul on Chevez Goodwin.,35,19,16,21,0.9942715866515296,0.8920975044260955,4,4,22,NA,NA,NA,NA,NA,NA,NA,NA,Western Carolina,Western Carolina
401088848,2019-02-09,Wofford,Western Carolina,106,1,05:23:00,1523,1523,Onno Steger missed Three Point Jumper.,35,19,16,11,0.9942802446722496,0.8930693300057446,4,4,22,NA,NA,Western Carolina,missed,Onno Steger,NA,TRUE,FALSE,Western Carolina,Wofford
401088848,2019-02-09,Wofford,Western Carolina,107,1,05:20:00,1520,1520,Keve Aluma Defensive Rebound.,35,19,16,3,0.9942827504516076,0.8933357674087503,4,4,22,NA,NA,NA,NA,NA,NA,NA,NA,Western Carolina,Wofford
401088848,2019-02-09,Wofford,Western Carolina,108,1,05:12:00,1512,1512,Fletcher Magee made Three Point Jumper. Assisted by Keve Aluma.,38,19,19,8,0.9961647155141596,0.9264018986719064,4,4,22,NA,NA,Wofford,made,Fletcher Magee,Keve Aluma,TRUE,FALSE,Wofford,Western Carolina
401088848,2019-02-09,Wofford,Western Carolina,109,1,04:55:00,1495,1495,Kameron Gibson missed Jumper.,38,19,19,17,0.9961876997058808,0.9277124037211366,4,4,22,NA,NA,Western Carolina,missed,Kameron Gibson,NA,FALSE,FALSE,Western Carolina,Wofford
401088848,2019-02-09,Wofford,Western Carolina,110,1,04:51:00,1491,1491,Keve Aluma Defensive Rebound.,38,19,19,4,0.9961934378330624,0.9280237163944732,4,4,22,NA,NA,NA,NA,NA,NA,NA,NA,Western Carolina,Wofford
401088848,2019-02-09,Wofford,Western Carolina,111,1,04:47:00,1487,1487,Fletcher Magee missed Three Point Jumper.,38,19,19,4,0.9961993141553596,0.9283362925285908,4,4,22,NA,NA,Wofford,missed,Fletcher Magee,NA,TRUE,FALSE,Wofford,Western Carolina
401088848,2019-02-09,Wofford,Western Carolina,112,1,04:44:00,1484,1484,Matt Halvorsen Defensive Rebound.,38,19,19,3,0.996203815626272,0.9285715916079345,4,4,22,NA,NA,NA,NA,NA,NA,NA,NA,Wofford,Western Carolina
401088848,2019-02-09,Wofford,Western Carolina,113,1,04:18:00,1458,1458,Kameron Gibson missed Three Point Jumper.,38,19,19,26,0.996246583880718,0.9306458275273738,4,4,22,NA,NA,Western Carolina,missed,Kameron Gibson,NA,TRUE,FALSE,Western Carolina,Western Carolina
401088848,2019-02-09,Wofford,Western Carolina,114,1,04:14:00,1454,1454,Carlos Dotson Offensive Rebound.,38,19,19,4,0.9962538190015472,0.9309710831273535,4,4,22,NA,NA,NA,NA,NA,NA,NA,NA,Western Carolina,Western Carolina
401088848,2019-02-09,Wofford,Western Carolina,115,1,04:14:00,1454,1454,Foul on Keve Aluma.,38,19,19,0,0.9962538190015472,0.9309710831273535,4,4,22,NA,NA,NA,NA,NA,NA,NA,NA,Western Carolina,Western Carolina
401088848,2019-02-09,Wofford,Western Carolina,116,1,04:03:00,1443,1443,Carlos Dotson Turnover.,38,19,19,11,0.9962740509819644,0.9318652956222236,4,4,22,NA,NA,NA,NA,NA,NA,NA,NA,Western Carolina,Wofford
401088848,2019-02-09,Wofford,Western Carolina,117,1,03:52:00,1432,1432,Cameron Jackson missed Layup.,38,19,19,11,0.9962928365527934,0.9327311194334283,4,4,22,NA,NA,Wofford,missed,Cameron Jackson,NA,FALSE,FALSE,Wofford,Wofford
401088848,2019-02-09,Wofford,Western Carolina,118,1,03:48:00,1428,1428,Cameron Jackson Offensive Rebound.,38,19,19,4,0.9962992996094092,0.9330389054878252,4,4,22,NA,NA,NA,NA,NA,NA,NA,NA,Wofford,Western Carolina
401088848,2019-02-09,Wofford,Western Carolina,119,1,03:48:00,1428,1428,Cameron Jackson Turnover.,38,19,19,0,0.9962992996094092,0.9330389054878252,4,4,22,NA,NA,NA,NA,NA,NA,NA,NA,Wofford,Western Carolina
401088848,2019-02-09,Wofford,Western Carolina,120,1,03:48:00,1428,1428,Official TV Timeout,38,19,19,0,0.9962992996094092,0.9330389054878252,4,4,22,NA,NA,NA,NA,NA,NA,NA,NA,Wofford,Western Carolina
401088848,2019-02-09,Wofford,Western Carolina,121,1,03:32:00,1412,1412,Adam Sledd made Layup. Assisted by Matt Halvorsen.,38,21,17,16,0.9951444595112058,0.914849590319052,4,4,22,NA,NA,Western Carolina,made,Adam Sledd,Matt Halvorsen,FALSE,FALSE,Western Carolina,Wofford
401088848,2019-02-09,Wofford,Western Carolina,122,1,03:09:00,1389,1389,Storm Murphy missed Three Point Jumper.,38,21,17,23,0.995171736898718,0.9167217739512749,4,4,22,NA,NA,Wofford,missed,Storm Murphy,NA,TRUE,FALSE,Wofford,Western Carolina
401088848,2019-02-09,Wofford,Western Carolina,123,1,03:05:00,1385,1385,Marcus Thomas Defensive Rebound.,38,21,17,4,0.995176105251801,0.917040021587627,4,4,22,NA,NA,NA,NA,NA,NA,NA,NA,Wofford,Western Carolina
401088848,2019-02-09,Wofford,Western Carolina,124,1,02:50:00,1370,1370,Marcus Thomas Turnover.,38,21,17,15,0.9951918654729184,0.9182195014822014,4,4,22,NA,NA,NA,NA,NA,NA,NA,NA,Western Carolina,Wofford
401088848,2019-02-09,Wofford,Western Carolina,125,1,02:50:00,1370,1370,Cameron Jackson Steal.,38,21,17,0,0.9951918654729184,0.9182195014822014,4,4,22,NA,NA,NA,NA,NA,NA,NA,NA,Western Carolina,Wofford
401088848,2019-02-09,Wofford,Western Carolina,126,1,02:40:00,1360,1360,Foul on Onno Steger.,38,21,17,10,0.9952020487395288,0.9189967423828932,4,4,22,NA,NA,NA,NA,NA,NA,NA,NA,Wofford,Wofford
401088848,2019-02-09,Wofford,Western Carolina,127,1,02:40:00,1360,1360,Cameron Jackson missed Free Throw.,38,21,17,0,0.9952020487395288,0.9189967423828932,4,4,22,NA,NA,Wofford,missed,Cameron Jackson,NA,FALSE,TRUE,Wofford,Wofford
401088848,2019-02-09,Wofford,Western Carolina,128,1,02:40:00,1360,1360,Wofford Deadball Team Rebound.,38,21,17,0,0.9952020487395288,0.9189967423828932,4,4,22,NA,NA,NA,NA,NA,NA,NA,NA,Wofford,Wofford
401088848,2019-02-09,Wofford,Western Carolina,129,1,02:40:00,1360,1360,Cameron Jackson made Free Throw.,39,21,18,0,0.9958381578982984,0.929015468011028,4,4,22,NA,NA,Wofford,made,Cameron Jackson,NA,FALSE,TRUE,Wofford,Western Carolina
401088848,2019-02-09,Wofford,Western Carolina,130,1,02:27:00,1347,1347,Marcus Thomas missed Three Point Jumper.,39,21,18,13,0.9958529082722252,0.929957058090446,4,4,22,NA,NA,Western Carolina,missed,Marcus Thomas,NA,TRUE,FALSE,Western Carolina,Wofford
401088848,2019-02-09,Wofford,Western Carolina,131,1,02:22:00,1342,1342,Keve Aluma Defensive Rebound.,39,21,18,5,0.995858637497664,0.9303182067252214,4,4,22,NA,NA,NA,NA,NA,NA,NA,NA,Western Carolina,Wofford
401088848,2019-02-09,Wofford,Western Carolina,132,1,02:01:00,1321,1321,Trevor Stumpe missed Three Point Jumper.,39,21,18,21,0.9958836141138828,0.9318366623847928,4,4,22,NA,NA,Wofford,missed,Trevor Stumpe,NA,TRUE,FALSE,Wofford,Wofford
401088848,2019-02-09,Wofford,Western Carolina,133,1,01:57:00,1317,1317,Keve Aluma Offensive Rebound.,39,21,18,4,0.9958886187882304,0.9321272296705408,4,4,22,NA,NA,NA,NA,NA,NA,NA,NA,Wofford,Wofford
401088848,2019-02-09,Wofford,Western Carolina,134,1,01:56:00,1316,1316,Keve Aluma made Layup.,41,21,20,1,0.9969251096581496,0.9484465082195483,4,4,22,NA,NA,Wofford,made,Keve Aluma,NA,FALSE,FALSE,Wofford,Western Carolina
401088848,2019-02-09,Wofford,Western Carolina,135,1,01:39:00,1299,1299,Kameron Gibson made Three Point Jumper. Assisted by Matt Halvorsen.,41,24,17,17,0.9952697092981933,0.9237306635564791,4,4,22,NA,NA,Western Carolina,made,Kameron Gibson,Matt Halvorsen,TRUE,FALSE,Western Carolina,Wofford
401088848,2019-02-09,Wofford,Western Carolina,136,1,01:10:00,1270,1270,Trevor Stumpe missed Three Point Jumper.,41,24,17,29,0.9953128070388856,0.926071089520118,4,4,22,NA,NA,Wofford,missed,Trevor Stumpe,NA,TRUE,FALSE,Wofford,Western Carolina
401088848,2019-02-09,Wofford,Western Carolina,137,1,01:07:00,1267,1267,Matt Halvorsen Defensive Rebound.,41,24,17,3,0.9953179185088056,0.9263193865595826,4,4,22,NA,NA,NA,NA,NA,NA,NA,NA,Wofford,Western Carolina
401088848,2019-02-09,Wofford,Western Carolina,138,1,00:57:00,1257,1257,Carlos Dotson made Layup. Assisted by Matt Halvorsen.,41,26,15,10,0.9937190406988464,0.904178814976654,4,4,22,NA,NA,Western Carolina,made,Carlos Dotson,Matt Halvorsen,FALSE,FALSE,Western Carolina,Wofford
401088848,2019-02-09,Wofford,Western Carolina,139,1,00:57:00,1257,1257,Foul on Trevor Stumpe.,41,26,15,0,0.9937190406988464,0.904178814976654,4,4,22,NA,NA,NA,NA,NA,NA,NA,NA,Western Carolina,Western Carolina
401088848,2019-02-09,Wofford,Western Carolina,140,1,00:57:00,1257,1257,Carlos Dotson made Free Throw.,41,27,14,0,0.9927126086658244,0.890407191812442,4,4,22,NA,NA,Western Carolina,made,Carlos Dotson,NA,FALSE,TRUE,Western Carolina,Wofford
401088848,2019-02-09,Wofford,Western Carolina,141,1,00:50:00,1250,1250,Fletcher Magee missed Three Point Jumper.,41,27,14,7,0.9927226017121517,0.8911170190715125,4,4,22,NA,NA,Wofford,missed,Fletcher Magee,NA,TRUE,FALSE,Wofford,Western Carolina
401088848,2019-02-09,Wofford,Western Carolina,142,1,00:50:00,1250,1250,Wofford Deadball Team Rebound.,41,27,14,0,0.9927226017121517,0.8911170190715125,4,4,22,NA,NA,NA,NA,NA,NA,NA,NA,Wofford,Wofford
401088848,2019-02-09,Wofford,Western Carolina,143,1,00:37:00,1237,1237,Fletcher Magee made Three Point Jumper.,44,27,17,13,0.9953773925841954,0.928882870681238,4,4,22,NA,NA,Wofford,made,Fletcher Magee,NA,TRUE,FALSE,Wofford,Western Carolina
401088848,2019-02-09,Wofford,Western Carolina,144,1,00:02:00,1202,1202,Marc Gosselin missed Jumper.,44,27,17,35,0.9954685629455908,0.932076552935442,4,4,22,NA,NA,Western Carolina,missed,Marc Gosselin,NA,FALSE,FALSE,Western Carolina,Western Carolina
401088848,2019-02-09,Wofford,Western Carolina,145,1,00:00:00,1200,1200,Wofford Deadball Team Rebound.,44,27,17,2,0.9954740214860204,0.9322584459832474,4,4,22,NA,NA,NA,NA,NA,NA,NA,NA,Western Carolina,Wofford
401088848,2019-02-09,Wofford,Western Carolina,146,1,00:00:00,1200,1200,End of 1st half,44,27,17,0,0.9954740214860204,0.9322584459832474,4,4,22,NA,NA,NA,NA,NA,NA,NA,NA,Wofford,NA
401088848,2019-02-09,Wofford,Western Carolina,147,2,20:00:00,1200,1200,PLAY,44,27,17,0,0.9954740214860204,0.9322584459832474,4,4,22,NA,NA,NA,NA,NA,NA,NA,NA,NA,Western Carolina
401088848,2019-02-09,Wofford,Western Carolina,148,2,19:18:00,1158,1158,Onno Steger made Layup.,44,29,15,42,0.9939507553916168,0.9141136227817716,4,4,22,NA,NA,Western Carolina,made,Onno Steger,NA,FALSE,FALSE,Western Carolina,Wofford
401088848,2019-02-09,Wofford,Western Carolina,149,2,18:57:00,1137,1137,Nathan Hoover made Three Point Jumper. Assisted by Storm Murphy.,47,29,18,21,0.9962699434407812,0.9462387447340392,4,4,22,NA,NA,Wofford,made,Nathan Hoover,Storm Murphy,TRUE,FALSE,Wofford,Western Carolina
401088848,2019-02-09,Wofford,Western Carolina,150,2,18:46:00,1126,1126,Matt Halvorsen missed Layup.,47,29,18,11,0.9962948809050504,0.947032465483294,4,4,22,NA,NA,Western Carolina,missed,Matt Halvorsen,NA,FALSE,FALSE,Western Carolina,Wofford
401088848,2019-02-09,Wofford,Western Carolina,151,2,18:46:00,1126,1126,Cameron Jackson Block.,47,29,18,0,0.9962948809050504,0.947032465483294,4,4,22,NA,NA,NA,NA,NA,NA,NA,NA,Western Carolina,Wofford
401088848,2019-02-09,Wofford,Western Carolina,152,2,18:41:00,1121,1121,Keve Aluma Defensive Rebound.,47,29,18,5,0.9963062394297644,0.9473906102982924,4,4,22,NA,NA,NA,NA,NA,NA,NA,NA,Western Carolina,Wofford
401088848,2019-02-09,Wofford,Western Carolina,153,2,18:29:00,1109,1109,Storm Murphy made Layup.,49,29,20,12,0.9973433369331786,0.9619927425828038,4,4,22,NA,NA,Wofford,made,Storm Murphy,NA,FALSE,FALSE,Wofford,Western Carolina
401088848,2019-02-09,Wofford,Western Carolina,154,2,18:18:00,1098,1098,Matt Halvorsen Turnover.,49,29,20,11,0.9973665990457916,0.962638658440808,4,4,22,NA,NA,NA,NA,NA,NA,NA,NA,Western Carolina,Wofford
401088848,2019-02-09,Wofford,Western Carolina,155,2,18:18:00,1098,1098,Cameron Jackson Steal.,49,29,20,0,0.9973665990457916,0.962638658440808,4,4,22,NA,NA,NA,NA,NA,NA,NA,NA,Western Carolina,Wofford
401088848,2019-02-09,Wofford,Western Carolina,156,2,18:13:00,1093,1093,Nathan Hoover made Layup. Assisted by Cameron Jackson.,51,29,22,5,0.9981050211628564,0.9729578565579844,4,4,22,NA,NA,Wofford,made,Nathan Hoover,Cameron Jackson,FALSE,FALSE,Wofford,Western Carolina
401088848,2019-02-09,Wofford,Western Carolina,157,2,17:56:00,1076,1076,Foul on D.J. Myers.,51,29,22,17,0.9981372598838756,0.9737655111400564,4,4,22,NA,NA,NA,NA,NA,NA,NA,NA,Wofford,Wofford
401088848,2019-02-09,Wofford,Western Carolina,158,2,17:56:00,1076,1076,D.J. Myers Turnover.,51,29,22,0,0.9981372598838756,0.9737655111400564,4,4,22,NA,NA,NA,NA,NA,NA,NA,NA,Western Carolina,Wofford
401088848,2019-02-09,Wofford,Western Carolina,159,2,17:40:00,1060,1060,Nathan Hoover missed Three Point Jumper.,51,29,22,16,0.9981687666146806,0.9745286867905344,4,4,22,NA,NA,Wofford,missed,Nathan Hoover,NA,TRUE,FALSE,Wofford,Wofford
401088848,2019-02-09,Wofford,Western Carolina,160,2,17:38:00,1058,1058,Cameron Jackson Offensive Rebound.,51,29,22,2,0.9981728013395648,0.9746245261017698,4,4,22,NA,NA,NA,NA,NA,NA,NA,NA,Wofford,Wofford
401088848,2019-02-09,Wofford,Western Carolina,161,2,17:34:00,1054,1054,Foul on Carlos Dotson.,51,29,22,4,0.998180941768416,0.974816589472174,4,4,22,NA,NA,NA,NA,NA,NA,NA,NA,Wofford,Wofford
401088848,2019-02-09,Wofford,Western Carolina,162,2,17:34:00,1054,1054,Cameron Jackson missed Free Throw.,51,29,22,0,0.998180941768416,0.974816589472174,4,4,22,NA,NA,Wofford,missed,Cameron Jackson,NA,FALSE,TRUE,Wofford,Wofford
401088848,2019-02-09,Wofford,Western Carolina,163,2,17:34:00,1054,1054,Wofford Deadball Team Rebound.,51,29,22,0,0.998180941768416,0.974816589472174,4,4,22,NA,NA,NA,NA,NA,NA,NA,NA,Wofford,Wofford
401088848,2019-02-09,Wofford,Western Carolina,164,2,17:34:00,1054,1054,Cameron Jackson missed Free Throw.,51,29,22,0,0.998180941768416,0.974816589472174,4,4,22,NA,NA,Wofford,missed,Cameron Jackson,NA,FALSE,TRUE,Wofford,Wofford
401088848,2019-02-09,Wofford,Western Carolina,165,2,17:33:00,1053,1053,Onno Steger Defensive Rebound.,51,29,22,1,0.9981829920924298,0.9748646910739664,4,4,22,NA,NA,NA,NA,NA,NA,NA,NA,Wofford,Western Carolina
401088848,2019-02-09,Wofford,Western Carolina,166,2,17:07:00,1027,1027,Kameron Gibson missed Three Point Jumper.,51,29,22,26,0.9982386887504636,0.976130539354994,4,4,22,NA,NA,Western Carolina,missed,Kameron Gibson,NA,TRUE,FALSE,Western Carolina,Wofford
401088848,2019-02-09,Wofford,Western Carolina,167,2,17:05:00,1025,1025,Nathan Hoover Defensive Rebound.,51,29,22,2,0.9982431812291144,0.9762293376738664,4,4,22,NA,NA,NA,NA,NA,NA,NA,NA,Western Carolina,Wofford
401088848,2019-02-09,Wofford,Western Carolina,168,2,16:58:00,1018,1018,Foul on Onno Steger.,51,29,22,7,0.9982591611086172,0.9765769876986148,4,4,22,NA,NA,NA,NA,NA,NA,NA,NA,Wofford,Wofford
401088848,2019-02-09,Wofford,Western Carolina,169,2,16:58:00,1018,1018,Cameron Jackson made Free Throw.,52,29,23,0,0.9985302710442152,0.980157657733078,4,4,22,NA,NA,Wofford,made,Cameron Jackson,NA,FALSE,TRUE,Wofford,Wofford
401088848,2019-02-09,Wofford,Western Carolina,170,2,16:58:00,1018,1018,Cameron Jackson made Free Throw.,53,29,24,0,0.9987592120922426,0.9832003679097636,4,4,22,NA,NA,Wofford,made,Cameron Jackson,NA,FALSE,TRUE,Wofford,Western Carolina
401088848,2019-02-09,Wofford,Western Carolina,171,2,16:47:00,1007,1007,Carlos Dotson missed Layup.,53,29,24,11,0.9987804273160004,0.98363506530579,4,4,22,NA,NA,Western Carolina,missed,Carlos Dotson,NA,FALSE,FALSE,Western Carolina,Western Carolina
401088848,2019-02-09,Wofford,Western Carolina,172,2,16:44:00,1004,1004,Carlos Dotson Offensive Rebound.,53,29,24,3,0.9987863478680276,0.9837545223628488,4,4,22,NA,NA,NA,NA,NA,NA,NA,NA,Western Carolina,Western Carolina
401088848,2019-02-09,Wofford,Western Carolina,173,2,16:43:00,1003,1003,Carlos Dotson made Layup.,53,31,22,1,0.9982948152991828,0.9773323980650748,4,4,22,NA,NA,Western Carolina,made,Carlos Dotson,NA,FALSE,FALSE,Western Carolina,Wofford
401088848,2019-02-09,Wofford,Western Carolina,174,2,16:22:00,982,982,Fletcher Magee made Jumper.,55,31,24,21,0.9988316225539337,0.9846431590830323,4,4,22,NA,NA,Wofford,made,Fletcher Magee,NA,FALSE,FALSE,Wofford,Western Carolina
401088848,2019-02-09,Wofford,Western Carolina,175,2,16:07:00,967,967,Marcus Thomas missed Three Point Jumper.,55,31,24,15,0.998864323421416,0.9852604011782768,4,4,22,NA,NA,Western Carolina,missed,Marcus Thomas,NA,TRUE,FALSE,Western Carolina,Western Carolina
401088848,2019-02-09,Wofford,Western Carolina,176,2,16:04:00,964,964,Carlos Dotson Offensive Rebound.,55,31,24,3,0.9988707239169202,0.985380136481354,4,4,22,NA,NA,NA,NA,NA,NA,NA,NA,Western Carolina,Western Carolina
401088848,2019-02-09,Wofford,Western Carolina,177,2,16:03:00,963,963,Carlos Dotson made Layup.,55,33,22,1,0.998399431194651,0.9794123114721638,4,4,22,NA,NA,Western Carolina,made,Carlos Dotson,NA,FALSE,FALSE,Western Carolina,Wofford
401088848,2019-02-09,Wofford,Western Carolina,178,2,15:32:00,932,932,Nathan Hoover missed Layup.,55,33,22,31,0.9984708620791792,0.9808020489063048,4,4,22,NA,NA,Wofford,missed,Nathan Hoover,NA,FALSE,FALSE,Wofford,Wofford
401088848,2019-02-09,Wofford,Western Carolina,179,2,15:30:00,930,930,Keve Aluma Offensive Rebound.,55,33,22,2,0.998474946476089,0.9808819860214272,4,4,22,NA,NA,NA,NA,NA,NA,NA,NA,Wofford,Wofford
401088848,2019-02-09,Wofford,Western Carolina,180,2,15:26:00,926,926,Fletcher Magee made Three Point Jumper.,58,33,25,4,0.9991137297626184,0.9888417098173704,4,4,22,NA,NA,Wofford,made,Fletcher Magee,NA,TRUE,FALSE,Wofford,Western Carolina
401088848,2019-02-09,Wofford,Western Carolina,181,2,15:14:00,914,914,Foul on Chevez Goodwin.,58,33,25,12,0.9991300928054052,0.9891450964347218,4,4,22,NA,NA,NA,NA,NA,NA,NA,NA,Western Carolina,Western Carolina
401088848,2019-02-09,Wofford,Western Carolina,182,2,15:14:00,914,914,Official TV Timeout,58,33,25,0,0.9991300928054052,0.9891450964347218,4,4,22,NA,NA,NA,NA,NA,NA,NA,NA,Western Carolina,Western Carolina
401088848,2019-02-09,Wofford,Western Carolina,183,2,14:45:00,885,885,Onno Steger missed Three Point Jumper.,58,33,25,29,0.9991664195889344,0.9898136735090516,4,4,22,NA,NA,Western Carolina,missed,Onno Steger,NA,TRUE,FALSE,Western Carolina,Wofford
401088848,2019-02-09,Wofford,Western Carolina,184,2,14:39:00,879,879,Trevor Stumpe Defensive Rebound.,58,33,25,6,0.9991736268381224,0.9899446428313424,4,4,22,NA,NA,NA,NA,NA,NA,NA,NA,Western Carolina,Wofford
401088848,2019-02-09,Wofford,Western Carolina,185,2,14:38:00,878,878,Fletcher Magee Turnover.,58,33,25,1,0.9991748239425002,0.9899663196005564,4,4,22,NA,NA,NA,NA,NA,NA,NA,NA,Wofford,Western Carolina
401088848,2019-02-09,Wofford,Western Carolina,186,2,14:38:00,878,878,Matt Halvorsen Steal.,58,33,25,0,0.9991748239425002,0.9899663196005564,4,4,22,NA,NA,NA,NA,NA,NA,NA,NA,Wofford,Western Carolina
401088848,2019-02-09,Wofford,Western Carolina,187,2,14:31:00,871,871,Matt Halvorsen made Three Point Jumper.,58,36,22,7,0.998581085716052,0.9829461148416906,4,4,22,NA,NA,Western Carolina,made,Matt Halvorsen,NA,TRUE,FALSE,Western Carolina,Wofford
401088848,2019-02-09,Wofford,Western Carolina,188,2,14:18:00,858,858,Trevor Stumpe missed Three Point Jumper.,58,36,22,13,0.9986033435554256,0.9833651002542326,4,4,22,NA,NA,Wofford,missed,Trevor Stumpe,NA,TRUE,FALSE,Wofford,Wofford
401088848,2019-02-09,Wofford,Western Carolina,189,2,14:13:00,853,853,Trevor Stumpe Offensive Rebound.,58,36,22,5,0.9986120324903642,0.9835263239055498,4,4,22,NA,NA,NA,NA,NA,NA,NA,NA,Wofford,Wofford
401088848,2019-02-09,Wofford,Western Carolina,190,2,14:12:00,852,852,Trevor Stumpe Turnover.,58,36,22,1,0.9986137823497888,0.9835586233306404,4,4,22,NA,NA,NA,NA,NA,NA,NA,NA,Wofford,Western Carolina
401088848,2019-02-09,Wofford,Western Carolina,191,2,14:12:00,852,852,Carlos Dotson Steal.,58,36,22,0,0.9986137823497888,0.9835586233306404,4,4,22,NA,NA,NA,NA,NA,NA,NA,NA,Wofford,Western Carolina
401088848,2019-02-09,Wofford,Western Carolina,192,2,14:06:00,846,846,Foul on Trevor Stumpe.,58,36,22,6,0.9986243810516848,0.983753010949788,4,4,22,NA,NA,NA,NA,NA,NA,NA,NA,Western Carolina,Western Carolina
401088848,2019-02-09,Wofford,Western Carolina,193,2,13:59:00,839,839,Onno Steger missed Three Point Jumper.,58,36,22,7,0.998636998822462,0.983981581383536,4,4,22,NA,NA,Western Carolina,missed,Onno Steger,NA,TRUE,FALSE,Western Carolina,Wofford
401088848,2019-02-09,Wofford,Western Carolina,194,2,13:55:00,835,835,Tray Hollowell Defensive Rebound.,58,36,22,4,0.9986443521922328,0.9841133397120984,4,4,22,NA,NA,NA,NA,NA,NA,NA,NA,Western Carolina,Wofford
401088848,2019-02-09,Wofford,Western Carolina,195,2,13:52:00,832,832,Tray Hollowell missed Three Point Jumper.,58,36,22,3,0.998649943576076,0.9842128117158432,4,4,22,NA,NA,Wofford,missed,Tray Hollowell,NA,TRUE,FALSE,Wofford,Wofford
401088848,2019-02-09,Wofford,Western Carolina,196,2,13:48:00,828,828,Cameron Jackson Offensive Rebound.,58,36,22,4,0.9986575086768592,0.9843464178378352,4,4,22,NA,NA,NA,NA,NA,NA,NA,NA,Wofford,Wofford
401088848,2019-02-09,Wofford,Western Carolina,197,2,13:41:00,821,821,Western Carolina Deadball Team Rebound.,58,36,22,7,0.998671077298488,0.9845832661123856,4,4,22,NA,NA,NA,NA,NA,NA,NA,NA,Wofford,Western Carolina
401088848,2019-02-09,Wofford,Western Carolina,198,2,13:41:00,821,821,Foul on Chevez Goodwin.,58,36,22,0,0.998671077298488,0.9845832661123856,4,4,22,NA,NA,NA,NA,NA,NA,NA,NA,Western Carolina,Western Carolina
401088848,2019-02-09,Wofford,Western Carolina,199,2,13:21:00,801,801,Marcus Thomas missed Three Point Jumper.,58,36,22,20,0.9987125516069424,0.9852861636437548,4,4,22,NA,NA,Western Carolina,missed,Marcus Thomas,NA,TRUE,FALSE,Western Carolina,Wofford
401088848,2019-02-09,Wofford,Western Carolina,200,2,13:17:00,797,797,Cameron Jackson Defensive Rebound.,58,36,22,4,0.9987213917920434,0.9854321589464428,4,4,22,NA,NA,NA,NA,NA,NA,NA,NA,Western Carolina,Wofford
401088848,2019-02-09,Wofford,Western Carolina,201,2,13:11:00,791,791,Foul on Onno Steger.,58,36,22,6,0.998735027519734,0.9856549242630278,4,4,22,NA,NA,NA,NA,NA,NA,NA,NA,Wofford,Wofford
401088848,2019-02-09,Wofford,Western Carolina,202,2,13:11:00,791,791,Cameron Jackson missed Free Throw.,58,36,22,0,0.998735027519734,0.9856549242630278,4,4,22,NA,NA,Wofford,missed,Cameron Jackson,NA,FALSE,TRUE,Wofford,Wofford
401088848,2019-02-09,Wofford,Western Carolina,203,2,13:11:00,791,791,Wofford Deadball Team Rebound.,58,36,22,0,0.998735027519734,0.9856549242630278,4,4,22,NA,NA,NA,NA,NA,NA,NA,NA,Wofford,Wofford
401088848,2019-02-09,Wofford,Western Carolina,204,2,13:11:00,791,791,Cameron Jackson made Free Throw.,59,36,23,0,0.9989560584612877,0.9881343119300976,4,4,22,NA,NA,Wofford,made,Cameron Jackson,NA,FALSE,TRUE,Wofford,Western Carolina
401088848,2019-02-09,Wofford,Western Carolina,205,2,12:44:00,764,764,Kameron Gibson Turnover.,59,36,23,27,0.9990152247800592,0.9890544525942186,4,4,22,NA,NA,NA,NA,NA,NA,NA,NA,Western Carolina,Wofford
401088848,2019-02-09,Wofford,Western Carolina,206,2,12:44:00,764,764,Donovan Theme-Love Steal.,59,36,23,0,0.9990152247800592,0.9890544525942186,4,4,22,NA,NA,NA,NA,NA,NA,NA,NA,Western Carolina,Wofford
401088848,2019-02-09,Wofford,Western Carolina,207,2,12:35:00,755,755,Tray Hollowell Turnover.,59,36,23,9,0.9990369444120208,0.98938057101074794,4,4,22,NA,NA,NA,NA,NA,NA,NA,NA,Wofford,Western Carolina
401088848,2019-02-09,Wofford,Western Carolina,208,2,12:22:00,742,742,Foul on Cameron Jackson.,59,36,23,13,0.9990701535624946,0.9898688652346336,4,4,22,NA,NA,NA,NA,NA,NA,NA,NA,Western Carolina,Western Carolina
401088848,2019-02-09,Wofford,Western Carolina,209,2,12:10:00,730,730,Kameron Gibson missed Layup.,59,36,23,12,0.9991027376750092,0.9903370312703468,4,4,22,NA,NA,Western Carolina,missed,Kameron Gibson,NA,FALSE,FALSE,Western Carolina,Wofford
401088848,2019-02-09,Wofford,Western Carolina,210,2,12:10:00,730,730,Cameron Jackson Block.,59,36,23,0,0.9991027376750092,0.9903370312703468,4,4,22,NA,NA,NA,NA,NA,NA,NA,NA,Western Carolina,Wofford
401088848,2019-02-09,Wofford,Western Carolina,211,2,12:05:00,725,725,Tray Hollowell Defensive Rebound.,59,36,23,5,0.9991162636029262,0.9905296452822708,4,4,22,NA,NA,NA,NA,NA,NA,NA,NA,Western Carolina,Wofford
401088848,2019-02-09,Wofford,Western Carolina,212,2,11:56:00,716,716,Ryan Larson missed Jumper.,59,36,23,9,0.9991386189806828,0.9908497467277516,4,4,22,NA,NA,Wofford,missed,Ryan Larson,NA,FALSE,FALSE,Wofford,Western Carolina
401088848,2019-02-09,Wofford,Western Carolina,213,2,11:53:00,713,713,Carlos Dotson Defensive Rebound.,59,36,23,3,0.9991455645130042,0.9909496829404966,4,4,22,NA,NA,NA,NA,NA,NA,NA,NA,Wofford,Western Carolina
401088848,2019-02-09,Wofford,Western Carolina,214,2,11:38:00,698,698,Josh Cottrell made Three Point Jumper. Assisted by Matt Halvorsen.,59,39,20,15,0.998472521943582,0.9841546472675012,4,4,22,NA,NA,Western Carolina,made,Josh Cottrell,Matt Halvorsen,TRUE,FALSE,Western Carolina,Wofford
401088848,2019-02-09,Wofford,Western Carolina,215,2,11:19:00,679,679,Foul on Marc Gosselin.,59,39,20,19,0.9985249463459251,0.984962292166455,4,4,22,NA,NA,NA,NA,NA,NA,NA,NA,Wofford,Wofford
401088848,2019-02-09,Wofford,Western Carolina,216,2,11:19:00,679,679,Official TV Timeout,59,39,20,0,0.9985249463459251,0.984962292166455,4,4,22,NA,NA,NA,NA,NA,NA,NA,NA,Wofford,Wofford
401088848,2019-02-09,Wofford,Western Carolina,217,2,11:10:00,670,670,Keve Aluma made Layup. Assisted by Ryan Larson.,61,39,22,9,0.9990459661914078,0.9903093262813693,4,4,22,NA,NA,Wofford,made,Keve Aluma,Ryan Larson,FALSE,FALSE,Wofford,Western Carolina
401088848,2019-02-09,Wofford,Western Carolina,218,2,10:53:00,653,653,Matt Halvorsen missed Three Point Jumper.,61,39,22,17,0.9990776303283576,0.9907773170893394,4,4,22,NA,NA,Western Carolina,missed,Matt Halvorsen,NA,TRUE,FALSE,Western Carolina,Wofford
401088848,2019-02-09,Wofford,Western Carolina,219,2,10:49:00,649,649,Ryan Larson Defensive Rebound.,61,39,22,4,0.999085033854701,0.9908854845274108,4,4,22,NA,NA,NA,NA,NA,NA,NA,NA,Western Carolina,Wofford
401088848,2019-02-09,Wofford,Western Carolina,220,2,10:45:00,645,645,Cameron Jackson made Layup. Assisted by Donovan Theme-Love.,63,39,24,4,0.9994078858229596,0.9941071241111572,4,4,22,NA,NA,Wofford,made,Cameron Jackson,Donovan Theme-Love,FALSE,FALSE,Wofford,Western Carolina
401088848,2019-02-09,Wofford,Western Carolina,221,2,10:11:00,611,611,Marc Gosselin missed Layup.,63,39,24,34,0.9994575435681544,0.9947786807465018,4,4,22,NA,NA,Western Carolina,missed,Marc Gosselin,NA,FALSE,FALSE,Western Carolina,Wofford
401088848,2019-02-09,Wofford,Western Carolina,222,2,10:07:00,607,607,Keve Aluma Defensive Rebound.,63,39,24,4,0.9994639399769096,0.9948614839071284,4,4,22,NA,NA,NA,NA,NA,NA,NA,NA,Western Carolina,Wofford
401088848,2019-02-09,Wofford,Western Carolina,223,2,10:04:00,604,604,Ryan Larson Turnover.,63,39,24,3,0.9994688384455424,0.9949243357257618,4,4,22,NA,NA,NA,NA,NA,NA,NA,NA,Wofford,Western Carolina
401088848,2019-02-09,Wofford,Western Carolina,224,2,09:45:00,585,585,Foul on Keve Aluma.,63,39,24,19,0.999502092808648,0.995338976140749,4,4,22,NA,NA,NA,NA,NA,NA,NA,NA,Western Carolina,Western Carolina
401088848,2019-02-09,Wofford,Western Carolina,225,2,09:45:00,585,585,Carlos Dotson made Free Throw.,63,40,23,0,0.9993774756862128,0.994178475338662,4,4,22,NA,NA,Western Carolina,made,Carlos Dotson,NA,FALSE,TRUE,Western Carolina,Western Carolina
401088848,2019-02-09,Wofford,Western Carolina,226,2,09:45:00,585,585,Carlos Dotson made Free Throw.,63,41,22,0,0.99922169344948,0.9927311433833922,4,4,22,NA,NA,Western Carolina,made,Carlos Dotson,NA,FALSE,TRUE,Western Carolina,Wofford
401088848,2019-02-09,Wofford,Western Carolina,227,2,09:27:00,567,567,Tray Hollowell missed Three Point Jumper.,63,41,22,18,0.9992712655474912,0.9933339449258975,4,4,22,NA,NA,Wofford,missed,Tray Hollowell,NA,TRUE,FALSE,Wofford,Western Carolina
401088848,2019-02-09,Wofford,Western Carolina,228,2,09:24:00,564,564,Carlos Dotson Defensive Rebound.,63,41,22,3,0.9992801186886672,0.9934386987691712,4,4,22,NA,NA,NA,NA,NA,NA,NA,NA,Wofford,Western Carolina
401088848,2019-02-09,Wofford,Western Carolina,229,2,09:17:00,557,557,Marcus Thomas missed Layup.,63,41,22,7,0.9993014336864906,0.9936876730960482,4,4,22,NA,NA,Western Carolina,missed,Marcus Thomas,NA,FALSE,FALSE,Western Carolina,Western Carolina
401088848,2019-02-09,Wofford,Western Carolina,230,2,09:16:00,556,556,Marcus Thomas Offensive Rebound.,63,41,22,1,0.9993045532301156,0.993723744164775,4,4,22,NA,NA,NA,NA,NA,NA,NA,NA,Western Carolina,Western Carolina
401088848,2019-02-09,Wofford,Western Carolina,231,2,09:16:00,556,556,Foul on Chevez Goodwin.,63,41,22,0,0.9993045532301156,0.993723744164775,4,4,22,NA,NA,NA,NA,NA,NA,NA,NA,Western Carolina,Western Carolina
401088848,2019-02-09,Wofford,Western Carolina,232,2,09:01:00,541,541,Tray Hollowell Turnover.,63,41,22,15,0.9993504112901672,0.994248619695994,4,4,22,NA,NA,NA,NA,NA,NA,NA,NA,Wofford,Western Carolina
401088848,2019-02-09,Wofford,Western Carolina,233,2,09:01:00,541,541,Marcus Thomas Steal.,63,41,22,0,0.9993504112901672,0.994248619695994,4,4,22,NA,NA,NA,NA,NA,NA,NA,NA,Wofford,Western Carolina
401088848,2019-02-09,Wofford,Western Carolina,234,2,09:01:00,541,541,Western Carolina  Turnover.,63,41,22,0,0.9993504112901672,0.994248619695994,4,4,22,NA,NA,NA,NA,NA,NA,NA,NA,Western Carolina,Wofford
401088848,2019-02-09,Wofford,Western Carolina,235,2,08:55:00,535,535,Kameron Gibson made Three Point Jumper. Assisted by Onno Steger.,63,44,19,6,0.9987151248096432,0.9887655317956788,4,4,22,NA,NA,Western Carolina,made,Kameron Gibson,Onno Steger,TRUE,FALSE,Western Carolina,Wofford
401088848,2019-02-09,Wofford,Western Carolina,236,2,08:52:00,532,532,Western Carolina  Timeout,63,44,19,3,0.9987271036107565,0.98891066874117906,4,3,22,NA,NA,NA,NA,NA,NA,NA,NA,Wofford,Wofford
401088848,2019-02-09,Wofford,Western Carolina,237,2,08:52:00,532,532,Official TV Timeout,63,44,19,0,0.9987271036107565,0.98891066874117906,4,3,22,NA,NA,NA,NA,NA,NA,NA,NA,Wofford,Wofford
401088848,2019-02-09,Wofford,Western Carolina,238,2,08:29:00,509,509,Cameron Jackson Turnover.,63,44,19,23,0.9988053076343146,0.9898733651683854,4,3,22,NA,NA,NA,NA,NA,NA,NA,NA,Wofford,Western Carolina
401088848,2019-02-09,Wofford,Western Carolina,239,2,08:29:00,509,509,Kameron Gibson Steal.,63,44,19,0,0.9988053076343146,0.9898733651683854,4,3,22,NA,NA,NA,NA,NA,NA,NA,NA,Wofford,Western Carolina
401088848,2019-02-09,Wofford,Western Carolina,240,2,08:29:00,509,509,Western Carolina  Timeout,63,44,19,0,0.9988053076343146,0.9898733651683854,4,2,22,NA,NA,NA,NA,NA,NA,NA,NA,Wofford,Western Carolina
401088848,2019-02-09,Wofford,Western Carolina,241,2,08:29:00,509,509,Official TV Timeout,63,44,19,0,0.9988053076343146,0.9898733651683854,4,2,22,NA,NA,NA,NA,NA,NA,NA,NA,Wofford,Western Carolina
401088848,2019-02-09,Wofford,Western Carolina,242,2,08:16:00,496,496,Kameron Gibson missed Three Point Jumper.,63,44,19,13,0.9988445122939654,0.990356180586411,4,2,22,NA,NA,Western Carolina,missed,Kameron Gibson,NA,TRUE,FALSE,Western Carolina,Wofford
401088848,2019-02-09,Wofford,Western Carolina,243,2,08:12:00,492,492,Nathan Hoover Defensive Rebound.,63,44,19,4,0.9988566034682452,0.9905029725709809,4,2,22,NA,NA,NA,NA,NA,NA,NA,NA,Western Carolina,Wofford
401088848,2019-02-09,Wofford,Western Carolina,244,2,08:03:00,483,483,Storm Murphy missed Jumper.,63,44,19,9,0.9988845972352662,0.9908368347290648,4,2,22,NA,NA,Wofford,missed,Storm Murphy,NA,FALSE,FALSE,Wofford,Western Carolina
401088848,2019-02-09,Wofford,Western Carolina,245,2,07:58:00,478,478,Carlos Dotson Defensive Rebound.,63,44,19,5,0.9989009002881628,0.9910268512576572,4,2,22,NA,NA,NA,NA,NA,NA,NA,NA,Wofford,Western Carolina
401088848,2019-02-09,Wofford,Western Carolina,246,2,07:55:00,475,475,Kameron Gibson made Three Point Jumper. Assisted by Carlos Dotson.,63,47,16,3,0.9977091369690764,0.9815264586691328,4,2,22,NA,NA,Western Carolina,made,Kameron Gibson,Carlos Dotson,TRUE,FALSE,Western Carolina,Wofford
401088848,2019-02-09,Wofford,Western Carolina,247,2,07:24:00,444,444,Nathan Hoover made Layup.,65,47,18,31,0.9987554407815726,0.990314765084298,4,2,22,NA,NA,Wofford,made,Nathan Hoover,NA,FALSE,FALSE,Wofford,Western Carolina
401088848,2019-02-09,Wofford,Western Carolina,248,2,06:46:00,406,406,Onno Steger missed Layup.,65,47,18,38,0.9989808881984602,0.992544210297394,4,2,22,NA,NA,Western Carolina,missed,Onno Steger,NA,FALSE,FALSE,Western Carolina,Western Carolina
401088848,2019-02-09,Wofford,Western Carolina,249,2,06:46:00,406,406,Cameron Jackson Block.,65,47,18,0,0.9989808881984602,0.992544210297394,4,2,22,NA,NA,NA,NA,NA,NA,NA,NA,Western Carolina,Western Carolina
401088848,2019-02-09,Wofford,Western Carolina,250,2,06:46:00,406,406,Western Carolina Deadball Team Rebound.,65,47,18,0,0.9989808881984602,0.992544210297394,4,2,22,NA,NA,NA,NA,NA,NA,NA,NA,Western Carolina,Western Carolina
401088848,2019-02-09,Wofford,Western Carolina,251,2,06:39:00,399,399,Matt Halvorsen made Three Point Jumper. Assisted by Onno Steger.,65,50,15,7,0.9977580526490378,0.9839269894954648,4,2,22,NA,NA,Western Carolina,made,Matt Halvorsen,Onno Steger,TRUE,FALSE,Western Carolina,Wofford
401088848,2019-02-09,Wofford,Western Carolina,252,2,06:23:00,383,383,Fletcher Magee made Three Point Jumper. Assisted by Cameron Jackson.,68,50,18,16,0.9990854517511368,0.9935849442707568,4,2,22,NA,NA,Wofford,made,Fletcher Magee,Cameron Jackson,TRUE,FALSE,Wofford,Western Carolina
401088848,2019-02-09,Wofford,Western Carolina,253,2,06:08:00,368,368,Onno Steger Turnover.,68,50,18,15,0.9991512108200524,0.9942172380402684,4,2,22,NA,NA,NA,NA,NA,NA,NA,NA,Western Carolina,Wofford
401088848,2019-02-09,Wofford,Western Carolina,254,2,06:08:00,368,368,Cameron Jackson Steal.,68,50,18,0,0.9991512108200524,0.9942172380402684,4,2,22,NA,NA,NA,NA,NA,NA,NA,NA,Western Carolina,Wofford
401088848,2019-02-09,Wofford,Western Carolina,255,2,06:02:00,362,362,Fletcher Magee missed Layup.,68,50,18,6,0.9991782842003488,0.9944685852628884,4,2,22,NA,NA,Wofford,missed,Fletcher Magee,NA,FALSE,FALSE,Wofford,Western Carolina
401088848,2019-02-09,Wofford,Western Carolina,256,2,05:59:00,359,359,Marcus Thomas Defensive Rebound.,68,50,18,3,0.9991920989232144,0.9945945846498332,4,2,22,NA,NA,NA,NA,NA,NA,NA,NA,Wofford,Western Carolina
401088848,2019-02-09,Wofford,Western Carolina,257,2,05:55:00,355,355,Onno Steger missed Three Point Jumper.,68,50,18,4,0.9992108565517572,0.9947631798192196,4,2,22,NA,NA,Western Carolina,missed,Onno Steger,NA,TRUE,FALSE,Western Carolina,Wofford
401088848,2019-02-09,Wofford,Western Carolina,258,2,05:50:00,350,350,Nathan Hoover Defensive Rebound.,68,50,18,5,0.9992349066465884,0.9949751575290374,4,2,22,NA,NA,NA,NA,NA,NA,NA,NA,Western Carolina,Wofford
401088848,2019-02-09,Wofford,Western Carolina,259,2,05:41:00,341,341,Nathan Hoover made Three Point Jumper.,71,50,21,9,0.9997056340042456,0.998098724611798,4,2,22,NA,NA,Wofford,made,Nathan Hoover,NA,TRUE,FALSE,Wofford,Western Carolina
401088848,2019-02-09,Wofford,Western Carolina,260,2,05:11:00,311,311,Onno Steger missed Layup.,71,50,21,30,0.9997866259215212,0.9987114335234608,4,2,22,NA,NA,Western Carolina,missed,Onno Steger,NA,FALSE,FALSE,Western Carolina,Wofford
401088848,2019-02-09,Wofford,Western Carolina,261,2,05:09:00,309,309,Cameron Jackson Defensive Rebound.,71,50,21,2,0.999792081544432,0.998750207958189,4,2,22,NA,NA,NA,NA,NA,NA,NA,NA,Western Carolina,Wofford
401088848,2019-02-09,Wofford,Western Carolina,262,2,05:07:00,307,307,Fletcher Magee missed Three Point Jumper.,71,50,21,2,0.9997967800841862,0.998784111952011,4,2,22,NA,NA,Wofford,missed,Fletcher Magee,NA,TRUE,FALSE,Wofford,Wofford
401088848,2019-02-09,Wofford,Western Carolina,263,2,05:05:00,305,305,Cameron Jackson Offensive Rebound.,71,50,21,2,0.9998006876769876,0.9988130058737646,4,2,22,NA,NA,NA,NA,NA,NA,NA,NA,Wofford,Wofford
401088848,2019-02-09,Wofford,Western Carolina,264,2,05:03:00,303,303,Ryan Larson missed Three Point Jumper.,71,50,21,2,0.9998038761780168,0.9988373849968846,4,2,22,NA,NA,Wofford,missed,Ryan Larson,NA,TRUE,FALSE,Wofford,Western Carolina
401088848,2019-02-09,Wofford,Western Carolina,265,2,05:02:00,302,302,Western Carolina Deadball Team Rebound.,71,50,21,1,0.9998052204624756,0.9988480175452008,4,2,22,NA,NA,NA,NA,NA,NA,NA,NA,Wofford,Western Carolina
401088848,2019-02-09,Wofford,Western Carolina,266,2,05:02:00,302,302,Foul on Chevez Goodwin.,71,50,21,0,0.9998052204624756,0.9988480175452008,4,2,22,NA,NA,NA,NA,NA,NA,NA,NA,Wofford,Western Carolina
401088848,2019-02-09,Wofford,Western Carolina,267,2,05:02:00,302,302,Onno Steger missed Free Throw.,71,50,21,0,0.9998052204624756,0.9988480175452008,4,2,22,NA,NA,Western Carolina,missed,Onno Steger,NA,FALSE,TRUE,Western Carolina,Wofford
401088848,2019-02-09,Wofford,Western Carolina,268,2,05:00:00,300,300,Cameron Jackson Defensive Rebound.,71,50,21,2,0.9998074437617356,0.9988664086737076,4,2,22,NA,NA,NA,NA,NA,NA,NA,NA,Western Carolina,Wofford
401088848,2019-02-09,Wofford,Western Carolina,269,2,04:48:00,288,288,Fletcher Magee made Three Point Jumper. Assisted by Ryan Larson.,74,50,24,12,0.999928281774382,0.9995890467455528,4,2,22,NA,NA,Wofford,made,Fletcher Magee,Ryan Larson,TRUE,FALSE,Wofford,Western Carolina
401088848,2019-02-09,Wofford,Western Carolina,270,2,04:31:00,271,271,Foul on Cameron Jackson.,74,50,24,17,0.9999204003476956,0.9995614007875512,4,2,22,NA,NA,NA,NA,NA,NA,NA,NA,Western Carolina,Western Carolina
401088848,2019-02-09,Wofford,Western Carolina,271,2,04:31:00,271,271,Carlos Dotson missed Free Throw.,74,50,24,0,0.9999204003476956,0.9995614007875512,4,2,22,NA,NA,Western Carolina,missed,Carlos Dotson,NA,FALSE,TRUE,Western Carolina,Western Carolina
401088848,2019-02-09,Wofford,Western Carolina,272,2,04:31:00,271,271,Western Carolina Deadball Team Rebound.,74,50,24,0,0.9999204003476956,0.9995614007875512,4,2,22,NA,NA,NA,NA,NA,NA,NA,NA,Western Carolina,Western Carolina
401088848,2019-02-09,Wofford,Western Carolina,273,2,04:31:00,271,271,Carlos Dotson made Free Throw.,74,51,23,0,0.9998901490207518,0.9993947966048934,4,2,22,NA,NA,Western Carolina,made,Carlos Dotson,NA,FALSE,TRUE,Western Carolina,Wofford
401088848,2019-02-09,Wofford,Western Carolina,274,2,04:11:00,251,251,Fletcher Magee made Layup.,76,51,25,20,0.9999300170236408,0.9996321138269046,4,2,22,NA,NA,Wofford,made,Fletcher Magee,NA,FALSE,FALSE,Wofford,Western Carolina
401088848,2019-02-09,Wofford,Western Carolina,275,2,03:58:00,238,238,Marcus Thomas Turnover.,76,51,25,13,0.9999239301069504,0.9996126675208428,4,2,22,NA,NA,NA,NA,NA,NA,NA,NA,Western Carolina,Wofford
401088848,2019-02-09,Wofford,Western Carolina,276,2,03:58:00,238,238,Trevor Stumpe Steal.,76,51,25,0,0.9999239301069504,0.9996126675208428,4,2,22,NA,NA,NA,NA,NA,NA,NA,NA,Western Carolina,Wofford
401088848,2019-02-09,Wofford,Western Carolina,277,2,03:53:00,233,233,Ryan Larson missed Layup.,76,51,25,5,0.9999231483748668,0.9996135952530688,4,2,22,NA,NA,Wofford,missed,Ryan Larson,NA,FALSE,FALSE,Wofford,Western Carolina
401088848,2019-02-09,Wofford,Western Carolina,278,2,03:52:00,232,232,Onno Steger Defensive Rebound.,76,51,25,1,0.999923136445138,0.9996145200416954,4,2,22,NA,NA,NA,NA,NA,NA,NA,NA,Wofford,Western Carolina
401088848,2019-02-09,Wofford,Western Carolina,279,2,03:52:00,232,232,Official TV Timeout,76,51,25,0,0.999923136445138,0.9996145200416954,4,2,22,NA,NA,NA,NA,NA,NA,NA,NA,Wofford,Western Carolina
401088848,2019-02-09,Wofford,Western Carolina,280,2,03:23:00,203,203,Carlos Dotson missed Layup.,76,51,25,29,0.99994770223363,0.9997575932872106,4,2,22,NA,NA,Western Carolina,missed,Carlos Dotson,NA,FALSE,FALSE,Western Carolina,Wofford
401088848,2019-02-09,Wofford,Western Carolina,281,2,03:21:00,201,201,Keve Aluma Defensive Rebound.,76,51,25,2,0.999950838955893,0.9997734585176404,4,2,22,NA,NA,NA,NA,NA,NA,NA,NA,Western Carolina,Wofford
401088848,2019-02-09,Wofford,Western Carolina,282,2,03:08:00,188,188,Trevor Stumpe missed Jumper.,76,51,25,13,0.9999714189582758,0.9998733891020876,4,2,22,NA,NA,Wofford,missed,Trevor Stumpe,NA,FALSE,FALSE,Wofford,Western Carolina
401088848,2019-02-09,Wofford,Western Carolina,283,2,03:05:00,185,185,Onno Steger Defensive Rebound.,76,51,25,3,0.999975332773094,0.9998917481200956,4,2,22,NA,NA,NA,NA,NA,NA,NA,NA,Wofford,Western Carolina
401088848,2019-02-09,Wofford,Western Carolina,284,2,02:56:00,176,176,Matt Halvorsen Turnover.,76,51,25,9,0.9999842286444144,0.999932731251024,4,2,22,NA,NA,NA,NA,NA,NA,NA,NA,Western Carolina,Wofford
401088848,2019-02-09,Wofford,Western Carolina,285,2,02:56:00,176,176,Donovan Theme-Love Steal.,76,51,25,0,0.9999842286444144,0.999932731251024,4,2,22,NA,NA,NA,NA,NA,NA,NA,NA,Western Carolina,Wofford
401088848,2019-02-09,Wofford,Western Carolina,286,2,02:53:00,173,173,Technical Foul on Matt Halvorsen.,76,51,25,3,0.9999864531255074,0.999942771566549,4,2,22,NA,NA,NA,NA,NA,NA,NA,NA,Wofford,Wofford
401088848,2019-02-09,Wofford,Western Carolina,287,2,02:53:00,173,173,Keve Aluma made Free Throw.,77,51,26,0,0.9999908347043532,0.9999612808900696,4,2,22,NA,NA,Wofford,made,Keve Aluma,NA,FALSE,TRUE,Wofford,Wofford
401088848,2019-02-09,Wofford,Western Carolina,288,2,02:53:00,173,173,Keve Aluma missed Free Throw.,77,51,26,0,0.9999908347043532,0.9999612808900696,4,2,22,NA,NA,Wofford,missed,Keve Aluma,NA,FALSE,TRUE,Wofford,Wofford
401088848,2019-02-09,Wofford,Western Carolina,289,2,02:53:00,173,173,Wofford Deadball Team Rebound.,77,51,26,0,0.9999908347043532,0.9999612808900696,4,2,22,NA,NA,NA,NA,NA,NA,NA,NA,Wofford,Wofford
401088848,2019-02-09,Wofford,Western Carolina,290,2,02:38:00,158,158,Ryan Larson made Jumper. Assisted by Drew Cottrell.,79,51,28,15,0.9999982926205536,0.999993131560716,4,2,22,NA,NA,Wofford,made,Ryan Larson,Drew Cottrell,FALSE,FALSE,Wofford,Western Carolina
401088848,2019-02-09,Wofford,Western Carolina,291,2,02:24:00,144,144,Josh Cottrell missed Three Point Jumper.,79,51,28,14,0.9999993277892344,0.9999974204431784,4,2,22,NA,NA,Western Carolina,missed,Josh Cottrell,NA,TRUE,FALSE,Western Carolina,Western Carolina
401088848,2019-02-09,Wofford,Western Carolina,292,2,02:20:00,140,140,Western Carolina Deadball Team Rebound.,79,51,28,4,0.99999949618402,0.9999980930852946,4,2,22,NA,NA,NA,NA,NA,NA,NA,NA,Western Carolina,Western Carolina
401088848,2019-02-09,Wofford,Western Carolina,293,2,02:18:00,138,138,Kameron Gibson missed Three Point Jumper.,79,51,28,2,0.9999995656720344,0.9999983674566943,4,2,22,NA,NA,Western Carolina,missed,Kameron Gibson,NA,TRUE,FALSE,Western Carolina,Wofford
401088848,2019-02-09,Wofford,Western Carolina,294,2,02:16:00,136,136,Drew Cottrell Defensive Rebound.,79,51,28,2,0.999999626686183,0.9999986065435102,4,2,22,NA,NA,NA,NA,NA,NA,NA,NA,Western Carolina,Western Carolina
401088848,2019-02-09,Wofford,Western Carolina,295,2,02:16:00,136,136,Foul on Onno Steger.,79,51,28,0,0.999999626686183,0.9999986065435102,4,2,22,NA,NA,NA,NA,NA,NA,NA,NA,Wofford,Western Carolina
401088848,2019-02-09,Wofford,Western Carolina,296,2,02:16:00,136,136,Drew Cottrell missed Free Throw.,79,51,28,0,0.999999626686183,0.9999986065435102,4,2,22,NA,NA,Wofford,missed,Drew Cottrell,NA,FALSE,TRUE,Wofford,Western Carolina
401088848,2019-02-09,Wofford,Western Carolina,297,2,02:16:00,136,136,Carlos Dotson Defensive Rebound.,79,51,28,0,0.999999626686183,0.9999986065435102,4,2,22,NA,NA,NA,NA,NA,NA,NA,NA,Wofford,Western Carolina
401088848,2019-02-09,Wofford,Western Carolina,298,2,02:00:00,120,120,Carlos Dotson made Layup. Assisted by Kameron Gibson.,79,53,26,16,0.999999714747794,0.9999989943343982,4,2,22,NA,NA,Western Carolina,made,Carlos Dotson,Kameron Gibson,FALSE,FALSE,Western Carolina,Wofford
401088848,2019-02-09,Wofford,Western Carolina,299,2,02:00:00,120,120,Foul on Michael Manning Jr..,79,53,26,0,0.999999714747794,0.9999989943343982,4,2,22,NA,NA,NA,NA,NA,NA,NA,NA,Western Carolina,Western Carolina
401088848,2019-02-09,Wofford,Western Carolina,300,2,02:00:00,120,120,Carlos Dotson made Free Throw.,79,54,25,0,0.999999514819017,0.999998289480087,4,2,22,NA,NA,Western Carolina,made,Carlos Dotson,NA,FALSE,TRUE,Western Carolina,Wofford
401088848,2019-02-09,Wofford,Western Carolina,301,2,01:39:00,99,99,Alex Michael made Jumper.,81,54,27,21,0.99999997869128,0.9999999305710128,4,2,22,NA,NA,Wofford,made,Alex Michael,NA,FALSE,FALSE,Wofford,Western Carolina
401088848,2019-02-09,Wofford,Western Carolina,302,2,01:14:00,74,74,Foul on Michael Manning Jr..,81,54,27,25,0.9999999989184676,0.99999999680935,4,2,22,NA,NA,NA,NA,NA,NA,NA,NA,Western Carolina,Western Carolina
401088848,2019-02-09,Wofford,Western Carolina,303,2,01:12:00,72,72,D.J. Myers made Free Throw.,81,55,26,2,0.9999999982626931,0.999999994916624,4,2,22,NA,NA,Western Carolina,made,D.J. Myers,NA,FALSE,TRUE,Western Carolina,Western Carolina
401088848,2019-02-09,Wofford,Western Carolina,304,2,01:12:00,72,72,D.J. Myers made Free Throw.,81,56,25,0,0.9999999963786486,0.9999999894038918,4,2,22,NA,NA,Western Carolina,made,D.J. Myers,NA,FALSE,TRUE,Western Carolina,Wofford
401088848,2019-02-09,Wofford,Western Carolina,305,2,00:45:00,45,45,Michael Manning Jr. made Dunk. Assisted by Donovan Theme-Love.,83,56,27,27,0.9999999999817458,0.9999999999523616,4,2,22,NA,NA,Wofford,made,Michael Manning Jr.,Donovan Theme-Love,FALSE,FALSE,Wofford,Western Carolina
401088848,2019-02-09,Wofford,Western Carolina,306,2,00:24:00,24,24,Kameron Gibson missed Jumper.,83,56,27,21,0.9999999999993884,0.999999999998547,4,2,22,NA,NA,Western Carolina,missed,Kameron Gibson,NA,FALSE,FALSE,Western Carolina,Wofford
401088848,2019-02-09,Wofford,Western Carolina,307,2,00:20:00,20,20,Donovan Theme-Love Defensive Rebound.,83,56,27,4,0.9999999999996916,0.9999999999992804,4,2,22,NA,NA,NA,NA,NA,NA,NA,NA,Western Carolina,Wofford
401088848,2019-02-09,Wofford,Western Carolina,308,2,00:00:00,0,0,End of 2nd half,83,56,27,20,1,1,4,2,22,NA,NA,NA,NA,NA,NA,NA,NA,Wofford,NA
401088848,2019-02-09,Wofford,Western Carolina,309,2,00:00:00,0,0,End of Game,83,56,27,0,1,1,4,2,22,NA,NA,NA,NA,NA,NA,NA,NA,Wofford,NA
