game_id,date,home,away,play_id,half,time_remaining_half,secs_remaining,secs_remaining_absolute,description,home_score,away_score,score_diff,play_length,win_prob,naive_win_prob,home_time_out_remaining,away_time_out_remaining,home_favored_by,shot_x,shot_y,shot_team,shot_outcome,shooter,assist,three_pt,free_throw,possession_before,possession_after
401172511,2019-11-25,Green Bay,CSU Northridge,1,1,20:00:00,2400,2400,PLAY,0,0,0,0,0.8326199378178255,0.5,4,4,10,NA,NA,NA,NA,NA,NA,NA,NA,NA,Green Bay
401172511,2019-11-25,Green Bay,CSU Northridge,2,1,19:45:00,2385,2385,Cody Schwartz made Three Point Jumper. Assisted by Kameron Hankerson.,3,0,3,15,0.8663024045953676,0.5662953281641947,4,4,10,NA,NA,Green Bay,made,Cody Schwartz,Kameron Hankerson,TRUE,FALSE,Green Bay,CSU Northridge
401172511,2019-11-25,Green Bay,CSU Northridge,3,1,19:21:00,2361,2361,Terrell Gomez missed Three Point Jumper.,3,0,3,24,0.8662039792085494,0.5670553232560631,4,4,10,NA,NA,CSU Northridge,missed,Terrell Gomez,NA,TRUE,FALSE,CSU Northridge,Green Bay
401172511,2019-11-25,Green Bay,CSU Northridge,4,1,19:18:00,2358,2358,Green Bay Defensive Rebound.,3,0,3,3,0.8661911400785125,0.5671511413674236,4,4,10,NA,NA,NA,NA,NA,NA,NA,NA,CSU Northridge,Green Bay
401172511,2019-11-25,Green Bay,CSU Northridge,5,1,19:04:00,2344,2344,Kameron Hankerson missed Three Point Jumper.,3,0,3,14,0.866129536858582,0.5676005697509393,4,4,10,NA,NA,Green Bay,missed,Kameron Hankerson,NA,TRUE,FALSE,Green Bay,CSU Northridge
401172511,2019-11-25,Green Bay,CSU Northridge,6,1,18:59:00,2339,2339,Michael Ou Defensive Rebound.,3,0,3,5,0.8661068380759414,0.5677619613590958,4,4,10,NA,NA,NA,NA,NA,NA,NA,NA,Green Bay,CSU Northridge
401172511,2019-11-25,Green Bay,CSU Northridge,7,1,18:42:00,2322,2322,Darius Brown II missed Jumper.,3,0,3,17,0.8660267599818742,0.5683139860077305,4,4,10,NA,NA,CSU Northridge,missed,Darius Brown II,NA,FALSE,FALSE,CSU Northridge,Green Bay
401172511,2019-11-25,Green Bay,CSU Northridge,8,1,18:37:00,2317,2317,Kameron Hankerson Defensive Rebound.,3,0,3,5,0.8660023195805638,0.5684772757508765,4,4,10,NA,NA,NA,NA,NA,NA,NA,NA,CSU Northridge,Green Bay
401172511,2019-11-25,Green Bay,CSU Northridge,9,1,18:32:00,2312,2312,JayQuan McCloud missed Jumper.,3,0,3,5,0.8659774598632549,0.5686409702844453,4,4,10,NA,NA,Green Bay,missed,JayQuan McCloud,NA,FALSE,FALSE,Green Bay,Green Bay
401172511,2019-11-25,Green Bay,CSU Northridge,10,1,18:28:00,2308,2308,JayQuan McCloud Offensive Rebound.,3,0,3,4,0.8659572643228336,0.5687722107427648,4,4,10,NA,NA,NA,NA,NA,NA,NA,NA,Green Bay,Green Bay
401172511,2019-11-25,Green Bay,CSU Northridge,11,1,18:27:00,2307,2307,JayQuan McCloud made Layup. Assisted by Kameron Hankerson.,5,0,5,1,0.88597638056193,0.613400584005684,4,4,10,NA,NA,Green Bay,made,JayQuan McCloud,Kameron Hankerson,FALSE,FALSE,Green Bay,CSU Northridge
401172511,2019-11-25,Green Bay,CSU Northridge,12,1,18:10:00,2290,2290,Brendan Harrick missed Layup.,5,0,5,17,0.8860526608463567,0.6143039171620343,4,4,10,NA,NA,CSU Northridge,missed,Brendan Harrick,NA,FALSE,FALSE,CSU Northridge,Green Bay
401172511,2019-11-25,Green Bay,CSU Northridge,13,1,18:05:00,2285,2285,Josh McNair Defensive Rebound.,5,0,5,5,0.8860744439803776,0.6145707819678198,4,4,10,NA,NA,NA,NA,NA,NA,NA,NA,CSU Northridge,CSU Northridge
401172511,2019-11-25,Green Bay,CSU Northridge,14,1,18:05:00,2285,2285,Josh McNair made Layup.,7,0,7,0,0.9036001555958922,0.6577296729329493,4,4,10,NA,NA,Green Bay,made,Josh McNair,NA,FALSE,FALSE,Green Bay,CSU Northridge
401172511,2019-11-25,Green Bay,CSU Northridge,15,1,18:05:00,2285,2285,Foul on Michael Ou.,7,0,7,0,0.9036001555958922,0.6577296729329493,4,4,10,NA,NA,NA,NA,NA,NA,NA,NA,Green Bay,CSU Northridge
401172511,2019-11-25,Green Bay,CSU Northridge,16,1,18:05:00,2285,2285,Josh McNair missed Free Throw.,7,0,7,0,0.9036001555958922,0.6577296729329493,4,4,10,NA,NA,Green Bay,missed,Josh McNair,NA,FALSE,TRUE,Green Bay,CSU Northridge
401172511,2019-11-25,Green Bay,CSU Northridge,17,1,18:05:00,2285,2285,Jared Pearre Defensive Rebound.,7,0,7,0,0.9036001555958922,0.6577296729329493,4,4,10,NA,NA,NA,NA,NA,NA,NA,NA,Green Bay,CSU Northridge
401172511,2019-11-25,Green Bay,CSU Northridge,18,1,18:05:00,2285,2285,Elijah Harkless Turnover.,7,0,7,0,0.9036001555958922,0.6577296729329493,4,4,10,NA,NA,NA,NA,NA,NA,NA,NA,CSU Northridge,CSU Northridge
401172511,2019-11-25,Green Bay,CSU Northridge,19,1,18:05:00,2285,2285,Josh McNair Steal.,7,0,7,0,0.9036001555958922,0.6577296729329493,4,4,10,NA,NA,NA,NA,NA,NA,NA,NA,CSU Northridge,CSU Northridge
401172511,2019-11-25,Green Bay,CSU Northridge,20,1,18:05:00,2285,2285,Josh McNair made Layup.,9,0,9,0,0.9186772446250732,0.6984272578026507,4,4,10,NA,NA,Green Bay,made,Josh McNair,NA,FALSE,FALSE,Green Bay,CSU Northridge
401172511,2019-11-25,Green Bay,CSU Northridge,21,1,17:29:00,2249,2249,Michael Ou made Layup. Assisted by Jared Pearre.,9,2,7,36,0.904011202938206,0.6603025444418771,4,4,10,NA,NA,CSU Northridge,made,Michael Ou,Jared Pearre,FALSE,FALSE,CSU Northridge,Green Bay
401172511,2019-11-25,Green Bay,CSU Northridge,22,1,17:15:00,2235,2235,Cody Schwartz Turnover.,9,2,7,14,0.904167198454799,0.6613095743117879,4,4,10,NA,NA,NA,NA,NA,NA,NA,NA,Green Bay,CSU Northridge
401172511,2019-11-25,Green Bay,CSU Northridge,23,1,17:15:00,2235,2235,Terrell Gomez Steal.,9,2,7,0,0.904167198454799,0.6613095743117879,4,4,10,NA,NA,NA,NA,NA,NA,NA,NA,Green Bay,CSU Northridge
401172511,2019-11-25,Green Bay,CSU Northridge,24,1,17:11:00,2231,2231,Terrell Gomez made Layup.,9,4,5,4,0.886287609837036,0.6174818340682185,4,4,10,NA,NA,CSU Northridge,made,Terrell Gomez,NA,FALSE,FALSE,CSU Northridge,Green Bay
401172511,2019-11-25,Green Bay,CSU Northridge,25,1,16:54:00,2214,2214,PJ Pipes made Three Point Jumper. Assisted by Kameron Hankerson.,12,4,8,17,0.9124254599140232,0.6840548122891921,4,4,10,NA,NA,Green Bay,made,PJ Pipes,Kameron Hankerson,TRUE,FALSE,Green Bay,CSU Northridge
401172511,2019-11-25,Green Bay,CSU Northridge,26,1,16:34:00,2194,2194,Brendan Harrick Turnover.,12,4,8,20,0.9126955571998036,0.6856548635735769,4,4,10,NA,NA,NA,NA,NA,NA,NA,NA,CSU Northridge,Green Bay
401172511,2019-11-25,Green Bay,CSU Northridge,27,1,16:34:00,2194,2194,Josh McNair Steal.,12,4,8,0,0.9126955571998036,0.6856548635735769,4,4,10,NA,NA,NA,NA,NA,NA,NA,NA,CSU Northridge,Green Bay
401172511,2019-11-25,Green Bay,CSU Northridge,28,1,16:34:00,2194,2194,Foul on Elijah Harkless.,12,4,8,0,0.9126955571998036,0.6856548635735769,4,4,10,NA,NA,NA,NA,NA,NA,NA,NA,Green Bay,Green Bay
401172511,2019-11-25,Green Bay,CSU Northridge,29,1,16:25:00,2185,2185,Cody Schwartz made Three Point Jumper. Assisted by PJ Pipes.,15,4,11,9,0.9335294914442216,0.745914606772778,4,4,10,NA,NA,Green Bay,made,Cody Schwartz,PJ Pipes,TRUE,FALSE,Green Bay,CSU Northridge
401172511,2019-11-25,Green Bay,CSU Northridge,30,1,16:22:00,2182,2182,Official TV Timeout,15,4,11,3,0.9335863329869944,0.7462055594581265,4,4,10,NA,NA,NA,NA,NA,NA,NA,NA,CSU Northridge,CSU Northridge
401172511,2019-11-25,Green Bay,CSU Northridge,31,1,16:22:00,2182,2182,CSU Northridge  Timeout,15,4,11,0,0.9335863329869944,0.7462055594581265,3,4,10,NA,NA,NA,NA,NA,NA,NA,NA,CSU Northridge,CSU Northridge
401172511,2019-11-25,Green Bay,CSU Northridge,32,1,16:06:00,2166,2166,Terrell Gomez missed Three Point Jumper.,15,4,11,16,0.9338872745220492,0.7477562827465526,3,4,10,NA,NA,CSU Northridge,missed,Terrell Gomez,NA,TRUE,FALSE,CSU Northridge,Green Bay
401172511,2019-11-25,Green Bay,CSU Northridge,33,1,16:01:00,2161,2161,JayQuan McCloud Defensive Rebound.,15,4,11,5,0.9339807040178736,0.7482409018551066,3,4,10,NA,NA,NA,NA,NA,NA,NA,NA,CSU Northridge,Green Bay
401172511,2019-11-25,Green Bay,CSU Northridge,34,1,15:58:00,2158,2158,Amari Davis missed Jumper.,15,4,11,3,0.93403665616083,0.7485317632752625,3,4,10,NA,NA,Green Bay,missed,Amari Davis,NA,FALSE,FALSE,Green Bay,CSU Northridge
401172511,2019-11-25,Green Bay,CSU Northridge,35,1,15:55:00,2155,2155,Michael Ou Defensive Rebound.,15,4,11,3,0.934092531237031,0.7488226959168299,3,4,10,NA,NA,NA,NA,NA,NA,NA,NA,Green Bay,CSU Northridge
401172511,2019-11-25,Green Bay,CSU Northridge,36,1,15:46:00,2146,2146,Elijah Harkless Turnover.,15,4,11,9,0.9342597111529866,0.7496959516880632,3,4,10,NA,NA,NA,NA,NA,NA,NA,NA,CSU Northridge,Green Bay
401172511,2019-11-25,Green Bay,CSU Northridge,37,1,15:33:00,2133,2133,Foul on Michael Ou.,15,4,11,13,0.9345000888848162,0.7509586669943944,3,4,10,NA,NA,NA,NA,NA,NA,NA,NA,Green Bay,Green Bay
401172511,2019-11-25,Green Bay,CSU Northridge,38,1,15:29:00,2129,2129,Foul on Brendan Harrick.,15,4,11,4,0.9345738070676736,0.751347547434899,3,4,10,NA,NA,NA,NA,NA,NA,NA,NA,Green Bay,Green Bay
401172511,2019-11-25,Green Bay,CSU Northridge,39,1,15:23:00,2123,2123,JayQuan McCloud made Three Point Jumper. Assisted by PJ Pipes.,18,4,14,6,0.9508935770025764,0.8039829728162838,3,4,10,NA,NA,Green Bay,made,JayQuan McCloud,PJ Pipes,TRUE,FALSE,Green Bay,CSU Northridge
401172511,2019-11-25,Green Bay,CSU Northridge,40,1,15:05:00,2105,2105,Jared Pearre missed Layup.,18,4,14,18,0.9512650968122096,0.8058662154735083,3,4,10,NA,NA,CSU Northridge,missed,Jared Pearre,NA,FALSE,FALSE,CSU Northridge,Green Bay
401172511,2019-11-25,Green Bay,CSU Northridge,41,1,15:04:00,2104,2104,Green Bay Defensive Rebound.,18,4,14,1,0.9512856775075704,0.8059708326642648,3,4,10,NA,NA,NA,NA,NA,NA,NA,NA,CSU Northridge,Green Bay
401172511,2019-11-25,Green Bay,CSU Northridge,42,1,14:53:00,2093,2093,Trevian Bell Turnover.,18,4,14,11,0.9515116892349964,0.8071216370520553,3,4,10,NA,NA,NA,NA,NA,NA,NA,NA,Green Bay,CSU Northridge
401172511,2019-11-25,Green Bay,CSU Northridge,43,1,14:53:00,2093,2093,Terrell Gomez Steal.,18,4,14,0,0.9515116892349964,0.8071216370520553,3,4,10,NA,NA,NA,NA,NA,NA,NA,NA,Green Bay,CSU Northridge
401172511,2019-11-25,Green Bay,CSU Northridge,44,1,14:48:00,2088,2088,Terrell Gomez made Layup.,18,6,12,5,0.9412537312757993,0.7737853353237641,3,4,10,NA,NA,CSU Northridge,made,Terrell Gomez,NA,FALSE,FALSE,CSU Northridge,Green Bay
401172511,2019-11-25,Green Bay,CSU Northridge,45,1,14:37:00,2077,2077,JayQuan McCloud missed Three Point Jumper.,18,6,12,11,0.9414656405091356,0.7748975500519462,3,4,10,NA,NA,Green Bay,missed,JayQuan McCloud,NA,TRUE,FALSE,Green Bay,CSU Northridge
401172511,2019-11-25,Green Bay,CSU Northridge,46,1,14:33:00,2073,2073,Lance Coleman II Defensive Rebound.,18,6,12,4,0.9415425826959344,0.7753023585736899,3,4,10,NA,NA,NA,NA,NA,NA,NA,NA,Green Bay,CSU Northridge
401172511,2019-11-25,Green Bay,CSU Northridge,47,1,14:17:00,2057,2057,Brendan Harrick Turnover.,18,6,12,16,0.941849827395871,0.7769237118113107,3,4,10,NA,NA,NA,NA,NA,NA,NA,NA,CSU Northridge,Green Bay
401172511,2019-11-25,Green Bay,CSU Northridge,48,1,14:08:00,2048,2048,PJ Pipes made Three Point Jumper. Assisted by Trevian Bell.,21,6,15,9,0.9569442019226506,0.8272675585204394,3,4,10,NA,NA,Green Bay,made,PJ Pipes,Trevian Bell,TRUE,FALSE,Green Bay,CSU Northridge
401172511,2019-11-25,Green Bay,CSU Northridge,49,1,13:49:00,2029,2029,Jared Pearre missed Dunk.,21,6,15,19,0.9573332600324684,0.829262506032182,3,4,10,NA,NA,CSU Northridge,missed,Jared Pearre,NA,FALSE,FALSE,CSU Northridge,Green Bay
401172511,2019-11-25,Green Bay,CSU Northridge,50,1,13:45:00,2025,2025,Cody Schwartz Defensive Rebound.,21,6,15,4,0.9574150333304706,0.8296825268890173,3,4,10,NA,NA,NA,NA,NA,NA,NA,NA,CSU Northridge,Green Bay
401172511,2019-11-25,Green Bay,CSU Northridge,51,1,13:44:00,2024,2024,Trevian Bell Turnover.,21,6,15,1,0.9574354703014976,0.8297875354027825,3,4,10,NA,NA,NA,NA,NA,NA,NA,NA,Green Bay,CSU Northridge
401172511,2019-11-25,Green Bay,CSU Northridge,52,1,13:39:00,2019,2019,Darius Brown II made Layup.,21,8,13,5,0.9480454873936888,0.7983690265393547,3,4,10,NA,NA,CSU Northridge,made,Darius Brown II,NA,FALSE,FALSE,CSU Northridge,Green Bay
401172511,2019-11-25,Green Bay,CSU Northridge,53,1,13:26:00,2006,2006,Trevian Bell missed Three Point Jumper.,21,8,13,13,0.9483034310312106,0.7997219966671076,3,4,10,NA,NA,Green Bay,missed,Trevian Bell,NA,TRUE,FALSE,Green Bay,CSU Northridge
401172511,2019-11-25,Green Bay,CSU Northridge,54,1,13:23:00,2003,2003,Lance Coleman II Defensive Rebound.,21,8,13,3,0.9483629442362967,0.8000345504793409,3,4,10,NA,NA,NA,NA,NA,NA,NA,NA,Green Bay,CSU Northridge
401172511,2019-11-25,Green Bay,CSU Northridge,55,1,13:20:00,2000,2000,Darius Brown II missed Three Point Jumper.,21,8,13,3,0.9484224556402446,0.8003472326251189,3,4,10,NA,NA,CSU Northridge,missed,Darius Brown II,NA,TRUE,FALSE,CSU Northridge,CSU Northridge
401172511,2019-11-25,Green Bay,CSU Northridge,56,1,13:19:00,1999,1999,Jared Pearre Offensive Rebound.,21,8,13,1,0.9484422926014754,0.8004514888973345,3,4,10,NA,NA,NA,NA,NA,NA,NA,NA,CSU Northridge,CSU Northridge
401172511,2019-11-25,Green Bay,CSU Northridge,57,1,13:19:00,1999,1999,Foul on PJ Pipes.,21,8,13,0,0.9484422926014754,0.8004514888973345,3,4,10,NA,NA,NA,NA,NA,NA,NA,NA,CSU Northridge,CSU Northridge
401172511,2019-11-25,Green Bay,CSU Northridge,58,1,13:16:00,1996,1996,Terrell Gomez missed Jumper.,21,8,13,3,0.9485018036427272,0.8007643454917664,3,4,10,NA,NA,CSU Northridge,missed,Terrell Gomez,NA,FALSE,FALSE,CSU Northridge,CSU Northridge
401172511,2019-11-25,Green Bay,CSU Northridge,59,1,13:12:00,1992,1992,Lance Coleman II Offensive Rebound.,21,8,13,4,0.9485811538649876,0.8011816953600106,3,4,10,NA,NA,NA,NA,NA,NA,NA,NA,CSU Northridge,Green Bay
401172511,2019-11-25,Green Bay,CSU Northridge,60,1,13:12:00,1992,1992,Lance Coleman II missed Layup.,21,8,13,0,0.9485811538649876,0.8011816953600106,3,4,10,NA,NA,CSU Northridge,missed,Lance Coleman II,NA,FALSE,FALSE,CSU Northridge,Green Bay
401172511,2019-11-25,Green Bay,CSU Northridge,61,1,13:12:00,1992,1992,Cody Schwartz Defensive Rebound.,21,8,13,0,0.9485811538649876,0.8011816953600106,3,4,10,NA,NA,NA,NA,NA,NA,NA,NA,CSU Northridge,Green Bay
401172511,2019-11-25,Green Bay,CSU Northridge,62,1,13:12:00,1992,1992,Foul on Lance Coleman II.,21,8,13,0,0.9485811538649876,0.8011816953600106,3,4,10,NA,NA,NA,NA,NA,NA,NA,NA,Green Bay,Green Bay
401172511,2019-11-25,Green Bay,CSU Northridge,63,1,12:56:00,1976,1976,PJ Pipes made Three Point Jumper. Assisted by Cody Schwartz.,24,8,16,16,0.9625126218135248,0.8491919738443182,3,4,10,NA,NA,Green Bay,made,PJ Pipes,Cody Schwartz,TRUE,FALSE,Green Bay,CSU Northridge
401172511,2019-11-25,Green Bay,CSU Northridge,64,1,12:20:00,1940,1940,Elijah Harkless missed Jumper.,24,8,16,36,0.9632419688201446,0.8529421679519954,3,4,10,NA,NA,CSU Northridge,missed,Elijah Harkless,NA,FALSE,FALSE,CSU Northridge,Green Bay
401172511,2019-11-25,Green Bay,CSU Northridge,65,1,12:17:00,1937,1937,Cody Schwartz Defensive Rebound.,24,8,16,3,0.96330272857914,0.8532546909914162,3,4,10,NA,NA,NA,NA,NA,NA,NA,NA,CSU Northridge,Green Bay
401172511,2019-11-25,Green Bay,CSU Northridge,66,1,12:13:00,1933,1933,JayQuan McCloud missed Layup.,24,8,16,4,0.96338374403005,0.853671399806767,3,4,10,NA,NA,Green Bay,missed,JayQuan McCloud,NA,FALSE,FALSE,Green Bay,Green Bay
401172511,2019-11-25,Green Bay,CSU Northridge,67,1,12:13:00,1933,1933,Jared Pearre Block.,24,8,16,0,0.96338374403005,0.853671399806767,3,4,10,NA,NA,NA,NA,NA,NA,NA,NA,Green Bay,Green Bay
401172511,2019-11-25,Green Bay,CSU Northridge,68,1,12:07:00,1927,1927,Kameron Hankerson Offensive Rebound.,24,8,16,6,0.963505155718965,0.8542961198181499,3,4,10,NA,NA,NA,NA,NA,NA,NA,NA,Green Bay,Green Bay
401172511,2019-11-25,Green Bay,CSU Northridge,69,1,12:06:00,1926,1926,Kameron Hankerson made Layup.,26,8,18,1,0.970550099088894,0.8798201912198479,3,4,10,NA,NA,Green Bay,made,Kameron Hankerson,NA,FALSE,FALSE,Green Bay,CSU Northridge
401172511,2019-11-25,Green Bay,CSU Northridge,70,1,11:48:00,1908,1908,Lance Coleman II made Three Point Jumper. Assisted by Elijah Harkless.,26,11,15,18,0.9597940172424938,0.8419768347325434,3,4,10,NA,NA,CSU Northridge,made,Lance Coleman II,Elijah Harkless,TRUE,FALSE,CSU Northridge,Green Bay
401172511,2019-11-25,Green Bay,CSU Northridge,71,1,11:32:00,1892,1892,JayQuan McCloud made Three Point Jumper. Assisted by PJ Pipes.,29,11,18,16,0.971195538945685,0.883149869251985,3,4,10,NA,NA,Green Bay,made,JayQuan McCloud,PJ Pipes,TRUE,FALSE,Green Bay,CSU Northridge
401172511,2019-11-25,Green Bay,CSU Northridge,72,1,11:08:00,1868,1868,Foul on Kameron Hankerson.,29,11,18,24,0.9716379815687456,0.8854521974951619,3,4,10,NA,NA,NA,NA,NA,NA,NA,NA,CSU Northridge,CSU Northridge
401172511,2019-11-25,Green Bay,CSU Northridge,73,1,10:56:00,1856,1856,Lance Coleman II made Jumper.,29,13,16,12,0.964885293829286,0.8615113715513621,3,4,10,NA,NA,CSU Northridge,made,Lance Coleman II,NA,FALSE,FALSE,CSU Northridge,Green Bay
401172511,2019-11-25,Green Bay,CSU Northridge,74,1,10:42:00,1842,1842,Foul on Elijah Harkless.,29,13,16,14,0.9651486457873178,0.8629057006609615,3,4,10,NA,NA,NA,NA,NA,NA,NA,NA,Green Bay,Green Bay
401172511,2019-11-25,Green Bay,CSU Northridge,75,1,10:42:00,1842,1842,Amari Davis missed Free Throw.,29,13,16,0,0.9651486457873178,0.8629057006609615,3,4,10,NA,NA,Green Bay,missed,Amari Davis,NA,FALSE,TRUE,Green Bay,Green Bay
401172511,2019-11-25,Green Bay,CSU Northridge,76,1,10:42:00,1842,1842,Green Bay Offensive Rebound.,29,13,16,0,0.9651486457873178,0.8629057006609615,3,4,10,NA,NA,NA,NA,NA,NA,NA,NA,Green Bay,Green Bay
401172511,2019-11-25,Green Bay,CSU Northridge,77,1,10:42:00,1842,1842,Amari Davis made Free Throw.,30,13,17,0,0.9688159348283448,0.8759488465104222,3,4,10,NA,NA,Green Bay,made,Amari Davis,NA,FALSE,TRUE,Green Bay,CSU Northridge
401172511,2019-11-25,Green Bay,CSU Northridge,78,1,10:32:00,1832,1832,Foul on Manny Patterson.,30,13,17,10,0.9689997863387992,0.876917114082292,3,4,10,NA,NA,NA,NA,NA,NA,NA,NA,CSU Northridge,CSU Northridge
401172511,2019-11-25,Green Bay,CSU Northridge,79,1,10:29:00,1829,1829,Darius Brown II missed Jumper.,30,13,17,3,0.969054801827924,0.8772070153041738,3,4,10,NA,NA,CSU Northridge,missed,Darius Brown II,NA,FALSE,FALSE,CSU Northridge,Green Bay
401172511,2019-11-25,Green Bay,CSU Northridge,80,1,10:25:00,1825,1825,Manny Patterson Defensive Rebound.,30,13,17,4,0.9691280695432448,0.8775931761589749,3,4,10,NA,NA,NA,NA,NA,NA,NA,NA,CSU Northridge,Green Bay
401172511,2019-11-25,Green Bay,CSU Northridge,81,1,10:16:00,1816,1816,Kameron Hankerson made Jumper.,32,13,19,9,0.9755115733991396,0.9012001143522628,3,4,10,NA,NA,Green Bay,made,Kameron Hankerson,NA,FALSE,FALSE,Green Bay,CSU Northridge
401172511,2019-11-25,Green Bay,CSU Northridge,82,1,10:02:00,1802,1802,Ron Artest III made Dunk. Assisted by Darius Brown II.,32,15,17,14,0.9695479893198148,0.8798068864633084,3,4,10,NA,NA,CSU Northridge,made,Ron Artest III,Darius Brown II,FALSE,FALSE,CSU Northridge,Green Bay
401172511,2019-11-25,Green Bay,CSU Northridge,83,1,09:51:00,1791,1791,Foul on PJ Pipes.,32,15,17,11,0.9697484006436732,0.880862744565547,3,4,10,NA,NA,NA,NA,NA,NA,NA,NA,Green Bay,CSU Northridge
401172511,2019-11-25,Green Bay,CSU Northridge,84,1,09:51:00,1791,1791,PJ Pipes Turnover.,32,15,17,0,0.9697484006436732,0.880862744565547,3,4,10,NA,NA,NA,NA,NA,NA,NA,NA,Green Bay,CSU Northridge
401172511,2019-11-25,Green Bay,CSU Northridge,85,1,09:26:00,1766,1766,Elijah Harkless made Three Point Jumper. Assisted by Lance Coleman II.,32,18,14,25,0.9579536083295276,0.8411152340230188,3,4,10,NA,NA,CSU Northridge,made,Elijah Harkless,Lance Coleman II,TRUE,FALSE,CSU Northridge,Green Bay
401172511,2019-11-25,Green Bay,CSU Northridge,86,1,09:12:00,1752,1752,Amari Davis Turnover.,32,18,14,14,0.9582184058970435,0.8425502134782329,3,4,10,NA,NA,NA,NA,NA,NA,NA,NA,Green Bay,CSU Northridge
401172511,2019-11-25,Green Bay,CSU Northridge,87,1,09:12:00,1752,1752,Elijah Harkless Steal.,32,18,14,0,0.9582184058970435,0.8425502134782329,3,4,10,NA,NA,NA,NA,NA,NA,NA,NA,Green Bay,CSU Northridge
401172511,2019-11-25,Green Bay,CSU Northridge,88,1,09:07:00,1747,1747,Elijah Harkless made Dunk.,32,20,12,5,0.9475899888616076,0.8086145402561213,3,4,10,NA,NA,CSU Northridge,made,Elijah Harkless,NA,FALSE,FALSE,CSU Northridge,Green Bay
401172511,2019-11-25,Green Bay,CSU Northridge,89,1,09:06:00,1746,1746,Green Bay  Timeout,32,20,12,1,0.947608147640401,0.8087176665540258,3,3,10,NA,NA,NA,NA,NA,NA,NA,NA,Green Bay,Green Bay
401172511,2019-11-25,Green Bay,CSU Northridge,90,1,08:45:00,1725,1725,JayQuan McCloud missed Three Point Jumper.,32,20,12,21,0.9479930741306414,0.8108943286137172,3,3,10,NA,NA,Green Bay,missed,JayQuan McCloud,NA,TRUE,FALSE,Green Bay,Green Bay
401172511,2019-11-25,Green Bay,CSU Northridge,91,1,08:42:00,1722,1722,Josh McNair Offensive Rebound.,32,20,12,3,0.948048683069539,0.8112071350943951,3,3,10,NA,NA,NA,NA,NA,NA,NA,NA,Green Bay,Green Bay
401172511,2019-11-25,Green Bay,CSU Northridge,92,1,08:39:00,1719,1719,Manny Patterson made Dunk. Assisted by JayQuan McCloud.,34,20,14,3,0.958851624481734,0.8459574274342133,3,3,10,NA,NA,Green Bay,made,Manny Patterson,JayQuan McCloud,FALSE,FALSE,Green Bay,CSU Northridge
401172511,2019-11-25,Green Bay,CSU Northridge,93,1,08:09:00,1689,1689,Terrell Gomez made Jumper. Assisted by Elijah Harkless.,34,22,12,30,0.9486727377324968,0.814683520857308,3,3,10,NA,NA,CSU Northridge,made,Terrell Gomez,Elijah Harkless,FALSE,FALSE,CSU Northridge,Green Bay
401172511,2019-11-25,Green Bay,CSU Northridge,94,1,07:54:00,1674,1674,Manny Patterson missed Layup.,34,22,12,15,0.948951144472209,0.8162522229122428,3,3,10,NA,NA,Green Bay,missed,Manny Patterson,NA,FALSE,FALSE,Green Bay,CSU Northridge
401172511,2019-11-25,Green Bay,CSU Northridge,95,1,07:50:00,1670,1670,Elijah Harkless Defensive Rebound.,34,22,12,4,0.949022442412196,0.8166631879776245,3,3,10,NA,NA,NA,NA,NA,NA,NA,NA,Green Bay,CSU Northridge
401172511,2019-11-25,Green Bay,CSU Northridge,96,1,07:49:00,1669,1669,Foul on Elijah Harkless.,34,22,12,1,0.9490400873454728,0.8167654816473284,3,3,10,NA,NA,NA,NA,NA,NA,NA,NA,Green Bay,Green Bay
401172511,2019-11-25,Green Bay,CSU Northridge,97,1,07:49:00,1669,1669,Elijah Harkless Turnover.,34,22,12,0,0.9490400873454728,0.8167654816473284,3,3,10,NA,NA,NA,NA,NA,NA,NA,NA,Green Bay,Green Bay
401172511,2019-11-25,Green Bay,CSU Northridge,98,1,07:49:00,1669,1669,Official TV Timeout,34,22,12,0,0.9490400873454728,0.8167654816473284,3,3,10,NA,NA,NA,NA,NA,NA,NA,NA,Green Bay,Green Bay
401172511,2019-11-25,Green Bay,CSU Northridge,99,1,07:27:00,1647,1647,Josh McNair missed Layup.,34,22,12,22,0.9494120038951108,0.8189755192813947,3,3,10,NA,NA,Green Bay,missed,Josh McNair,NA,FALSE,FALSE,Green Bay,CSU Northridge
401172511,2019-11-25,Green Bay,CSU Northridge,100,1,07:27:00,1647,1647,Ron Artest III Block.,34,22,12,0,0.9494120038951108,0.8189755192813947,3,3,10,NA,NA,NA,NA,NA,NA,NA,NA,Green Bay,CSU Northridge
401172511,2019-11-25,Green Bay,CSU Northridge,101,1,07:22:00,1642,1642,Terrell Gomez Defensive Rebound.,34,22,12,5,0.949492708326748,0.8194683461891803,3,3,10,NA,NA,NA,NA,NA,NA,NA,NA,Green Bay,CSU Northridge
401172511,2019-11-25,Green Bay,CSU Northridge,102,1,07:21:00,1641,1641,Terrell Gomez missed Layup.,34,22,12,1,0.9495087021917864,0.8195665497953863,3,3,10,NA,NA,CSU Northridge,missed,Terrell Gomez,NA,FALSE,FALSE,CSU Northridge,Green Bay
401172511,2019-11-25,Green Bay,CSU Northridge,103,1,07:21:00,1641,1641,Kameron Hankerson Block.,34,22,12,0,0.9495087021917864,0.8195665497953863,3,3,10,NA,NA,NA,NA,NA,NA,NA,NA,CSU Northridge,Green Bay
401172511,2019-11-25,Green Bay,CSU Northridge,104,1,07:14:00,1634,1634,JayQuan McCloud Defensive Rebound.,34,22,12,7,0.9496193849073994,0.8202508479610657,3,3,10,NA,NA,NA,NA,NA,NA,NA,NA,CSU Northridge,Green Bay
401172511,2019-11-25,Green Bay,CSU Northridge,105,1,07:13:00,1633,1633,JayQuan McCloud missed Layup.,34,22,12,1,0.9496350243105132,0.8203481826492006,3,3,10,NA,NA,Green Bay,missed,JayQuan McCloud,NA,FALSE,FALSE,Green Bay,Green Bay
401172511,2019-11-25,Green Bay,CSU Northridge,106,1,07:13:00,1633,1633,Ron Artest III Block.,34,22,12,0,0.9496350243105132,0.8203481826492006,3,3,10,NA,NA,NA,NA,NA,NA,NA,NA,Green Bay,Green Bay
401172511,2019-11-25,Green Bay,CSU Northridge,107,1,07:08:00,1628,1628,Kameron Hankerson Offensive Rebound.,34,22,12,5,0.9497126267373488,0.820833404987627,3,3,10,NA,NA,NA,NA,NA,NA,NA,NA,Green Bay,Green Bay
401172511,2019-11-25,Green Bay,CSU Northridge,108,1,07:07:00,1627,1627,Kameron Hankerson missed Jumper.,34,22,12,1,0.9497280338766382,0.8209301733812321,3,3,10,NA,NA,Green Bay,missed,Kameron Hankerson,NA,FALSE,FALSE,Green Bay,CSU Northridge
401172511,2019-11-25,Green Bay,CSU Northridge,109,1,07:03:00,1623,1623,Ron Artest III Defensive Rebound.,34,22,12,4,0.9497893110566572,0.8213163937675184,3,3,10,NA,NA,NA,NA,NA,NA,NA,NA,Green Bay,CSU Northridge
401172511,2019-11-25,Green Bay,CSU Northridge,110,1,06:41:00,1601,1601,Darius Brown II made Jumper.,34,24,10,22,0.9364527644441664,0.782974370805457,3,3,10,NA,NA,CSU Northridge,made,Darius Brown II,NA,FALSE,FALSE,CSU Northridge,Green Bay
401172511,2019-11-25,Green Bay,CSU Northridge,111,1,06:24:00,1584,1584,JayQuan McCloud missed Jumper.,34,24,10,17,0.9366549101489964,0.7845472368052975,3,3,10,NA,NA,Green Bay,missed,JayQuan McCloud,NA,FALSE,FALSE,Green Bay,CSU Northridge
401172511,2019-11-25,Green Bay,CSU Northridge,112,1,06:19:00,1579,1579,Lance Coleman II Defensive Rebound.,34,24,10,5,0.9367140279005264,0.7850098146345558,3,3,10,NA,NA,NA,NA,NA,NA,NA,NA,Green Bay,CSU Northridge
401172511,2019-11-25,Green Bay,CSU Northridge,113,1,06:04:00,1564,1564,Ron Artest III Turnover.,34,24,10,15,0.936891976099019,0.7864008444810902,3,3,10,NA,NA,NA,NA,NA,NA,NA,NA,CSU Northridge,Green Bay
401172511,2019-11-25,Green Bay,CSU Northridge,114,1,05:46:00,1546,1546,JayQuan McCloud Turnover.,34,24,10,18,0.937109740288672,0.7880833537781465,3,3,10,NA,NA,NA,NA,NA,NA,NA,NA,Green Bay,CSU Northridge
401172511,2019-11-25,Green Bay,CSU Northridge,115,1,05:28:00,1528,1528,Terrell Gomez missed Jumper.,34,24,10,18,0.9373365323749072,0.7897900347482932,3,3,10,NA,NA,CSU Northridge,missed,Terrell Gomez,NA,FALSE,FALSE,CSU Northridge,Green Bay
401172511,2019-11-25,Green Bay,CSU Northridge,116,1,05:25:00,1525,1525,Hunter Crist Defensive Rebound.,34,24,10,3,0.9373755337277268,0.7900775383962624,3,3,10,NA,NA,NA,NA,NA,NA,NA,NA,CSU Northridge,Green Bay
401172511,2019-11-25,Green Bay,CSU Northridge,117,1,05:21:00,1521,1521,Cody Schwartz made Three Point Jumper. Assisted by Hunter Crist.,37,24,13,4,0.9571042410269036,0.8489038605135893,3,3,10,NA,NA,Green Bay,made,Cody Schwartz,Hunter Crist,TRUE,FALSE,Green Bay,CSU Northridge
401172511,2019-11-25,Green Bay,CSU Northridge,118,1,04:52:00,1492,1492,Lance Coleman II Turnover.,37,24,13,29,0.957600754846434,0.8517681989336048,3,3,10,NA,NA,NA,NA,NA,NA,NA,NA,CSU Northridge,Green Bay
401172511,2019-11-25,Green Bay,CSU Northridge,119,1,04:52:00,1492,1492,Kameron Hankerson Steal.,37,24,13,0,0.957600754846434,0.8517681989336048,3,3,10,NA,NA,NA,NA,NA,NA,NA,NA,CSU Northridge,Green Bay
401172511,2019-11-25,Green Bay,CSU Northridge,120,1,04:41:00,1481,1481,Cody Schwartz made Jumper.,39,24,15,11,0.9674730318527468,0.883682691387619,3,3,10,NA,NA,Green Bay,made,Cody Schwartz,NA,FALSE,FALSE,Green Bay,CSU Northridge
401172511,2019-11-25,Green Bay,CSU Northridge,121,1,04:16:00,1456,1456,Terrell Gomez made Three Point Jumper. Assisted by Darius Brown II.,39,27,12,25,0.9524630929511936,0.83775007938419,3,3,10,NA,NA,CSU Northridge,made,Terrell Gomez,Darius Brown II,TRUE,FALSE,CSU Northridge,Green Bay
401172511,2019-11-25,Green Bay,CSU Northridge,122,1,04:03:00,1443,1443,Cody Schwartz missed Three Point Jumper.,39,27,12,13,0.9527268303495644,0.8391641490256208,3,3,10,NA,NA,Green Bay,missed,Cody Schwartz,NA,TRUE,FALSE,Green Bay,CSU Northridge
401172511,2019-11-25,Green Bay,CSU Northridge,123,1,04:00:00,1440,1440,Ron Artest III Defensive Rebound.,39,27,12,3,0.9527860025938614,0.8394854177018833,3,3,10,NA,NA,NA,NA,NA,NA,NA,NA,Green Bay,CSU Northridge
401172511,2019-11-25,Green Bay,CSU Northridge,124,1,03:49:00,1429,1429,Ron Artest III made Dunk. Assisted by Darius Brown II.,39,29,10,11,0.9389003295219728,0.7999284304093773,3,3,10,NA,NA,CSU Northridge,made,Ron Artest III,Darius Brown II,FALSE,FALSE,CSU Northridge,Green Bay
401172511,2019-11-25,Green Bay,CSU Northridge,125,1,03:27:00,1407,1407,Kameron Hankerson made Three Point Jumper. Assisted by PJ Pipes.,42,29,13,22,0.9592271652426496,0.8605356027520175,3,3,10,NA,NA,Green Bay,made,Kameron Hankerson,PJ Pipes,TRUE,FALSE,Green Bay,CSU Northridge
401172511,2019-11-25,Green Bay,CSU Northridge,126,1,03:08:00,1388,1388,Foul on Hunter Crist.,42,29,13,19,0.9595499766631116,0.8623605010578675,3,3,10,NA,NA,NA,NA,NA,NA,NA,NA,CSU Northridge,CSU Northridge
401172511,2019-11-25,Green Bay,CSU Northridge,127,1,02:57:00,1377,1377,Terrell Gomez made Three Point Jumper. Assisted by Darius Brown II.,42,32,10,11,0.9396629637680488,0.8050729188244733,3,3,10,NA,NA,CSU Northridge,made,Terrell Gomez,Darius Brown II,TRUE,FALSE,CSU Northridge,Green Bay
401172511,2019-11-25,Green Bay,CSU Northridge,128,1,02:37:00,1357,1357,Kameron Hankerson missed Three Point Jumper.,42,32,10,20,0.9399303614682052,0.8069853264365591,3,3,10,NA,NA,Green Bay,missed,Kameron Hankerson,NA,TRUE,FALSE,Green Bay,CSU Northridge
401172511,2019-11-25,Green Bay,CSU Northridge,129,1,02:34:00,1354,1354,Ron Artest III Defensive Rebound.,42,32,10,3,0.9399703011103152,0.8072717095171988,3,3,10,NA,NA,NA,NA,NA,NA,NA,NA,Green Bay,CSU Northridge
401172511,2019-11-25,Green Bay,CSU Northridge,130,1,02:30:00,1350,1350,Darius Brown II Turnover.,42,32,10,4,0.940023638976283,0.8076537419771729,3,3,10,NA,NA,NA,NA,NA,NA,NA,NA,CSU Northridge,Green Bay
401172511,2019-11-25,Green Bay,CSU Northridge,131,1,02:30:00,1350,1350,Hunter Crist Steal.,42,32,10,0,0.940023638976283,0.8076537419771729,3,3,10,NA,NA,NA,NA,NA,NA,NA,NA,CSU Northridge,Green Bay
401172511,2019-11-25,Green Bay,CSU Northridge,132,1,02:20:00,1340,1340,Cody Schwartz missed Jumper.,42,32,10,10,0.9401578897730066,0.8086109516123601,3,3,10,NA,NA,Green Bay,missed,Cody Schwartz,NA,FALSE,FALSE,Green Bay,CSU Northridge
401172511,2019-11-25,Green Bay,CSU Northridge,133,1,02:16:00,1336,1336,Darius Brown II Defensive Rebound.,42,32,10,4,0.940212155388431,0.8089951853535479,3,3,10,NA,NA,NA,NA,NA,NA,NA,NA,Green Bay,CSU Northridge
401172511,2019-11-25,Green Bay,CSU Northridge,134,1,01:52:00,1312,1312,Lance Coleman II missed Three Point Jumper.,42,32,10,24,0.940549623703789,0.8113292024079726,3,3,10,NA,NA,CSU Northridge,missed,Lance Coleman II,NA,TRUE,FALSE,CSU Northridge,Green Bay
401172511,2019-11-25,Green Bay,CSU Northridge,135,1,01:48:00,1308,1308,Hunter Crist Defensive Rebound.,42,32,10,4,0.9406085550357098,0.81172468639727835,3,3,10,NA,NA,NA,NA,NA,NA,NA,NA,CSU Northridge,Green Bay
401172511,2019-11-25,Green Bay,CSU Northridge,136,1,01:39:00,1299,1299,Cody Schwartz Turnover.,42,32,10,9,0.9407448027802344,0.8126233265844021,3,3,10,NA,NA,NA,NA,NA,NA,NA,NA,Green Bay,CSU Northridge
401172511,2019-11-25,Green Bay,CSU Northridge,137,1,01:39:00,1299,1299,Darius Brown II Steal.,42,32,10,0,0.9407448027802344,0.8126233265844021,3,3,10,NA,NA,NA,NA,NA,NA,NA,NA,Green Bay,CSU Northridge
401172511,2019-11-25,Green Bay,CSU Northridge,138,1,01:32:00,1292,1292,Brendan Harrick missed Three Point Jumper.,42,32,10,7,0.9408547016880678,0.8133317234161501,3,3,10,NA,NA,CSU Northridge,missed,Brendan Harrick,NA,TRUE,FALSE,CSU Northridge,Green Bay
401172511,2019-11-25,Green Bay,CSU Northridge,139,1,01:28:00,1288,1288,Trevian Bell Defensive Rebound.,42,32,10,4,0.9409192129584442,0.8137406354821364,3,3,10,NA,NA,NA,NA,NA,NA,NA,NA,CSU Northridge,Green Bay
401172511,2019-11-25,Green Bay,CSU Northridge,140,1,01:24:00,1284,1284,Foul on Brendan Harrick.,42,32,10,4,0.940985060480654,0.8141527547630373,3,3,10,NA,NA,NA,NA,NA,NA,NA,NA,Green Bay,Green Bay
401172511,2019-11-25,Green Bay,CSU Northridge,141,1,01:24:00,1284,1284,Trevian Bell made Free Throw.,43,32,11,0,0.948673569508902,0.835476008379975,3,3,10,NA,NA,Green Bay,made,Trevian Bell,NA,FALSE,TRUE,Green Bay,Green Bay
401172511,2019-11-25,Green Bay,CSU Northridge,142,1,01:24:00,1284,1284,Trevian Bell made Free Throw.,44,32,12,0,0.95540788165986,0.854789089700477,3,3,10,NA,NA,Green Bay,made,Trevian Bell,NA,FALSE,TRUE,Green Bay,CSU Northridge
401172511,2019-11-25,Green Bay,CSU Northridge,143,1,01:06:00,1266,1266,Foul on Hunter Crist.,44,32,12,18,0.9557560350288338,0.856655631670855,3,3,10,NA,NA,NA,NA,NA,NA,NA,NA,CSU Northridge,CSU Northridge
401172511,2019-11-25,Green Bay,CSU Northridge,144,1,01:06:00,1266,1266,Darius Brown II made Jumper.,44,34,10,0,0.9412998446001868,0.8160515170268027,3,3,10,NA,NA,CSU Northridge,made,Darius Brown II,NA,FALSE,FALSE,CSU Northridge,Green Bay
401172511,2019-11-25,Green Bay,CSU Northridge,145,1,00:55:00,1255,1255,Manny Patterson Turnover.,44,34,10,11,0.9415090403552168,0.817252037373284,3,3,10,NA,NA,NA,NA,NA,NA,NA,NA,Green Bay,CSU Northridge
401172511,2019-11-25,Green Bay,CSU Northridge,146,1,00:47:00,1247,1247,Lance Coleman II missed Three Point Jumper.,44,34,10,8,0.9416702234768324,0.818146645606188,3,3,10,NA,NA,CSU Northridge,missed,Lance Coleman II,NA,TRUE,FALSE,CSU Northridge,Green Bay
401172511,2019-11-25,Green Bay,CSU Northridge,147,1,00:43:00,1243,1243,Manny Patterson Defensive Rebound.,44,34,10,4,0.9417538667391462,0.8186011914373915,3,3,10,NA,NA,NA,NA,NA,NA,NA,NA,CSU Northridge,Green Bay
401172511,2019-11-25,Green Bay,CSU Northridge,148,1,00:32:00,1232,1232,Manny Patterson missed Layup.,44,34,10,11,0.9419950395357244,0.8198775995387372,3,3,10,NA,NA,Green Bay,missed,Manny Patterson,NA,FALSE,FALSE,Green Bay,CSU Northridge
401172511,2019-11-25,Green Bay,CSU Northridge,149,1,00:28:00,1228,1228,Brendan Harrick Defensive Rebound.,44,34,10,4,0.9420869907645872,0.8203517956950561,3,3,10,NA,NA,NA,NA,NA,NA,NA,NA,Green Bay,CSU Northridge
401172511,2019-11-25,Green Bay,CSU Northridge,150,1,00:27:00,1227,1227,Darius Brown II made Layup. Assisted by Brendan Harrick.,44,36,8,1,0.9231314687554568,0.7712944086095475,3,3,10,NA,NA,CSU Northridge,made,Darius Brown II,Brendan Harrick,FALSE,FALSE,CSU Northridge,Green Bay
401172511,2019-11-25,Green Bay,CSU Northridge,151,1,00:06:00,1206,1206,JayQuan McCloud Turnover.,44,36,8,21,0.9235647956217632,0.7737769483345077,3,3,10,NA,NA,NA,NA,NA,NA,NA,NA,Green Bay,CSU Northridge
401172511,2019-11-25,Green Bay,CSU Northridge,152,1,00:06:00,1206,1206,Brendan Harrick Steal.,44,36,8,0,0.9235647956217632,0.7737769483345077,3,3,10,NA,NA,NA,NA,NA,NA,NA,NA,Green Bay,CSU Northridge
401172511,2019-11-25,Green Bay,CSU Northridge,153,1,00:00:00,1200,1200,Foul on Amari Davis.,44,36,8,6,0.9236920402423424,0.774489981219977,3,3,10,NA,NA,NA,NA,NA,NA,NA,NA,CSU Northridge,CSU Northridge
401172511,2019-11-25,Green Bay,CSU Northridge,154,1,00:00:00,1200,1200,Terrell Gomez made Free Throw.,44,37,7,0,0.9120856980649664,0.7464201950257411,3,3,10,NA,NA,CSU Northridge,made,Terrell Gomez,NA,FALSE,TRUE,CSU Northridge,CSU Northridge
401172511,2019-11-25,Green Bay,CSU Northridge,155,1,00:00:00,1200,1200,Terrell Gomez made Free Throw.,44,38,6,0,0.8989072491558652,0.7161370692370593,3,3,10,NA,NA,CSU Northridge,made,Terrell Gomez,NA,FALSE,TRUE,CSU Northridge,CSU Northridge
401172511,2019-11-25,Green Bay,CSU Northridge,156,1,00:00:00,1200,1200,End of 1st half,44,36,8,0,0.9236920402423424,0.774489981219977,3,3,10,NA,NA,NA,NA,NA,NA,NA,NA,CSU Northridge,NA
401172511,2019-11-25,Green Bay,CSU Northridge,157,2,20:00:00,1200,1200,PLAY,44,36,8,0,0.9236920402423424,0.774489981219977,4,4,10,NA,NA,NA,NA,NA,NA,NA,NA,NA,CSU Northridge
401172511,2019-11-25,Green Bay,CSU Northridge,158,2,19:59:00,1199,1199,Terrell Gomez made Jumper.,44,40,4,1,0.8672247728324646,0.6495945491634287,4,4,10,NA,NA,CSU Northridge,made,Terrell Gomez,NA,FALSE,FALSE,CSU Northridge,Green Bay
401172511,2019-11-25,Green Bay,CSU Northridge,159,2,19:32:00,1172,1172,Kameron Hankerson missed Jumper.,44,40,4,27,0.8670804964263018,0.6516168055755645,4,4,10,NA,NA,Green Bay,missed,Kameron Hankerson,NA,FALSE,FALSE,Green Bay,Green Bay
401172511,2019-11-25,Green Bay,CSU Northridge,160,2,19:28:00,1168,1168,Josh McNair Offensive Rebound.,44,40,4,4,0.867056931600306,0.6519096114664052,4,4,10,NA,NA,NA,NA,NA,NA,NA,NA,Green Bay,CSU Northridge
401172511,2019-11-25,Green Bay,CSU Northridge,161,2,19:28:00,1168,1168,Foul on Brendan Harrick.,44,40,4,0,0.867056931600306,0.6519096114664052,4,4,10,NA,NA,NA,NA,NA,NA,NA,NA,Green Bay,CSU Northridge
401172511,2019-11-25,Green Bay,CSU Northridge,162,2,19:28:00,1168,1168,PJ Pipes missed Jumper.,44,40,4,0,0.867056931600306,0.6519096114664052,4,4,10,NA,NA,Green Bay,missed,PJ Pipes,NA,FALSE,FALSE,Green Bay,CSU Northridge
401172511,2019-11-25,Green Bay,CSU Northridge,163,2,19:24:00,1164,1164,Darius Brown II Defensive Rebound.,44,40,4,4,0.8670329784202547,0.6522011334578085,4,4,10,NA,NA,NA,NA,NA,NA,NA,NA,Green Bay,CSU Northridge
401172511,2019-11-25,Green Bay,CSU Northridge,164,2,19:22:00,1162,1162,Terrell Gomez missed Three Point Jumper.,44,40,4,2,0.867020875179058,0.6523464629257459,4,4,10,NA,NA,CSU Northridge,missed,Terrell Gomez,NA,TRUE,FALSE,CSU Northridge,Green Bay
401172511,2019-11-25,Green Bay,CSU Northridge,165,2,19:17:00,1157,1157,Josh McNair Defensive Rebound.,44,40,4,5,0.8669903086091788,0.6527086879463169,4,4,10,NA,NA,NA,NA,NA,NA,NA,NA,CSU Northridge,Green Bay
401172511,2019-11-25,Green Bay,CSU Northridge,166,2,19:15:00,1155,1155,Josh McNair Turnover.,44,40,4,2,0.8669779785456235,0.6528531907838526,4,4,10,NA,NA,NA,NA,NA,NA,NA,NA,Green Bay,CSU Northridge
401172511,2019-11-25,Green Bay,CSU Northridge,167,2,19:15:00,1155,1155,Darius Brown II Steal.,44,40,4,0,0.8669779785456235,0.6528531907838526,4,4,10,NA,NA,NA,NA,NA,NA,NA,NA,Green Bay,CSU Northridge
401172511,2019-11-25,Green Bay,CSU Northridge,168,2,19:09:00,1149,1149,Terrell Gomez made Layup. Assisted by Darius Brown II.,44,42,2,6,0.825982740720161,0.5785336016178813,4,4,10,NA,NA,CSU Northridge,made,Terrell Gomez,Darius Brown II,FALSE,FALSE,CSU Northridge,Green Bay
401172511,2019-11-25,Green Bay,CSU Northridge,169,2,18:47:00,1127,1127,PJ Pipes Turnover.,44,42,2,22,0.8253094755922942,0.5793844661724069,4,4,10,NA,NA,NA,NA,NA,NA,NA,NA,Green Bay,CSU Northridge
401172511,2019-11-25,Green Bay,CSU Northridge,170,2,18:47:00,1127,1127,Jared Pearre Steal.,44,42,2,0,0.8253094755922942,0.5793844661724069,4,4,10,NA,NA,NA,NA,NA,NA,NA,NA,Green Bay,CSU Northridge
401172511,2019-11-25,Green Bay,CSU Northridge,171,2,18:41:00,1121,1121,Lance Coleman II made Three Point Jumper. Assisted by Darius Brown II.,44,45,-1,6,0.7445338677581083,0.4599358422163656,4,4,10,NA,NA,CSU Northridge,made,Lance Coleman II,Darius Brown II,TRUE,FALSE,CSU Northridge,Green Bay
401172511,2019-11-25,Green Bay,CSU Northridge,172,2,18:23:00,1103,1103,JayQuan McCloud missed Jumper.,44,45,-1,18,0.742984895143177,0.45957696048811814,4,4,10,NA,NA,Green Bay,missed,JayQuan McCloud,NA,FALSE,FALSE,Green Bay,CSU Northridge
401172511,2019-11-25,Green Bay,CSU Northridge,173,2,18:18:00,1098,1098,Jared Pearre Defensive Rebound.,44,45,-1,5,0.7425520667651507,0.4594760620737479,4,4,10,NA,NA,NA,NA,NA,NA,NA,NA,Green Bay,CSU Northridge
401172511,2019-11-25,Green Bay,CSU Northridge,174,2,17:55:00,1075,1075,Darius Brown II missed Jumper.,44,45,-1,23,0.7405415347784059,0.4590018120410358,4,4,10,NA,NA,CSU Northridge,missed,Darius Brown II,NA,FALSE,FALSE,CSU Northridge,Green Bay
401172511,2019-11-25,Green Bay,CSU Northridge,175,2,17:52:00,1072,1072,Green Bay Defensive Rebound.,44,45,-1,3,0.7402764985121473,0.4589384548820348,4,4,10,NA,NA,NA,NA,NA,NA,NA,NA,CSU Northridge,Green Bay
401172511,2019-11-25,Green Bay,CSU Northridge,176,2,17:38:00,1058,1058,Josh McNair made Layup. Assisted by Kameron Hankerson.,46,45,1,14,0.7977984414772712,0.5413628588167636,4,4,10,NA,NA,Green Bay,made,Josh McNair,Kameron Hankerson,FALSE,FALSE,Green Bay,CSU Northridge
401172511,2019-11-25,Green Bay,CSU Northridge,177,2,17:16:00,1036,1036,Lance Coleman II Turnover.,46,45,1,22,0.796772637091705,0.541858628540527,4,4,10,NA,NA,NA,NA,NA,NA,NA,NA,CSU Northridge,Green Bay
401172511,2019-11-25,Green Bay,CSU Northridge,178,2,17:03:00,1023,1023,Josh McNair missed Layup.,46,45,1,13,0.7961661670745469,0.5421668956975656,4,4,10,NA,NA,Green Bay,missed,Josh McNair,NA,FALSE,FALSE,Green Bay,CSU Northridge
401172511,2019-11-25,Green Bay,CSU Northridge,179,2,16:58:00,1018,1018,Lance Coleman II Defensive Rebound.,46,45,1,5,0.7959328553712587,0.5422888945888786,4,4,10,NA,NA,NA,NA,NA,NA,NA,NA,Green Bay,CSU Northridge
401172511,2019-11-25,Green Bay,CSU Northridge,180,2,16:49:00,1009,1009,Foul on Jared Pearre.,46,45,1,9,0.7955128261977691,0.542513684299699,4,4,10,NA,NA,NA,NA,NA,NA,NA,NA,Green Bay,Green Bay
401172511,2019-11-25,Green Bay,CSU Northridge,181,2,16:39:00,999,999,Amari Davis made Jumper.,48,45,3,10,0.8453553665072856,0.6258652360602102,4,4,10,NA,NA,Green Bay,made,Amari Davis,NA,FALSE,FALSE,Green Bay,CSU Northridge
401172511,2019-11-25,Green Bay,CSU Northridge,182,2,16:20:00,980,980,Terrell Gomez missed Three Point Jumper.,48,45,3,19,0.8451893960761991,0.6273275105487054,4,4,10,NA,NA,CSU Northridge,missed,Terrell Gomez,NA,TRUE,FALSE,CSU Northridge,Green Bay
401172511,2019-11-25,Green Bay,CSU Northridge,183,2,16:13:00,973,973,Cody Schwartz Defensive Rebound.,48,45,3,7,0.8451387926081764,0.6278925811280104,4,4,10,NA,NA,NA,NA,NA,NA,NA,NA,CSU Northridge,Green Bay
401172511,2019-11-25,Green Bay,CSU Northridge,184,2,16:07:00,967,967,Cody Schwartz made Jumper.,50,45,5,6,0.8856306703300465,0.7058874724740836,4,4,10,NA,NA,Green Bay,made,Cody Schwartz,NA,FALSE,FALSE,Green Bay,CSU Northridge
401172511,2019-11-25,Green Bay,CSU Northridge,185,2,15:56:00,956,956,CSU Northridge  Timeout,50,45,5,11,0.8858203519687147,0.707169285371637,3,4,10,NA,NA,NA,NA,NA,NA,NA,NA,CSU Northridge,CSU Northridge
401172511,2019-11-25,Green Bay,CSU Northridge,186,2,15:43:00,943,943,Jared Pearre missed Layup.,50,45,5,13,0.8860172958269621,0.7085853866478283,3,4,10,NA,NA,CSU Northridge,missed,Jared Pearre,NA,FALSE,FALSE,CSU Northridge,CSU Northridge
401172511,2019-11-25,Green Bay,CSU Northridge,187,2,15:43:00,943,943,JayQuan McCloud Block.,50,45,5,0,0.8860172958269621,0.7085853866478283,3,4,10,NA,NA,NA,NA,NA,NA,NA,NA,CSU Northridge,CSU Northridge
401172511,2019-11-25,Green Bay,CSU Northridge,188,2,15:38:00,938,938,Terrell Gomez Offensive Rebound.,50,45,5,5,0.8860863534340322,0.7091053262526746,3,4,10,NA,NA,NA,NA,NA,NA,NA,NA,CSU Northridge,CSU Northridge
401172511,2019-11-25,Green Bay,CSU Northridge,189,2,15:35:00,935,935,Elijah Harkless made Three Point Jumper. Assisted by Terrell Gomez.,50,48,2,3,0.8199859809848258,0.5883166604061306,3,4,10,NA,NA,CSU Northridge,made,Elijah Harkless,Terrell Gomez,TRUE,FALSE,CSU Northridge,Green Bay
401172511,2019-11-25,Green Bay,CSU Northridge,190,2,15:26:00,926,926,Foul on Brendan Harrick.,50,48,2,9,0.8197672008113888,0.5887373560939675,3,4,10,NA,NA,NA,NA,NA,NA,NA,NA,Green Bay,Green Bay
401172511,2019-11-25,Green Bay,CSU Northridge,191,2,15:26:00,926,926,Official TV Timeout,50,48,2,0,0.8197672008113888,0.5887373560939675,3,4,10,NA,NA,NA,NA,NA,NA,NA,NA,Green Bay,Green Bay
401172511,2019-11-25,Green Bay,CSU Northridge,192,2,15:16:00,916,916,PJ Pipes made Jumper.,52,48,4,10,0.8668912906211588,0.6728765563090792,3,4,10,NA,NA,Green Bay,made,PJ Pipes,NA,FALSE,FALSE,Green Bay,CSU Northridge
401172511,2019-11-25,Green Bay,CSU Northridge,193,2,14:40:00,880,880,Ron Artest III Turnover.,52,48,4,36,0.8669610956808758,0.675677668124953,3,4,10,NA,NA,NA,NA,NA,NA,NA,NA,CSU Northridge,Green Bay
401172511,2019-11-25,Green Bay,CSU Northridge,194,2,14:40:00,880,880,Josh McNair Steal.,52,48,4,0,0.8669610956808758,0.675677668124953,3,4,10,NA,NA,NA,NA,NA,NA,NA,NA,CSU Northridge,Green Bay
401172511,2019-11-25,Green Bay,CSU Northridge,195,2,14:34:00,874,874,JayQuan McCloud made Three Point Jumper. Assisted by Cody Schwartz.,55,48,7,6,0.9188269016507328,0.7838300112957964,3,4,10,NA,NA,Green Bay,made,JayQuan McCloud,Cody Schwartz,TRUE,FALSE,Green Bay,CSU Northridge
401172511,2019-11-25,Green Bay,CSU Northridge,196,2,14:15:00,855,855,Foul on Josh McNair.,55,48,7,19,0.9192348584658232,0.7858184290990498,3,4,10,NA,NA,NA,NA,NA,NA,NA,NA,CSU Northridge,CSU Northridge
401172511,2019-11-25,Green Bay,CSU Northridge,197,2,14:05:00,845,845,Ron Artest III missed Layup.,55,48,7,10,0.9194617533111074,0.7868927967726418,3,4,10,NA,NA,CSU Northridge,missed,Ron Artest III,NA,FALSE,FALSE,CSU Northridge,Green Bay
401172511,2019-11-25,Green Bay,CSU Northridge,198,2,14:01:00,841,841,Josh McNair Defensive Rebound.,55,48,7,4,0.9195557989000782,0.7873307416372333,3,4,10,NA,NA,NA,NA,NA,NA,NA,NA,CSU Northridge,Green Bay
401172511,2019-11-25,Green Bay,CSU Northridge,199,2,13:56:00,836,836,Amari Davis made Layup. Assisted by JayQuan McCloud.,57,48,9,5,0.9433679622439702,0.8438493355486423,3,4,10,NA,NA,Green Bay,made,Amari Davis,JayQuan McCloud,FALSE,FALSE,Green Bay,CSU Northridge
401172511,2019-11-25,Green Bay,CSU Northridge,200,2,13:47:00,827,827,Darius Brown II Turnover.,57,48,9,9,0.9436254635808412,0.8448873853837608,3,4,10,NA,NA,NA,NA,NA,NA,NA,NA,CSU Northridge,Green Bay
401172511,2019-11-25,Green Bay,CSU Northridge,201,2,13:39:00,819,819,Foul on Amari Davis.,57,48,9,8,0.9438655860461248,0.8458405856608685,3,4,10,NA,NA,NA,NA,NA,NA,NA,NA,Green Bay,CSU Northridge
401172511,2019-11-25,Green Bay,CSU Northridge,202,2,13:39:00,819,819,Amari Davis Turnover.,57,48,9,0,0.9438655860461248,0.8458405856608685,3,4,10,NA,NA,NA,NA,NA,NA,NA,NA,Green Bay,CSU Northridge
401172511,2019-11-25,Green Bay,CSU Northridge,203,2,13:20:00,800,800,Foul on JayQuan McCloud.,57,48,9,19,0.944486791845275,0.8482451151537173,3,4,10,NA,NA,NA,NA,NA,NA,NA,NA,CSU Northridge,CSU Northridge
401172511,2019-11-25,Green Bay,CSU Northridge,204,2,13:11:00,791,791,Lance Coleman II made Three Point Jumper. Assisted by Elijah Harkless.,57,51,6,9,0.9058001137944977,0.7601694941441172,3,4,10,NA,NA,CSU Northridge,made,Lance Coleman II,Elijah Harkless,TRUE,FALSE,CSU Northridge,Green Bay
401172511,2019-11-25,Green Bay,CSU Northridge,205,2,12:59:00,779,779,Foul on JayQuan McCloud.,57,51,6,12,0.9061779063804176,0.7618090267051782,3,4,10,NA,NA,NA,NA,NA,NA,NA,NA,Green Bay,CSU Northridge
401172511,2019-11-25,Green Bay,CSU Northridge,206,2,12:59:00,779,779,JayQuan McCloud Turnover.,57,51,6,0,0.9061779063804176,0.7618090267051782,3,4,10,NA,NA,NA,NA,NA,NA,NA,NA,Green Bay,CSU Northridge
401172511,2019-11-25,Green Bay,CSU Northridge,207,2,12:41:00,761,761,Terrell Gomez missed Three Point Jumper.,57,51,6,18,0.906827801425196,0.7645006149142936,3,4,10,NA,NA,CSU Northridge,missed,Terrell Gomez,NA,TRUE,FALSE,CSU Northridge,CSU Northridge
401172511,2019-11-25,Green Bay,CSU Northridge,208,2,12:37:00,757,757,Lance Coleman II Offensive Rebound.,57,51,6,4,0.906987048701572,0.765140325813297,3,4,10,NA,NA,NA,NA,NA,NA,NA,NA,CSU Northridge,CSU Northridge
401172511,2019-11-25,Green Bay,CSU Northridge,209,2,12:27:00,747,747,Terrell Gomez missed Jumper.,57,51,6,10,0.9074105899591708,0.7668111295034987,3,4,10,NA,NA,CSU Northridge,missed,Terrell Gomez,NA,FALSE,FALSE,CSU Northridge,CSU Northridge
401172511,2019-11-25,Green Bay,CSU Northridge,210,2,12:22:00,742,742,Lance Coleman II Offensive Rebound.,57,51,6,5,0.9076365459312792,0.7676864991652175,3,4,10,NA,NA,NA,NA,NA,NA,NA,NA,CSU Northridge,CSU Northridge
401172511,2019-11-25,Green Bay,CSU Northridge,211,2,12:21:00,741,741,Lance Coleman II Turnover.,57,51,6,1,0.9076829093540414,0.7678648793257095,3,4,10,NA,NA,NA,NA,NA,NA,NA,NA,CSU Northridge,Green Bay
401172511,2019-11-25,Green Bay,CSU Northridge,212,2,12:21:00,741,741,Kameron Hankerson Steal.,57,51,6,0,0.9076829093540414,0.7678648793257095,3,4,10,NA,NA,NA,NA,NA,NA,NA,NA,CSU Northridge,Green Bay
401172511,2019-11-25,Green Bay,CSU Northridge,213,2,12:19:00,739,739,Foul on Ron Artest III.,57,51,6,2,0.9077768267890636,0.7682249991656508,3,4,10,NA,NA,NA,NA,NA,NA,NA,NA,Green Bay,Green Bay
401172511,2019-11-25,Green Bay,CSU Northridge,214,2,12:10:00,730,730,Amari Davis made Layup.,59,51,8,9,0.9367115921834536,0.833459401432868,3,4,10,NA,NA,Green Bay,made,Amari Davis,NA,FALSE,FALSE,Green Bay,CSU Northridge
401172511,2019-11-25,Green Bay,CSU Northridge,215,2,12:00:00,720,720,Brendan Harrick missed Three Point Jumper.,59,51,8,10,0.9372575222393996,0.8353765515716539,3,4,10,NA,NA,CSU Northridge,missed,Brendan Harrick,NA,TRUE,FALSE,CSU Northridge,CSU Northridge
401172511,2019-11-25,Green Bay,CSU Northridge,216,2,11:55:00,715,715,Brendan Harrick Offensive Rebound.,59,51,8,5,0.9375092445995068,0.8362768630570487,3,4,10,NA,NA,NA,NA,NA,NA,NA,NA,CSU Northridge,CSU Northridge
401172511,2019-11-25,Green Bay,CSU Northridge,217,2,11:54:00,714,714,Brendan Harrick missed Layup.,59,51,8,1,0.9375580530066666,0.8364527104810843,3,4,10,NA,NA,CSU Northridge,missed,Brendan Harrick,NA,FALSE,FALSE,CSU Northridge,Green Bay
401172511,2019-11-25,Green Bay,CSU Northridge,218,2,11:50:00,710,710,Amari Davis Defensive Rebound.,59,51,8,4,0.9377485001886386,0.8371429615388288,3,4,10,NA,NA,NA,NA,NA,NA,NA,NA,CSU Northridge,Green Bay
401172511,2019-11-25,Green Bay,CSU Northridge,219,2,11:50:00,710,710,Amari Davis Turnover.,59,51,8,0,0.9377485001886386,0.8371429615388288,3,4,10,NA,NA,NA,NA,NA,NA,NA,NA,Green Bay,CSU Northridge
401172511,2019-11-25,Green Bay,CSU Northridge,220,2,11:29:00,689,689,Ron Artest III Turnover.,59,51,8,21,0.9386448875521308,0.840482299998477,3,4,10,NA,NA,NA,NA,NA,NA,NA,NA,CSU Northridge,Green Bay
401172511,2019-11-25,Green Bay,CSU Northridge,221,2,11:12:00,672,672,Trevian Bell missed Three Point Jumper.,59,51,8,17,0.9392859270897812,0.842951298341441,3,4,10,NA,NA,Green Bay,missed,Trevian Bell,NA,TRUE,FALSE,Green Bay,CSU Northridge
401172511,2019-11-25,Green Bay,CSU Northridge,222,2,11:07:00,667,667,Ron Artest III Defensive Rebound.,59,51,8,5,0.9394672752517412,0.84365702570946,3,4,10,NA,NA,NA,NA,NA,NA,NA,NA,Green Bay,CSU Northridge
401172511,2019-11-25,Green Bay,CSU Northridge,223,2,11:00:00,660,660,Elijah Harkless made Layup.,59,53,6,7,0.910786747364302,0.7807202919272793,3,4,10,NA,NA,CSU Northridge,made,Elijah Harkless,NA,FALSE,FALSE,CSU Northridge,Green Bay
401172511,2019-11-25,Green Bay,CSU Northridge,224,2,10:53:00,653,653,Will Chevalier Turnover.,59,53,6,7,0.910996970006486,0.7816823605676506,3,4,10,NA,NA,NA,NA,NA,NA,NA,NA,Green Bay,CSU Northridge
401172511,2019-11-25,Green Bay,CSU Northridge,225,2,10:53:00,653,653,Darius Brown II Steal.,59,53,6,0,0.910996970006486,0.7816823605676506,3,4,10,NA,NA,NA,NA,NA,NA,NA,NA,Green Bay,CSU Northridge
401172511,2019-11-25,Green Bay,CSU Northridge,226,2,10:43:00,643,643,Lance Coleman II made Three Point Jumper. Assisted by Darius Brown II.,59,56,3,10,0.8439387310673135,0.6551693337644995,3,4,10,NA,NA,CSU Northridge,made,Lance Coleman II,Darius Brown II,TRUE,FALSE,CSU Northridge,Green Bay
401172511,2019-11-25,Green Bay,CSU Northridge,227,2,10:37:00,637,637,Will Chevalier missed Layup.,59,56,3,6,0.8439202856973697,0.655738307039938,3,4,10,NA,NA,Green Bay,missed,Will Chevalier,NA,FALSE,FALSE,Green Bay,CSU Northridge
401172511,2019-11-25,Green Bay,CSU Northridge,228,2,10:35:00,635,635,Elijah Harkless Defensive Rebound.,59,56,3,2,0.8439151449491106,0.6559310080373956,3,4,10,NA,NA,NA,NA,NA,NA,NA,NA,Green Bay,CSU Northridge
401172511,2019-11-25,Green Bay,CSU Northridge,229,2,10:33:00,633,633,Foul on Trevian Bell.,59,56,3,2,0.8439105838717567,0.6561254273862219,3,4,10,NA,NA,NA,NA,NA,NA,NA,NA,CSU Northridge,CSU Northridge
401172511,2019-11-25,Green Bay,CSU Northridge,230,2,10:33:00,633,633,Elijah Harkless made Free Throw.,59,57,2,0,0.8134005290710895,0.6060447879572949,3,4,10,NA,NA,CSU Northridge,made,Elijah Harkless,NA,FALSE,TRUE,CSU Northridge,CSU Northridge
401172511,2019-11-25,Green Bay,CSU Northridge,231,2,10:33:00,633,633,Elijah Harkless made Free Throw.,59,58,1,0,0.7784921466576895,0.5536324570128203,3,4,10,NA,NA,CSU Northridge,made,Elijah Harkless,NA,FALSE,TRUE,CSU Northridge,Green Bay
401172511,2019-11-25,Green Bay,CSU Northridge,232,2,10:21:00,621,621,Kameron Hankerson missed Jumper.,59,58,1,12,0.7778583155197436,0.5540742543098134,3,4,10,NA,NA,Green Bay,missed,Kameron Hankerson,NA,FALSE,FALSE,Green Bay,CSU Northridge
401172511,2019-11-25,Green Bay,CSU Northridge,233,2,10:18:00,618,618,Ron Artest III Defensive Rebound.,59,58,1,3,0.7776988103395056,0.5541896712901916,3,4,10,NA,NA,NA,NA,NA,NA,NA,NA,Green Bay,CSU Northridge
401172511,2019-11-25,Green Bay,CSU Northridge,234,2,10:02:00,602,602,Elijah Harkless Turnover.,59,58,1,16,0.7768407518189699,0.5548473189397245,3,4,10,NA,NA,NA,NA,NA,NA,NA,NA,CSU Northridge,Green Bay
401172511,2019-11-25,Green Bay,CSU Northridge,235,2,10:02:00,602,602,PJ Pipes Steal.,59,58,1,0,0.7768407518189699,0.5548473189397245,3,4,10,NA,NA,NA,NA,NA,NA,NA,NA,CSU Northridge,Green Bay
401172511,2019-11-25,Green Bay,CSU Northridge,236,2,09:59:00,599,599,Foul on Terrell Gomez.,59,58,1,3,0.776678446443795,0.5549796541302972,3,4,10,NA,NA,NA,NA,NA,NA,NA,NA,Green Bay,Green Bay
401172511,2019-11-25,Green Bay,CSU Northridge,237,2,09:59:00,599,599,PJ Pipes made Free Throw.,60,58,2,0,0.8126352636106984,0.6086456681124041,3,4,10,NA,NA,Green Bay,made,PJ Pipes,NA,FALSE,TRUE,Green Bay,Green Bay
401172511,2019-11-25,Green Bay,CSU Northridge,238,2,09:59:00,599,599,PJ Pipes made Free Throw.,61,58,3,0,0.843965785870747,0.6598070203416747,3,4,10,NA,NA,Green Bay,made,PJ Pipes,NA,FALSE,TRUE,Green Bay,CSU Northridge
401172511,2019-11-25,Green Bay,CSU Northridge,239,2,09:44:00,584,584,Lance Coleman II Turnover.,61,58,3,15,0.8441052583298151,0.6617478884526721,3,4,10,NA,NA,NA,NA,NA,NA,NA,NA,CSU Northridge,Green Bay
401172511,2019-11-25,Green Bay,CSU Northridge,240,2,09:25:00,565,565,Foul on Kameron Hankerson.,61,58,3,19,0.8444242953029821,0.6645889344419768,3,4,10,NA,NA,NA,NA,NA,NA,NA,NA,Green Bay,CSU Northridge
401172511,2019-11-25,Green Bay,CSU Northridge,241,2,09:25:00,565,565,Kameron Hankerson Turnover.,61,58,3,0,0.8444242953029821,0.6645889344419768,3,4,10,NA,NA,NA,NA,NA,NA,NA,NA,Green Bay,CSU Northridge
401172511,2019-11-25,Green Bay,CSU Northridge,242,2,09:12:00,552,552,Foul on Elijah Harkless.,61,58,3,13,0.8447523233694528,0.6668244142873493,3,4,10,NA,NA,NA,NA,NA,NA,NA,NA,Green Bay,Green Bay
401172511,2019-11-25,Green Bay,CSU Northridge,243,2,09:12:00,552,552,Elijah Harkless Turnover.,61,58,3,0,0.8447523233694528,0.6668244142873493,3,4,10,NA,NA,NA,NA,NA,NA,NA,NA,CSU Northridge,Green Bay
401172511,2019-11-25,Green Bay,CSU Northridge,244,2,08:58:00,538,538,JayQuan McCloud missed Three Point Jumper.,61,58,3,14,0.8451046383286023,0.6692576452445524,3,4,10,NA,NA,Green Bay,missed,JayQuan McCloud,NA,TRUE,FALSE,Green Bay,CSU Northridge
401172511,2019-11-25,Green Bay,CSU Northridge,245,2,08:54:00,534,534,Terrell Gomez Defensive Rebound.,61,58,3,4,0.8451750147759859,0.6698856403773731,3,4,10,NA,NA,NA,NA,NA,NA,NA,NA,Green Bay,CSU Northridge
401172511,2019-11-25,Green Bay,CSU Northridge,246,2,08:52:00,532,532,Darius Brown II made Layup. Assisted by Terrell Gomez.,61,60,1,2,0.7729049810422965,0.5588135863244916,3,4,10,NA,NA,CSU Northridge,made,Darius Brown II,Terrell Gomez,FALSE,FALSE,CSU Northridge,Green Bay
401172511,2019-11-25,Green Bay,CSU Northridge,247,2,08:37:00,517,517,Foul on Ron Artest III.,61,60,1,15,0.7719899498549054,0.5596067462628168,3,4,10,NA,NA,NA,NA,NA,NA,NA,NA,Green Bay,Green Bay
401172511,2019-11-25,Green Bay,CSU Northridge,248,2,08:37:00,517,517,Josh McNair missed Free Throw.,61,60,1,0,0.7719899498549054,0.5596067462628168,3,4,10,NA,NA,Green Bay,missed,Josh McNair,NA,FALSE,TRUE,Green Bay,Green Bay
401172511,2019-11-25,Green Bay,CSU Northridge,249,2,08:37:00,517,517,Green Bay Offensive Rebound.,61,60,1,0,0.7719899498549054,0.5596067462628168,3,4,10,NA,NA,NA,NA,NA,NA,NA,NA,Green Bay,Green Bay
401172511,2019-11-25,Green Bay,CSU Northridge,250,2,08:37:00,517,517,Josh McNair made Free Throw.,62,60,2,0,0.811402334533129,0.6175429884065371,3,4,10,NA,NA,Green Bay,made,Josh McNair,NA,FALSE,TRUE,Green Bay,CSU Northridge
401172511,2019-11-25,Green Bay,CSU Northridge,251,2,08:16:00,496,496,Lance Coleman II made Three Point Jumper. Assisted by Terrell Gomez.,62,63,-1,21,0.6736093287454403,0.4393559814022911,3,4,10,NA,NA,CSU Northridge,made,Lance Coleman II,Terrell Gomez,TRUE,FALSE,CSU Northridge,Green Bay
401172511,2019-11-25,Green Bay,CSU Northridge,252,2,08:01:00,481,481,JayQuan McCloud made Jumper.,64,63,1,15,0.7697165856367776,0.5614212202311549,3,4,10,NA,NA,Green Bay,made,JayQuan McCloud,NA,FALSE,FALSE,Green Bay,CSU Northridge
401172511,2019-11-25,Green Bay,CSU Northridge,253,2,07:40:00,460,460,Darius Brown II made Layup.,64,65,-1,21,0.6670680336986211,0.4373016055358058,3,4,10,NA,NA,CSU Northridge,made,Darius Brown II,NA,FALSE,FALSE,CSU Northridge,Green Bay
401172511,2019-11-25,Green Bay,CSU Northridge,254,2,07:30:00,450,450,Foul on Darius Brown II.,64,65,-1,10,0.6649615232690543,0.4365702327652665,3,4,10,NA,NA,NA,NA,NA,NA,NA,NA,Green Bay,Green Bay
401172511,2019-11-25,Green Bay,CSU Northridge,255,2,07:30:00,450,450,Official TV Timeout,64,65,-1,0,0.6649615232690543,0.4365702327652665,3,4,10,NA,NA,NA,NA,NA,NA,NA,NA,Green Bay,Green Bay
401172511,2019-11-25,Green Bay,CSU Northridge,256,2,07:30:00,450,450,Amari Davis made Free Throw.,65,65,0,0,0.7192162394271554,0.5,3,4,10,NA,NA,Green Bay,made,Amari Davis,NA,FALSE,TRUE,Green Bay,Green Bay
401172511,2019-11-25,Green Bay,CSU Northridge,257,2,07:30:00,450,450,Amari Davis made Free Throw.,66,65,1,0,0.7677537213538014,0.5634297672347335,3,4,10,NA,NA,Green Bay,made,Amari Davis,NA,FALSE,TRUE,Green Bay,CSU Northridge
401172511,2019-11-25,Green Bay,CSU Northridge,258,2,07:00:00,420,420,Darius Brown II made Jumper. Assisted by Terrell Gomez.,66,67,-1,30,0.6575216259258833,0.4337783267700424,3,4,10,NA,NA,CSU Northridge,made,Darius Brown II,Terrell Gomez,FALSE,FALSE,CSU Northridge,Green Bay
401172511,2019-11-25,Green Bay,CSU Northridge,259,2,06:47:00,407,407,Amari Davis made Jumper. Assisted by PJ Pipes.,68,67,1,13,0.7648936217035188,0.5674291268188099,3,4,10,NA,NA,Green Bay,made,Amari Davis,PJ Pipes,FALSE,FALSE,Green Bay,CSU Northridge
401172511,2019-11-25,Green Bay,CSU Northridge,260,2,06:43:00,403,403,Foul on Josh McNair.,68,67,1,4,0.7645657849816542,0.5677892463335633,3,4,10,NA,NA,NA,NA,NA,NA,NA,NA,CSU Northridge,CSU Northridge
401172511,2019-11-25,Green Bay,CSU Northridge,261,2,06:43:00,403,403,Darius Brown II made Free Throw.,68,68,0,0,0.7119840315537305,0.5,3,4,10,NA,NA,CSU Northridge,made,Darius Brown II,NA,FALSE,TRUE,CSU Northridge,CSU Northridge
401172511,2019-11-25,Green Bay,CSU Northridge,262,2,06:43:00,403,403,Darius Brown II made Free Throw.,68,69,-1,0,0.652988722470096,0.4322107536664367,3,4,10,NA,NA,CSU Northridge,made,Darius Brown II,NA,FALSE,TRUE,CSU Northridge,Green Bay
401172511,2019-11-25,Green Bay,CSU Northridge,263,2,06:24:00,384,384,Cody Schwartz missed Layup.,68,69,-1,19,0.6477251228622501,0.4305085670673596,3,4,10,NA,NA,Green Bay,missed,Cody Schwartz,NA,FALSE,FALSE,Green Bay,CSU Northridge
401172511,2019-11-25,Green Bay,CSU Northridge,264,2,06:24:00,384,384,Ron Artest III Block.,68,69,-1,0,0.6477251228622501,0.4305085670673596,3,4,10,NA,NA,NA,NA,NA,NA,NA,NA,Green Bay,CSU Northridge
401172511,2019-11-25,Green Bay,CSU Northridge,265,2,06:19:00,379,379,Darius Brown II Defensive Rebound.,68,69,-1,5,0.646286616557774,0.43004908963729943,3,4,10,NA,NA,NA,NA,NA,NA,NA,NA,Green Bay,CSU Northridge
401172511,2019-11-25,Green Bay,CSU Northridge,266,2,06:17:00,377,377,Darius Brown II made Layup.,68,71,-3,2,0.5088445680042658,0.30001277241869007,3,4,10,NA,NA,CSU Northridge,made,Darius Brown II,NA,FALSE,FALSE,CSU Northridge,Green Bay
401172511,2019-11-25,Green Bay,CSU Northridge,267,2,06:05:00,365,365,Foul on Darius Brown II.,68,71,-3,12,0.5025362340278516,0.29702043255506244,3,4,10,NA,NA,NA,NA,NA,NA,NA,NA,Green Bay,Green Bay
401172511,2019-11-25,Green Bay,CSU Northridge,268,2,06:05:00,365,365,Amari Davis made Free Throw.,69,71,-2,0,0.5737873982202664,0.36023340119533676,3,4,10,NA,NA,Green Bay,made,Amari Davis,NA,FALSE,TRUE,Green Bay,Green Bay
401172511,2019-11-25,Green Bay,CSU Northridge,269,2,06:05:00,365,365,Amari Davis made Free Throw.,70,71,-1,0,0.6421013440378668,0.4286954594788675,3,4,10,NA,NA,Green Bay,made,Amari Davis,NA,FALSE,TRUE,Green Bay,CSU Northridge
401172511,2019-11-25,Green Bay,CSU Northridge,270,2,05:45:00,345,345,Terrell Gomez made Three Point Jumper. Assisted by Lance Coleman II.,70,74,-4,20,0.417685813827671,0.2341754087450724,3,4,10,NA,NA,CSU Northridge,made,Terrell Gomez,Lance Coleman II,TRUE,FALSE,CSU Northridge,Green Bay
401172511,2019-11-25,Green Bay,CSU Northridge,271,2,05:35:00,335,335,PJ Pipes missed Layup.,70,74,-4,10,0.41018331628277455,0.2304284231640955,3,4,10,NA,NA,Green Bay,missed,PJ Pipes,NA,FALSE,FALSE,Green Bay,CSU Northridge
401172511,2019-11-25,Green Bay,CSU Northridge,272,2,05:31:00,331,331,Brendan Harrick Defensive Rebound.,70,74,-4,4,0.40701431983043346,0.2288226283474187,3,4,10,NA,NA,NA,NA,NA,NA,NA,NA,Green Bay,CSU Northridge
401172511,2019-11-25,Green Bay,CSU Northridge,273,2,05:16:00,316,316,Foul on Ron Artest III.,70,74,-4,15,0.39416550208928214,0.2221823816343968,3,4,10,NA,NA,NA,NA,NA,NA,NA,NA,Green Bay,Green Bay
401172511,2019-11-25,Green Bay,CSU Northridge,274,2,05:16:00,316,316,Ron Artest III Turnover.,70,74,-4,0,0.39416550208928214,0.2221823816343968,3,4,10,NA,NA,NA,NA,NA,NA,NA,NA,CSU Northridge,Green Bay
401172511,2019-11-25,Green Bay,CSU Northridge,275,2,05:05:00,305,305,JayQuan McCloud made Three Point Jumper. Assisted by PJ Pipes.,73,74,-1,11,0.6202893392205335,0.42050001668726006,3,4,10,NA,NA,Green Bay,made,JayQuan McCloud,PJ Pipes,TRUE,FALSE,Green Bay,CSU Northridge
401172511,2019-11-25,Green Bay,CSU Northridge,276,2,04:49:00,289,289,Terrell Gomez made Jumper.,73,76,-3,16,0.4551620867905172,0.27397481945982105,3,4,10,NA,NA,CSU Northridge,made,Terrell Gomez,NA,FALSE,FALSE,CSU Northridge,Green Bay
401172511,2019-11-25,Green Bay,CSU Northridge,277,2,04:42:00,282,282,CSU Northridge  Timeout,73,76,-3,7,0.4536466813184277,0.27421242656238853,2,4,10,NA,NA,NA,NA,NA,NA,NA,NA,Green Bay,Green Bay
401172511,2019-11-25,Green Bay,CSU Northridge,278,2,04:27:00,267,267,Amari Davis missed Layup.,73,76,-3,15,0.4523100469870812,0.2762783477895308,2,4,10,NA,NA,Green Bay,missed,Amari Davis,NA,FALSE,FALSE,Green Bay,Green Bay
401172511,2019-11-25,Green Bay,CSU Northridge,279,2,04:23:00,263,263,Amari Davis Offensive Rebound.,73,76,-3,4,0.452161961484262,0.27700881454687104,2,4,10,NA,NA,NA,NA,NA,NA,NA,NA,Green Bay,Green Bay
401172511,2019-11-25,Green Bay,CSU Northridge,280,2,04:23:00,263,263,Amari Davis made Layup.,75,76,-1,0,0.610074617591266,0.42072873866590826,2,4,10,NA,NA,Green Bay,made,Amari Davis,NA,FALSE,FALSE,Green Bay,CSU Northridge
401172511,2019-11-25,Green Bay,CSU Northridge,281,2,04:00:00,240,240,Ron Artest III missed Jumper.,75,76,-1,23,0.6053683242547927,0.42205159872083775,2,4,10,NA,NA,CSU Northridge,missed,Ron Artest III,NA,FALSE,FALSE,CSU Northridge,Green Bay
401172511,2019-11-25,Green Bay,CSU Northridge,282,2,03:57:00,237,237,Cody Schwartz Defensive Rebound.,75,76,-1,3,0.6045905139082073,0.42208874949091946,2,4,10,NA,NA,NA,NA,NA,NA,NA,NA,CSU Northridge,Green Bay
401172511,2019-11-25,Green Bay,CSU Northridge,283,2,03:53:00,233,233,JayQuan McCloud made Layup.,77,76,1,4,0.7404992795704236,0.5779417012854748,2,4,10,NA,NA,Green Bay,made,JayQuan McCloud,NA,FALSE,FALSE,Green Bay,CSU Northridge
401172511,2019-11-25,Green Bay,CSU Northridge,284,2,03:27:00,207,207,Foul on JayQuan McCloud.,77,76,1,26,0.737043526834422,0.5813248282811733,2,4,10,NA,NA,NA,NA,NA,NA,NA,NA,CSU Northridge,CSU Northridge
401172511,2019-11-25,Green Bay,CSU Northridge,285,2,03:27:00,207,207,Brendan Harrick made Free Throw.,77,77,0,0,0.6687294421099726,0.5,2,4,10,NA,NA,CSU Northridge,made,Brendan Harrick,NA,FALSE,TRUE,CSU Northridge,CSU Northridge
401172511,2019-11-25,Green Bay,CSU Northridge,286,2,03:27:00,207,207,Brendan Harrick missed Free Throw.,77,77,0,0,0.6687294421099726,0.5,2,4,10,NA,NA,CSU Northridge,missed,Brendan Harrick,NA,FALSE,TRUE,CSU Northridge,Green Bay
401172511,2019-11-25,Green Bay,CSU Northridge,287,2,03:27:00,207,207,Kameron Hankerson Defensive Rebound.,77,77,0,0,0.6687294421099726,0.5,2,4,10,NA,NA,NA,NA,NA,NA,NA,NA,CSU Northridge,Green Bay
401172511,2019-11-25,Green Bay,CSU Northridge,288,2,03:07:00,187,187,Foul on Lance Coleman II.,77,77,0,20,0.6626567569950987,0.5,2,4,10,NA,NA,NA,NA,NA,NA,NA,NA,Green Bay,Green Bay
401172511,2019-11-25,Green Bay,CSU Northridge,289,2,03:07:00,187,187,JayQuan McCloud made Free Throw.,78,77,1,0,0.7381187175066765,0.5892963252820602,2,4,10,NA,NA,Green Bay,made,JayQuan McCloud,NA,FALSE,TRUE,Green Bay,Green Bay
401172511,2019-11-25,Green Bay,CSU Northridge,290,2,03:07:00,187,187,JayQuan McCloud missed Free Throw.,78,77,1,0,0.7381187175066765,0.5892963252820602,2,4,10,NA,NA,Green Bay,missed,JayQuan McCloud,NA,FALSE,TRUE,Green Bay,Green Bay
401172511,2019-11-25,Green Bay,CSU Northridge,291,2,03:07:00,187,187,Green Bay Offensive Rebound.,78,77,1,0,0.7381187175066765,0.5892963252820602,2,4,10,NA,NA,NA,NA,NA,NA,NA,NA,Green Bay,Green Bay
401172511,2019-11-25,Green Bay,CSU Northridge,292,2,03:07:00,187,187,JayQuan McCloud made Free Throw.,79,77,2,0,0.8017504139509257,0.6730724469188415,2,4,10,NA,NA,Green Bay,made,JayQuan McCloud,NA,FALSE,TRUE,Green Bay,CSU Northridge
401172511,2019-11-25,Green Bay,CSU Northridge,293,2,02:40:00,160,160,Foul on PJ Pipes.,79,77,2,27,0.8138948771761734,0.6984214274071798,2,4,10,NA,NA,NA,NA,NA,NA,NA,NA,CSU Northridge,CSU Northridge
401172511,2019-11-25,Green Bay,CSU Northridge,294,2,02:40:00,160,160,Terrell Gomez made Free Throw.,79,78,1,0,0.7418532977780109,0.6034583749082761,2,4,10,NA,NA,CSU Northridge,made,Terrell Gomez,NA,FALSE,TRUE,CSU Northridge,CSU Northridge
401172511,2019-11-25,Green Bay,CSU Northridge,295,2,02:40:00,160,160,Terrell Gomez made Free Throw.,79,79,0,0,0.6537870020207692,0.5,2,4,10,NA,NA,CSU Northridge,made,Terrell Gomez,NA,FALSE,TRUE,CSU Northridge,Green Bay
401172511,2019-11-25,Green Bay,CSU Northridge,296,2,02:24:00,144,144,JayQuan McCloud missed Jumper.,79,79,0,16,0.6482313706582701,0.5,2,4,10,NA,NA,Green Bay,missed,JayQuan McCloud,NA,FALSE,FALSE,Green Bay,CSU Northridge
401172511,2019-11-25,Green Bay,CSU Northridge,297,2,02:19:00,139,139,Lance Coleman II Defensive Rebound.,79,79,0,5,0.646442955246703,0.5,2,4,10,NA,NA,NA,NA,NA,NA,NA,NA,Green Bay,CSU Northridge
401172511,2019-11-25,Green Bay,CSU Northridge,298,2,01:59:00,119,119,Terrell Gomez made Jumper.,79,81,-2,20,0.37801565777290946,0.2555815055211795,2,4,10,NA,NA,CSU Northridge,made,Terrell Gomez,NA,FALSE,FALSE,CSU Northridge,Green Bay
401172511,2019-11-25,Green Bay,CSU Northridge,299,2,01:43:00,103,103,PJ Pipes made Three Point Jumper. Assisted by Cody Schwartz.,82,81,1,16,0.7572813861552111,0.644267487194147,2,4,10,NA,NA,Green Bay,made,PJ Pipes,Cody Schwartz,TRUE,FALSE,Green Bay,CSU Northridge
401172511,2019-11-25,Green Bay,CSU Northridge,300,2,01:41:00,101,101,Green Bay  Timeout,82,81,1,2,0.7581433751843987,0.646140438301703,2,3,10,NA,NA,NA,NA,NA,NA,NA,NA,CSU Northridge,CSU Northridge
401172511,2019-11-25,Green Bay,CSU Northridge,301,2,01:24:00,84,84,Terrell Gomez made Three Point Jumper.,82,84,-2,17,0.30067003204943404,0.20518446506384777,2,3,10,NA,NA,CSU Northridge,made,Terrell Gomez,NA,TRUE,FALSE,CSU Northridge,Green Bay
401172511,2019-11-25,Green Bay,CSU Northridge,302,2,00:57:00,57,57,Kameron Hankerson made Three Point Jumper. Assisted by PJ Pipes.,85,84,1,27,0.78115387687531,0.6927255802171515,2,3,10,NA,NA,Green Bay,made,Kameron Hankerson,PJ Pipes,TRUE,FALSE,Green Bay,CSU Northridge
401172511,2019-11-25,Green Bay,CSU Northridge,303,2,00:34:00,34,34,Lance Coleman II Turnover.,85,84,1,23,0.7958067585293218,0.7203915297815288,2,3,10,NA,NA,NA,NA,NA,NA,NA,NA,CSU Northridge,Green Bay
401172511,2019-11-25,Green Bay,CSU Northridge,304,2,00:34:00,34,34,Kameron Hankerson Steal.,85,84,1,0,0.7958067585293218,0.7203915297815288,2,3,10,NA,NA,NA,NA,NA,NA,NA,NA,CSU Northridge,Green Bay
401172511,2019-11-25,Green Bay,CSU Northridge,305,2,00:03:00,3,3,Green Bay  Turnover.,85,84,1,31,0.8179719297670519,0.7602658201596585,2,3,10,NA,NA,NA,NA,NA,NA,NA,NA,Green Bay,CSU Northridge
401172511,2019-11-25,Green Bay,CSU Northridge,306,2,00:03:00,3,3,CSU Northridge  Timeout,85,84,1,0,0.8179719297670519,0.7602658201596585,1,3,10,NA,NA,NA,NA,NA,NA,NA,NA,Green Bay,CSU Northridge
401172511,2019-11-25,Green Bay,CSU Northridge,307,2,00:01:00,1,1,Lance Coleman II missed Three Point Jumper.,85,84,1,2,0.8194875278677382,0.762914625658515,1,3,10,NA,NA,CSU Northridge,missed,Lance Coleman II,NA,TRUE,FALSE,CSU Northridge,Green Bay
401172511,2019-11-25,Green Bay,CSU Northridge,308,2,00:00:00,0,0,Green Bay Defensive Rebound.,85,84,1,1,0.9999999985390128,0.9999999979388464,1,3,10,NA,NA,NA,NA,NA,NA,NA,NA,CSU Northridge,Green Bay
401172511,2019-11-25,Green Bay,CSU Northridge,309,2,00:00:00,0,0,End of 2nd half,85,84,1,0,0.9999999985390128,0.9999999979388464,1,3,10,NA,NA,NA,NA,NA,NA,NA,NA,Green Bay,NA
401172511,2019-11-25,Green Bay,CSU Northridge,310,2,00:00:00,0,0,End of Game,85,84,1,0,0.9999999985390128,0.9999999979388464,1,3,10,NA,NA,NA,NA,NA,NA,NA,NA,Green Bay,NA
