play_id,half,time_remaining_half,secs_remaining,secs_remaining_absolute,description,home_score,away_score,score_diff,play_length,win_prob,naive_win_prob,home,away,home_time_out_remaining,away_time_out_remaining,home_favored_by,game_id,date
1,1,20:00,2400,2700,PLAY,0,0,0,16,0.5,0.5,SE Louisiana,Louisiana Tech,6,6,NA,313342545,2011-11-30
2,1,19:44,2384,2684,Roosevelt Johnson made Jumper.,2,0,2,23,0.5443630098696349,0.5443630098696349,SE Louisiana,Louisiana Tech,6,6,NA,313342545,2011-11-30
3,1,19:21,2361,2661,Foul on Jan Petrovcic,2,0,2,0,0.5448535841976563,0.5448535841976563,SE Louisiana,Louisiana Tech,6,6,NA,313342545,2011-11-30
4,1,19:21,2361,2661,Romario Souza made Free Throw.,2,1,1,0,0.5224720937701899,0.5224720937701899,SE Louisiana,Louisiana Tech,6,6,NA,313342545,2011-11-30
5,1,19:21,2361,2661,Romario Souza missed Free Throw.,2,1,1,0,0.5224720937701899,0.5224720937701899,SE Louisiana,Louisiana Tech,6,6,NA,313342545,2011-11-30
6,1,19:21,2361,2661,Roosevelt Johnson Defensive Rebound.,2,1,1,17,0.5224720937701899,0.5224720937701899,SE Louisiana,Louisiana Tech,6,6,NA,313342545,2011-11-30
7,1,19:04,2344,2644,Jeremy Campbell missed Jumper.,2,1,1,0,0.522656821997175,0.522656821997175,SE Louisiana,Louisiana Tech,6,6,NA,313342545,2011-11-30
8,1,19:04,2344,2644,Romario Souza Defensive Rebound.,2,1,1,15,0.522656821997175,0.522656821997175,SE Louisiana,Louisiana Tech,6,6,NA,313342545,2011-11-30
9,1,18:49,2329,2629,J.L. Lewis made Jumper.,2,3,-1,24,0.47717864708090213,0.47717864708090213,SE Louisiana,Louisiana Tech,6,6,NA,313342545,2011-11-30
10,1,18:25,2305,2605,Brandon Fortenberry made Layup.  Assisted by Jan Petrovcic.,4,3,1,17,0.5230873662555565,0.5230873662555565,SE Louisiana,Louisiana Tech,6,6,NA,313342545,2011-11-30
11,1,18:08,2288,2588,Kenyon McNeaill Turnover.,4,3,1,1,0.5232776790827,0.5232776790827,SE Louisiana,Louisiana Tech,6,6,NA,313342545,2011-11-30
12,1,18:07,2287,2587,Jan Petrovcic Steal.,4,3,1,6,0.5232889193593527,0.5232889193593527,SE Louisiana,Louisiana Tech,6,6,NA,313342545,2011-11-30
13,1,18:01,2281,2581,Foul on Kenyon McNeaill,4,3,1,0,0.5233564625369095,0.5233564625369095,SE Louisiana,Louisiana Tech,6,6,NA,313342545,2011-11-30
14,1,18:01,2281,2581,Daron Populist made Free Throw.,5,3,2,0,0.5466112148644995,0.5466112148644995,SE Louisiana,Louisiana Tech,6,6,NA,313342545,2011-11-30
15,1,18:01,2281,2581,Daron Populist made Free Throw.,6,3,3,16,0.5696643107585301,0.5696643107585301,SE Louisiana,Louisiana Tech,6,6,NA,313342545,2011-11-30
16,1,17:45,2265,2565,Kenyon McNeaill made Three Point Jumper.  Assisted by Cordarius Johnson.,6,6,0,22,0.5,0.5,SE Louisiana,Louisiana Tech,6,6,NA,313342545,2011-11-30
17,1,17:23,2243,2543,Roosevelt Johnson made Dunk.  Assisted by Jan Petrovcic.,8,6,2,11,0.5474684508315749,0.5474684508315749,SE Louisiana,Louisiana Tech,6,6,NA,313342545,2011-11-30
18,1,17:12,2232,2532,Kenyon McNeaill Turnover.,8,6,2,1,0.5477186766445648,0.5477186766445648,SE Louisiana,Louisiana Tech,6,6,NA,313342545,2011-11-30
19,1,17:11,2231,2531,Jeremy Campbell Steal.,8,6,2,3,0.5477414654678265,0.5477414654678265,SE Louisiana,Louisiana Tech,6,6,NA,313342545,2011-11-30
20,1,17:08,2228,2528,Brandon Fortenberry made Layup.,10,6,4,30,0.5947533996242493,0.5947533996242493,SE Louisiana,Louisiana Tech,6,6,NA,313342545,2011-11-30
21,1,16:38,2198,2498,J.L. Lewis missed Jumper.,10,6,4,0,0.5960897878572667,0.5960897878572667,SE Louisiana,Louisiana Tech,6,6,NA,313342545,2011-11-30
22,1,16:38,2198,2498,Jan Petrovcic Defensive Rebound.,10,6,4,10,0.5960897878572667,0.5960897878572667,SE Louisiana,Louisiana Tech,6,6,NA,313342545,2011-11-30
23,1,16:28,2188,2488,Brandon Fortenberry made Three Point Jumper.,13,6,7,15,0.6647086981141016,0.6647086981141016,SE Louisiana,Louisiana Tech,6,6,NA,313342545,2011-11-30
24,1,16:13,2173,2473,Romario Souza missed Jumper.,13,6,7,0,0.6657974462538954,0.6657974462538954,SE Louisiana,Louisiana Tech,6,6,NA,313342545,2011-11-30
25,1,16:13,2173,2473,Roosevelt Johnson Defensive Rebound.,13,6,7,12,0.6657974462538954,0.6657974462538954,SE Louisiana,Louisiana Tech,6,6,NA,313342545,2011-11-30
26,1,16:01,2161,2461,Jeremy Campbell made Three Point Jumper.  Assisted by Brandon Fortenberry.,16,6,10,3,0.7291332266121306,0.7291332266121306,SE Louisiana,Louisiana Tech,6,6,NA,313342545,2011-11-30
27,1,15:58,2158,2458,Louisiana Tech Full Timeout.,16,6,10,11,0.7294104668335407,0.7294104668335407,SE Louisiana,Louisiana Tech,6,5,NA,313342545,2011-11-30
28,1,15:47,2147,2447,Michale Kyser missed Jumper.,16,6,10,0,0.7304279111056469,0.7304279111056469,SE Louisiana,Louisiana Tech,6,5,NA,313342545,2011-11-30
29,1,15:47,2147,2447,Louisiana Tech Offensive Rebound.,16,6,10,2,0.7304279111056469,0.7304279111056469,SE Louisiana,Louisiana Tech,6,5,NA,313342545,2011-11-30
30,1,15:45,2145,2445,Official TV Timeout.,16,6,10,18,0.7306130600634273,0.7306130600634273,SE Louisiana,Louisiana Tech,6,5,NA,313342545,2011-11-30
31,1,15:27,2127,2427,Kenyon McNeaill made Layup.,16,8,8,26,0.6910396845908018,0.6910396845908018,SE Louisiana,Louisiana Tech,6,5,NA,313342545,2011-11-30
32,1,15:01,2101,2401,Roosevelt Johnson missed Layup.,16,8,8,0,0.6931493076252296,0.6931493076252296,SE Louisiana,Louisiana Tech,6,5,NA,313342545,2011-11-30
33,1,15:01,2101,2401,Louisiana Tech Defensive Rebound.,16,8,8,14,0.6931493076252296,0.6931493076252296,SE Louisiana,Louisiana Tech,6,5,NA,313342545,2011-11-30
34,1,14:47,2087,2387,Foul on Quin Cooper,16,8,8,4,0.6942911729911733,0.6942911729911733,SE Louisiana,Louisiana Tech,6,5,NA,313342545,2011-11-30
35,1,14:43,2083,2383,Michale Kyser missed Jumper.,16,8,8,0,0.6946182326113824,0.6946182326113824,SE Louisiana,Louisiana Tech,6,5,NA,313342545,2011-11-30
36,1,14:43,2083,2383,Roosevelt Johnson Defensive Rebound.,16,8,8,31,0.6946182326113824,0.6946182326113824,SE Louisiana,Louisiana Tech,6,5,NA,313342545,2011-11-30
37,1,14:12,2052,2352,Foul on Cordarius Johnson,16,8,8,0,0.697166044676651,0.697166044676651,SE Louisiana,Louisiana Tech,6,5,NA,313342545,2011-11-30
38,1,14:12,2052,2352,Roosevelt Johnson made Jumper.  Assisted by Daron Populist.,18,8,10,7,0.739293297489396,0.739293297489396,SE Louisiana,Louisiana Tech,6,5,NA,313342545,2011-11-30
39,1,14:05,2045,2345,Foul on Quin Cooper,18,8,10,15,0.7399534917808779,0.7399534917808779,SE Louisiana,Louisiana Tech,6,5,NA,313342545,2011-11-30
40,1,13:50,2030,2330,J.L. Lewis made Layup.  Assisted by Trevor Gaskins.,18,10,8,22,0.6989893033917515,0.6989893033917515,SE Louisiana,Louisiana Tech,6,5,NA,313342545,2011-11-30
41,1,13:28,2008,2308,Antonnio Benton Turnover.,18,10,8,26,0.7008262590915849,0.7008262590915849,SE Louisiana,Louisiana Tech,6,5,NA,313342545,2011-11-30
42,1,13:02,1982,2282,Trevor Gaskins missed Jumper.,18,10,8,0,0.7030161960365986,0.7030161960365986,SE Louisiana,Louisiana Tech,6,5,NA,313342545,2011-11-30
43,1,13:02,1982,2282,J.L. Lewis Offensive Rebound.,18,10,8,26,0.7030161960365986,0.7030161960365986,SE Louisiana,Louisiana Tech,6,5,NA,313342545,2011-11-30
44,1,12:36,1956,2256,Kenyon McNeaill missed Jumper.,18,10,8,0,0.70522819117554,0.70522819117554,SE Louisiana,Louisiana Tech,6,5,NA,313342545,2011-11-30
45,1,12:36,1956,2256,Antonnio Benton Defensive Rebound.,18,10,8,10,0.70522819117554,0.70522819117554,SE Louisiana,Louisiana Tech,6,5,NA,313342545,2011-11-30
46,1,12:26,1946,2246,Brandon Fortenberry missed Three Point Jumper.,18,10,8,0,0.7060851561468031,0.7060851561468031,SE Louisiana,Louisiana Tech,6,5,NA,313342545,2011-11-30
47,1,12:26,1946,2246,Lonnie Smith Defensive Rebound.,18,10,8,2,0.7060851561468031,0.7060851561468031,SE Louisiana,Louisiana Tech,6,5,NA,313342545,2011-11-30
48,1,12:24,1944,2244,Foul on Donovan Ross,18,10,8,16,0.7062569753194968,0.7062569753194968,SE Louisiana,Louisiana Tech,6,5,NA,313342545,2011-11-30
49,1,12:08,1928,2228,Michale Kyser made Jumper.,18,12,6,26,0.6599227345955646,0.6599227345955646,SE Louisiana,Louisiana Tech,6,5,NA,313342545,2011-11-30
50,1,11:42,1902,2202,Antonnio Benton made Three Point Jumper.  Assisted by Brandon Fortenberry.,21,12,9,24,0.7323576567064116,0.7323576567064116,SE Louisiana,Louisiana Tech,6,5,NA,313342545,2011-11-30
51,1,11:18,1878,2178,Kenneth Smith missed Three Point Jumper.,21,12,9,0,0.7345558451091525,0.7345558451091525,SE Louisiana,Louisiana Tech,6,5,NA,313342545,2011-11-30
52,1,11:18,1878,2178,Southeastern Louisia Defensive R.,21,12,9,1,0.7345558451091525,0.7345558451091525,SE Louisiana,Louisiana Tech,6,5,NA,313342545,2011-11-30
53,1,11:17,1877,2177,Foul on Michale Kyser,21,12,9,0,0.7346472588666324,0.7346472588666324,SE Louisiana,Louisiana Tech,6,5,NA,313342545,2011-11-30
54,1,11:17,1877,2177,Official TV Timeout.,21,12,9,15,0.7346472588666324,0.7346472588666324,SE Louisiana,Louisiana Tech,6,5,NA,313342545,2011-11-30
55,1,11:02,1862,2162,Jan Petrovcic Turnover.,21,12,9,1,0.7360176222765986,0.7360176222765986,SE Louisiana,Louisiana Tech,6,5,NA,313342545,2011-11-30
56,1,11:01,1861,2161,Trevor Gaskins Steal.,21,12,9,19,0.7361089477940735,0.7361089477940735,SE Louisiana,Louisiana Tech,6,5,NA,313342545,2011-11-30
57,1,10:42,1842,2142,Lonnie Smith Turnover.,21,12,9,1,0.7378445429931922,0.7378445429931922,SE Louisiana,Louisiana Tech,6,5,NA,313342545,2011-11-30
58,1,10:41,1841,2141,Brandon Fortenberry Steal.,21,12,9,9,0.7379359483917649,0.7379359483917649,SE Louisiana,Louisiana Tech,6,5,NA,313342545,2011-11-30
59,1,10:32,1832,2132,Antonnio Benton missed Jumper.,21,12,9,0,0.7387590856164756,0.7387590856164756,SE Louisiana,Louisiana Tech,6,5,NA,313342545,2011-11-30
60,1,10:32,1832,2132,Jeremy Campbell Offensive Rebound.,21,12,9,5,0.7387590856164756,0.7387590856164756,SE Louisiana,Louisiana Tech,6,5,NA,313342545,2011-11-30
61,1,10:27,1827,2127,Kenneth Smith Steal.,21,12,9,27,0.7392168544554463,0.7392168544554463,SE Louisiana,Louisiana Tech,6,5,NA,313342545,2011-11-30
62,1,10:00,1800,2100,Cordarius Johnson Turnover.,21,12,9,16,0.7416976282934893,0.7416976282934893,SE Louisiana,Louisiana Tech,6,5,NA,313342545,2011-11-30
63,1,9:44,1784,2084,Brandon Fortenberry missed Layup.,21,12,9,0,0.7431775132984224,0.7431775132984224,SE Louisiana,Louisiana Tech,6,5,NA,313342545,2011-11-30
64,1,9:44,1784,2084,Michale Kyser Defensive Rebound.,21,12,9,4,0.7431775132984224,0.7431775132984224,SE Louisiana,Louisiana Tech,6,5,NA,313342545,2011-11-30
65,1,9:40,1780,2080,Michale Kyser Turnover.,21,12,9,1,0.7435489350540074,0.7435489350540074,SE Louisiana,Louisiana Tech,6,5,NA,313342545,2011-11-30
66,1,9:39,1779,2079,Jan Petrovcic Steal.,21,12,9,5,0.7436418897324124,0.7436418897324124,SE Louisiana,Louisiana Tech,6,5,NA,313342545,2011-11-30
67,1,9:34,1774,2074,Roosevelt Johnson made Layup.  Assisted by Brandon Fortenberry.,23,12,11,0,0.7866136642686583,0.7866136642686583,SE Louisiana,Louisiana Tech,6,5,NA,313342545,2011-11-30
68,1,9:34,1774,2074,Foul on Romario Souza,23,12,11,0,0.7866136642686583,0.7866136642686583,SE Louisiana,Louisiana Tech,6,5,NA,313342545,2011-11-30
69,1,9:34,1774,2074,Roosevelt Johnson missed Free Throw.,23,12,11,0,0.7866136642686583,0.7866136642686583,SE Louisiana,Louisiana Tech,6,5,NA,313342545,2011-11-30
70,1,9:34,1774,2074,null,23,12,11,31,0.7866136642686583,0.7866136642686583,SE Louisiana,Louisiana Tech,6,5,NA,313342545,2011-11-30
71,1,9:03,1743,2043,Trevor Gaskins missed Three Point Jumper.,23,12,11,0,0.7897457835548496,0.7897457835548496,SE Louisiana,Louisiana Tech,6,5,NA,313342545,2011-11-30
72,1,9:03,1743,2043,Kenneth Smith Offensive Rebound.,23,12,11,4,0.7897457835548496,0.7897457835548496,SE Louisiana,Louisiana Tech,6,5,NA,313342545,2011-11-30
73,1,8:59,1739,2039,Kenneth Smith missed Jumper.,23,12,11,0,0.790153206108166,0.790153206108166,SE Louisiana,Louisiana Tech,6,5,NA,313342545,2011-11-30
74,1,8:59,1739,2039,Jeremy Campbell Defensive Rebound.,23,12,11,24,0.790153206108166,0.790153206108166,SE Louisiana,Louisiana Tech,6,5,NA,313342545,2011-11-30
75,1,8:35,1715,2015,Foul on Roosevelt Johnson,23,12,11,0,0.792616622523536,0.792616622523536,SE Louisiana,Louisiana Tech,6,5,NA,313342545,2011-11-30
76,1,8:35,1715,2015,Roosevelt Johnson Turnover.,23,12,11,17,0.792616622523536,0.792616622523536,SE Louisiana,Louisiana Tech,6,5,NA,313342545,2011-11-30
77,1,8:18,1698,1998,Foul on Romario Souza,23,12,11,0,0.7943835264191006,0.7943835264191006,SE Louisiana,Louisiana Tech,6,5,NA,313342545,2011-11-30
78,1,8:18,1698,1998,Romario Souza Turnover.,23,12,11,0,0.7943835264191006,0.7943835264191006,SE Louisiana,Louisiana Tech,6,5,NA,313342545,2011-11-30
79,1,8:18,1698,1998,Louisiana Tech Full Timeout.,23,12,11,19,0.7943835264191006,0.7943835264191006,SE Louisiana,Louisiana Tech,6,4,NA,313342545,2011-11-30
80,1,7:59,1679,1979,Jeremy Campbell missed Jumper.,23,12,11,0,0.7963659453951241,0.7963659453951241,SE Louisiana,Louisiana Tech,6,4,NA,313342545,2011-11-30
81,1,7:59,1679,1979,J.L. Lewis Defensive Rebound.,23,12,11,14,0.7963659453951241,0.7963659453951241,SE Louisiana,Louisiana Tech,6,4,NA,313342545,2011-11-30
82,1,7:45,1665,1965,Foul on DeShawn Patterson,23,12,11,0,0.7977892789589314,0.7977892789589314,SE Louisiana,Louisiana Tech,6,4,NA,313342545,2011-11-30
83,1,7:45,1665,1965,Official TV Timeout.,23,12,11,0,0.7977892789589314,0.7977892789589314,SE Louisiana,Louisiana Tech,6,4,NA,313342545,2011-11-30
84,1,7:45,1665,1965,Trevor Gaskins made Free Throw.,23,13,10,0,0.7769115778957746,0.7769115778957746,SE Louisiana,Louisiana Tech,6,4,NA,313342545,2011-11-30
85,1,7:45,1665,1965,Trevor Gaskins made Free Throw.,23,14,9,25,0.7545415215120299,0.7545415215120299,SE Louisiana,Louisiana Tech,6,4,NA,313342545,2011-11-30
86,1,7:20,1640,1940,DeShawn Patterson made Jumper.,25,14,11,22,0.800257409862936,0.800257409862936,SE Louisiana,Louisiana Tech,6,4,NA,313342545,2011-11-30
87,1,6:58,1618,1918,Brandon Gibson Turnover.,25,14,11,0,0.8023729282371863,0.8023729282371863,SE Louisiana,Louisiana Tech,6,4,NA,313342545,2011-11-30
88,1,6:58,1618,1918,Roosevelt Johnson Steal.,25,14,11,8,0.8023729282371863,0.8023729282371863,SE Louisiana,Louisiana Tech,6,4,NA,313342545,2011-11-30
89,1,6:50,1610,1910,DeShawn Patterson missed Jumper.,25,14,11,0,0.8031335077183882,0.8031335077183882,SE Louisiana,Louisiana Tech,6,4,NA,313342545,2011-11-30
90,1,6:50,1610,1910,Kenyon McNeaill Defensive Rebound.,25,14,11,8,0.8031335077183882,0.8031335077183882,SE Louisiana,Louisiana Tech,6,4,NA,313342545,2011-11-30
91,1,6:42,1602,1902,Kenyon McNeaill made Three Point Jumper.,25,17,8,21,0.7361457896313953,0.7361457896313953,SE Louisiana,Louisiana Tech,6,4,NA,313342545,2011-11-30
92,1,6:21,1581,1881,Roosevelt Johnson missed Three Point Jumper.,25,17,8,0,0.7379239609185256,0.7379239609185256,SE Louisiana,Louisiana Tech,6,4,NA,313342545,2011-11-30
93,1,6:21,1581,1881,Louisiana Tech Defensive Rebound.,25,17,8,30,0.7379239609185256,0.7379239609185256,SE Louisiana,Louisiana Tech,6,4,NA,313342545,2011-11-30
94,1,5:51,1551,1851,Brandon Gibson missed Three Point Jumper.,25,17,8,0,0.7404833327952175,0.7404833327952175,SE Louisiana,Louisiana Tech,6,4,NA,313342545,2011-11-30
95,1,5:51,1551,1851,Brandon Fortenberry Defensive Rebound.,25,17,8,14,0.7404833327952175,0.7404833327952175,SE Louisiana,Louisiana Tech,6,4,NA,313342545,2011-11-30
96,1,5:37,1537,1837,Brandon Fortenberry missed Three Point Jumper.,25,17,8,0,0.7416964888136668,0.7416964888136668,SE Louisiana,Louisiana Tech,6,4,NA,313342545,2011-11-30
97,1,5:37,1537,1837,Brandon Gibson Defensive Rebound.,25,17,8,21,0.7416964888136668,0.7416964888136668,SE Louisiana,Louisiana Tech,6,4,NA,313342545,2011-11-30
98,1,5:16,1516,1816,J.L. Lewis made Layup.  Assisted by Trevor Gaskins.,25,19,6,22,0.6896284844710738,0.6896284844710738,SE Louisiana,Louisiana Tech,6,4,NA,313342545,2011-11-30
99,1,4:54,1494,1794,Foul on Romario Souza,25,19,6,2,0.6913168096747666,0.6913168096747666,SE Louisiana,Louisiana Tech,6,4,NA,313342545,2011-11-30
100,1,4:52,1492,1792,Brandon Fortenberry made Jumper.  Assisted by Daron Populist.,27,19,8,14,0.7457406093411714,0.7457406093411714,SE Louisiana,Louisiana Tech,6,4,NA,313342545,2011-11-30
101,1,4:38,1478,1778,Foul on Daron Populist,27,19,8,0,0.7470596300137745,0.7470596300137745,SE Louisiana,Louisiana Tech,6,4,NA,313342545,2011-11-30
102,1,4:38,1478,1778,Kenyon McNeaill missed Free Throw.,27,19,8,0,0.7470596300137745,0.7470596300137745,SE Louisiana,Louisiana Tech,6,4,NA,313342545,2011-11-30
103,1,4:38,1478,1778,null,27,19,8,0,0.7470596300137745,0.7470596300137745,SE Louisiana,Louisiana Tech,6,4,NA,313342545,2011-11-30
104,1,4:38,1478,1778,Kenyon McNeaill made Free Throw.,27,20,7,15,0.7206357522671273,0.7206357522671273,SE Louisiana,Louisiana Tech,6,4,NA,313342545,2011-11-30
105,1,4:23,1463,1763,Foul on Kenyon McNeaill,27,20,7,0,0.7219913270119488,0.7219913270119488,SE Louisiana,Louisiana Tech,6,4,NA,313342545,2011-11-30
106,1,4:23,1463,1763,Daron Populist made Free Throw.,28,20,8,0,0.7485131508324845,0.7485131508324845,SE Louisiana,Louisiana Tech,6,4,NA,313342545,2011-11-30
107,1,4:23,1463,1763,Daron Populist made Free Throw.,29,20,9,13,0.7732992672057123,0.7732992672057123,SE Louisiana,Louisiana Tech,6,4,NA,313342545,2011-11-30
108,1,4:10,1450,1750,Louisiana Tech Full Timeout.,29,20,9,3,0.7746578259358212,0.7746578259358212,SE Louisiana,Louisiana Tech,6,3,NA,313342545,2011-11-30
109,1,4:07,1447,1747,Foul on DeShawn Patterson,29,20,9,0,0.774974439634931,0.774974439634931,SE Louisiana,Louisiana Tech,6,3,NA,313342545,2011-11-30
110,1,4:07,1447,1747,Trevor Gaskins missed Free Throw.,29,20,9,0,0.774974439634931,0.774974439634931,SE Louisiana,Louisiana Tech,6,3,NA,313342545,2011-11-30
111,1,4:07,1447,1747,DeShawn Patterson Defensive Rebound.,29,20,9,14,0.774974439634931,0.774974439634931,SE Louisiana,Louisiana Tech,6,3,NA,313342545,2011-11-30
112,1,3:53,1433,1733,Antonnio Benton Turnover.,29,20,9,0,0.7764209034206229,0.7764209034206229,SE Louisiana,Louisiana Tech,6,3,NA,313342545,2011-11-30
113,1,3:53,1433,1733,Official TV Timeout.,29,20,9,22,0.7764209034206229,0.7764209034206229,SE Louisiana,Louisiana Tech,6,3,NA,313342545,2011-11-30
114,1,3:31,1411,1711,Cordarius Johnson made Jumper.,29,22,7,26,0.726732917327301,0.726732917327301,SE Louisiana,Louisiana Tech,6,3,NA,313342545,2011-11-30
115,1,3:05,1385,1685,Jan Petrovcic missed Jumper.,29,22,7,0,0.7289664856297393,0.7289664856297393,SE Louisiana,Louisiana Tech,6,3,NA,313342545,2011-11-30
116,1,3:05,1385,1685,Jeremy Campbell Offensive Rebound.,29,22,7,4,0.7289664856297393,0.7289664856297393,SE Louisiana,Louisiana Tech,6,3,NA,313342545,2011-11-30
117,1,3:01,1381,1681,Foul on Kenneth Smith,29,22,7,0,0.7293054199323651,0.7293054199323651,SE Louisiana,Louisiana Tech,6,3,NA,313342545,2011-11-30
118,1,3:01,1381,1681,Jeremy Campbell made Free Throw.,30,22,8,0,0.7563344981167439,0.7563344981167439,SE Louisiana,Louisiana Tech,6,3,NA,313342545,2011-11-30
119,1,3:01,1381,1681,Jeremy Campbell missed Free Throw.,30,22,8,0,0.7563344981167439,0.7563344981167439,SE Louisiana,Louisiana Tech,6,3,NA,313342545,2011-11-30
120,1,3:01,1381,1681,Michale Kyser Defensive Rebound.,30,22,8,19,0.7563344981167439,0.7563344981167439,SE Louisiana,Louisiana Tech,6,3,NA,313342545,2011-11-30
121,1,2:42,1362,1662,Kenneth Smith Turnover.,30,22,8,14,0.7580434186454148,0.7580434186454148,SE Louisiana,Louisiana Tech,6,3,NA,313342545,2011-11-30
122,1,2:28,1348,1648,Brandon Fortenberry missed Jumper.,30,22,8,0,0.7593014864509429,0.7593014864509429,SE Louisiana,Louisiana Tech,6,3,NA,313342545,2011-11-30
123,1,2:28,1348,1648,Cordarius Johnson Defensive Rebound.,30,22,8,5,0.7593014864509429,0.7593014864509429,SE Louisiana,Louisiana Tech,6,3,NA,313342545,2011-11-30
124,1,2:23,1343,1643,Trevor Gaskins made Layup.  Assisted by Cordarius Johnson.,30,24,6,18,0.7033895944361047,0.7033895944361047,SE Louisiana,Louisiana Tech,6,3,NA,313342545,2011-11-30
125,1,2:05,1325,1625,Roosevelt Johnson missed Layup.,30,24,6,0,0.7047938781284836,0.7047938781284836,SE Louisiana,Louisiana Tech,6,3,NA,313342545,2011-11-30
126,1,2:05,1325,1625,J.L. Lewis Defensive Rebound.,30,24,6,6,0.7047938781284836,0.7047938781284836,SE Louisiana,Louisiana Tech,6,3,NA,313342545,2011-11-30
127,1,1:59,1319,1619,Kenneth Smith Turnover.,30,24,6,14,0.7052683278234544,0.7052683278234544,SE Louisiana,Louisiana Tech,6,3,NA,313342545,2011-11-30
128,1,1:45,1305,1605,Jeremy Campbell missed Layup.,30,24,6,0,0.7063919887623981,0.7063919887623981,SE Louisiana,Louisiana Tech,6,3,NA,313342545,2011-11-30
129,1,1:45,1305,1605,Michale Kyser Block.,30,24,6,1,0.7063919887623981,0.7063919887623981,SE Louisiana,Louisiana Tech,6,3,NA,313342545,2011-11-30
130,1,1:44,1304,1604,Kenneth Smith Defensive Rebound.,30,24,6,10,0.706473265274066,0.706473265274066,SE Louisiana,Louisiana Tech,6,3,NA,313342545,2011-11-30
131,1,1:34,1294,1594,Trevor Gaskins Turnover.,30,24,6,1,0.7072945598926749,0.7072945598926749,SE Louisiana,Louisiana Tech,6,3,NA,313342545,2011-11-30
132,1,1:33,1293,1593,Jan Petrovcic Steal.,30,24,6,3,0.7073775941799324,0.7073775941799324,SE Louisiana,Louisiana Tech,6,3,NA,313342545,2011-11-30
133,1,1:30,1290,1590,Daron Populist missed Layup.,30,24,6,0,0.7076277499538554,0.7076277499538554,SE Louisiana,Louisiana Tech,6,3,NA,313342545,2011-11-30
134,1,1:30,1290,1590,Jan Petrovcic Offensive Rebound.,30,24,6,5,0.7076277499538554,0.7076277499538554,SE Louisiana,Louisiana Tech,6,3,NA,313342545,2011-11-30
135,1,1:25,1285,1585,Jan Petrovcic Turnover.,30,24,6,31,0.7080483264794263,0.7080483264794263,SE Louisiana,Louisiana Tech,6,3,NA,313342545,2011-11-30
136,1,0:54,1254,1554,Cordarius Johnson missed Jumper.,30,24,6,0,0.7107745880121765,0.7107745880121765,SE Louisiana,Louisiana Tech,6,3,NA,313342545,2011-11-30
137,1,0:54,1254,1554,Michale Kyser Offensive Rebound.,30,24,6,2,0.7107745880121765,0.7107745880121765,SE Louisiana,Louisiana Tech,6,3,NA,313342545,2011-11-30
138,1,0:52,1252,1552,Foul on Roosevelt Johnson,30,24,6,0,0.7109584567037899,0.7109584567037899,SE Louisiana,Louisiana Tech,6,3,NA,313342545,2011-11-30
139,1,0:52,1252,1552,Michale Kyser missed Free Throw.,30,24,6,0,0.7109584567037899,0.7109584567037899,SE Louisiana,Louisiana Tech,6,3,NA,313342545,2011-11-30
140,1,0:52,1252,1552,null,30,24,6,0,0.7109584567037899,0.7109584567037899,SE Louisiana,Louisiana Tech,6,3,NA,313342545,2011-11-30
141,1,0:52,1252,1552,Michale Kyser missed Free Throw.,30,24,6,0,0.7109584567037899,0.7109584567037899,SE Louisiana,Louisiana Tech,6,3,NA,313342545,2011-11-30
142,1,0:52,1252,1552,Antonnio Benton Defensive Rebound.,30,24,6,21,0.7109584567037899,0.7109584567037899,SE Louisiana,Louisiana Tech,6,3,NA,313342545,2011-11-30
143,1,0:31,1231,1531,Daron Populist missed Layup.,30,24,6,0,0.7129573395643973,0.7129573395643973,SE Louisiana,Louisiana Tech,6,3,NA,313342545,2011-11-30
144,1,0:31,1231,1531,Trevor Gaskins Defensive Rebound.,30,24,6,30,0.7129573395643973,0.7129573395643973,SE Louisiana,Louisiana Tech,6,3,NA,313342545,2011-11-30
145,1,0:01,1201,1501,Foul on Antonnio Benton,30,24,6,0,0.7160339662966757,0.7160339662966757,SE Louisiana,Louisiana Tech,6,3,NA,313342545,2011-11-30
146,1,0:01,1201,1501,Cordarius Johnson missed Free Throw.,30,24,6,0,0.7160339662966757,0.7160339662966757,SE Louisiana,Louisiana Tech,6,3,NA,313342545,2011-11-30
147,1,0:01,1201,1501,null,30,24,6,0,0.7160339662966757,0.7160339662966757,SE Louisiana,Louisiana Tech,6,3,NA,313342545,2011-11-30
148,1,0:01,1201,1501,Cordarius Johnson made Free Throw.,30,25,5,1,0.6836782407911076,0.6836782407911076,SE Louisiana,Louisiana Tech,6,3,NA,313342545,2011-11-30
149,1,0:00,1200,1500,Brandon Fortenberry missed Three Point Jumper.,30,25,5,0,0.6837696278036713,0.6837696278036713,SE Louisiana,Louisiana Tech,6,3,NA,313342545,2011-11-30
150,1,0:00,1200,1500,null,30,25,5,0,0.6837696278036713,0.6837696278036713,SE Louisiana,Louisiana Tech,6,3,NA,313342545,2011-11-30
151,1,0:00,1200,1500,End of the 1st Half.,30,25,5,0,0.6837696278036713,0.6837696278036713,SE Louisiana,Louisiana Tech,6,3,NA,313342545,2011-11-30
152,2,20:00,1200,1500,PLAY,30,25,5,14,0.6837696278036713,0.6837696278036713,SE Louisiana,Louisiana Tech,6,3,NA,313342545,2011-11-30
153,2,19:46,1186,1486,Jeremy Campbell Turnover.,30,25,5,1,0.6850298702424034,0.6850298702424034,SE Louisiana,Louisiana Tech,6,3,NA,313342545,2011-11-30
154,2,19:45,1185,1485,J.L. Lewis Steal.,30,25,5,3,0.6851186386474355,0.6851186386474355,SE Louisiana,Louisiana Tech,6,3,NA,313342545,2011-11-30
155,2,19:42,1182,1482,J.L. Lewis made Layup.,30,27,3,35,0.6147151356501288,0.6147151356501288,SE Louisiana,Louisiana Tech,6,3,NA,313342545,2011-11-30
156,2,19:07,1147,1447,Jan Petrovcic missed Jumper.,30,27,3,0,0.6167110001977051,0.6167110001977051,SE Louisiana,Louisiana Tech,6,3,NA,313342545,2011-11-30
157,2,19:07,1147,1447,Trevor Gaskins Defensive Rebound.,30,27,3,10,0.6167110001977051,0.6167110001977051,SE Louisiana,Louisiana Tech,6,3,NA,313342545,2011-11-30
158,2,18:57,1137,1437,Cordarius Johnson missed Three Point Jumper.,30,27,3,0,0.6172732037609311,0.6172732037609311,SE Louisiana,Louisiana Tech,6,3,NA,313342545,2011-11-30
159,2,18:57,1137,1437,Roosevelt Johnson Defensive Rebound.,30,27,3,20,0.6172732037609311,0.6172732037609311,SE Louisiana,Louisiana Tech,6,3,NA,313342545,2011-11-30
160,2,18:37,1117,1417,Foul on J.L. Lewis,30,27,3,0,0.6183994829545421,0.6183994829545421,SE Louisiana,Louisiana Tech,6,3,NA,313342545,2011-11-30
161,2,18:37,1117,1417,Roosevelt Johnson missed Free Throw.,30,27,3,0,0.6183994829545421,0.6183994829545421,SE Louisiana,Louisiana Tech,6,3,NA,313342545,2011-11-30
162,2,18:37,1117,1417,null,30,27,3,0,0.6183994829545421,0.6183994829545421,SE Louisiana,Louisiana Tech,6,3,NA,313342545,2011-11-30
163,2,18:37,1117,1417,Roosevelt Johnson missed Free Throw.,30,27,3,0,0.6183994829545421,0.6183994829545421,SE Louisiana,Louisiana Tech,6,3,NA,313342545,2011-11-30
164,2,18:37,1117,1417,J.L. Lewis Defensive Rebound.,30,27,3,16,0.6183994829545421,0.6183994829545421,SE Louisiana,Louisiana Tech,6,3,NA,313342545,2011-11-30
165,2,18:21,1101,1401,Trevor Gaskins missed Layup.,30,27,3,0,0.6193108226158225,0.6193108226158225,SE Louisiana,Louisiana Tech,6,3,NA,313342545,2011-11-30
166,2,18:21,1101,1401,Jan Petrovcic Defensive Rebound.,30,27,3,31,0.6193108226158225,0.6193108226158225,SE Louisiana,Louisiana Tech,6,3,NA,313342545,2011-11-30
167,2,17:50,1070,1370,Daron Populist made Three Point Jumper.  Assisted by Brandon Fortenberry.,33,27,6,17,0.7288365105640279,0.7288365105640279,SE Louisiana,Louisiana Tech,6,3,NA,313342545,2011-11-30
168,2,17:33,1053,1353,Foul on Jan Petrovcic,33,27,6,8,0.7305949529018666,0.7305949529018666,SE Louisiana,Louisiana Tech,6,3,NA,313342545,2011-11-30
169,2,17:25,1045,1345,Foul on Roosevelt Johnson,33,27,6,3,0.7314465271342744,0.7314465271342744,SE Louisiana,Louisiana Tech,6,3,NA,313342545,2011-11-30
170,2,17:22,1042,1342,Cordarius Johnson Turnover.,33,27,6,1,0.7317703034778825,0.7317703034778825,SE Louisiana,Louisiana Tech,6,3,NA,313342545,2011-11-30
171,2,17:21,1041,1341,DeShawn Patterson Steal.,33,27,6,14,0.7318787905101527,0.7318787905101527,SE Louisiana,Louisiana Tech,6,3,NA,313342545,2011-11-30
172,2,17:07,1027,1327,Roosevelt Johnson made Jumper.  Assisted by Brandon Fortenberry.,35,27,8,18,0.7940402295504758,0.7940402295504758,SE Louisiana,Louisiana Tech,6,3,NA,313342545,2011-11-30
173,2,16:49,1009,1309,J.L. Lewis missed Jumper.,35,27,8,0,0.7963653637731903,0.7963653637731903,SE Louisiana,Louisiana Tech,6,3,NA,313342545,2011-11-30
174,2,16:49,1009,1309,Roosevelt Johnson Defensive Rebound.,35,27,8,12,0.7963653637731903,0.7963653637731903,SE Louisiana,Louisiana Tech,6,3,NA,313342545,2011-11-30
175,2,16:37,997,1297,Roosevelt Johnson missed Layup.,35,27,8,0,0.7979854385522698,0.7979854385522698,SE Louisiana,Louisiana Tech,6,3,NA,313342545,2011-11-30
176,2,16:37,997,1297,J.L. Lewis Block.,35,27,8,2,0.7979854385522698,0.7979854385522698,SE Louisiana,Louisiana Tech,6,3,NA,313342545,2011-11-30
177,2,16:35,995,1295,Jan Petrovcic Offensive Rebound.,35,27,8,3,0.7982613213802955,0.7982613213802955,SE Louisiana,Louisiana Tech,6,3,NA,313342545,2011-11-30
178,2,16:32,992,1292,Jan Petrovcic made Tip Shot.,37,27,10,18,0.8484593772259924,0.8484593772259924,SE Louisiana,Louisiana Tech,6,3,NA,313342545,2011-11-30
179,2,16:14,974,1274,Trevor Gaskins missed Three Point Jumper.,37,27,10,0,0.8510411557922256,0.8510411557922256,SE Louisiana,Louisiana Tech,6,3,NA,313342545,2011-11-30
180,2,16:14,974,1274,Jan Petrovcic Defensive Rebound.,37,27,10,35,0.8510411557922256,0.8510411557922256,SE Louisiana,Louisiana Tech,6,3,NA,313342545,2011-11-30
181,2,15:39,939,1239,Brandon Fortenberry made Three Point Jumper.  Assisted by DeShawn Patterson.,40,27,13,17,0.9101455465973736,0.9101455465973736,SE Louisiana,Louisiana Tech,6,3,NA,313342545,2011-11-30
182,2,15:22,922,1222,Kenyon McNeaill missed Three Point Jumper.,40,27,13,0,0.91187592850941,0.91187592850941,SE Louisiana,Louisiana Tech,6,3,NA,313342545,2011-11-30
183,2,15:22,922,1222,Brandon Fortenberry Defensive Rebound.,40,27,13,7,0.91187592850941,0.91187592850941,SE Louisiana,Louisiana Tech,6,3,NA,313342545,2011-11-30
184,2,15:15,915,1215,DeShawn Patterson made Layup.  Assisted by Brandon Fortenberry.,42,27,15,28,0.9373776936441519,0.9373776936441519,SE Louisiana,Louisiana Tech,6,3,NA,313342545,2011-11-30
185,2,14:47,887,1187,J.L. Lewis missed Jumper.,42,27,15,0,0.9395319275741861,0.9395319275741861,SE Louisiana,Louisiana Tech,6,3,NA,313342545,2011-11-30
186,2,14:47,887,1187,J.L. Lewis Offensive Rebound.,42,27,15,2,0.9395319275741861,0.9395319275741861,SE Louisiana,Louisiana Tech,6,3,NA,313342545,2011-11-30
187,2,14:45,885,1185,J.L. Lewis made Jumper.,42,29,13,17,0.9152711828911592,0.9152711828911592,SE Louisiana,Louisiana Tech,6,3,NA,313342545,2011-11-30
188,2,14:28,868,1168,Daron Populist Turnover.,42,29,13,0,0.9167566470399027,0.9167566470399027,SE Louisiana,Louisiana Tech,6,3,NA,313342545,2011-11-30
189,2,14:28,868,1168,Official TV Timeout.,42,29,13,15,0.9167566470399027,0.9167566470399027,SE Louisiana,Louisiana Tech,6,3,NA,313342545,2011-11-30
190,2,14:13,853,1153,Alex Carr Turnover.,42,29,13,1,0.9180732949359214,0.9180732949359214,SE Louisiana,Louisiana Tech,6,3,NA,313342545,2011-11-30
191,2,14:12,852,1152,Jan Petrovcic Steal.,42,29,13,2,0.9181619383916011,0.9181619383916011,SE Louisiana,Louisiana Tech,6,3,NA,313342545,2011-11-30
192,2,14:10,850,1150,Foul on Alex Carr,42,29,13,0,0.9183396823439895,0.9183396823439895,SE Louisiana,Louisiana Tech,6,3,NA,313342545,2011-11-30
193,2,14:10,850,1150,Brandon Fortenberry made Free Throw.,43,29,14,0,0.931256524973123,0.931256524973123,SE Louisiana,Louisiana Tech,6,3,NA,313342545,2011-11-30
194,2,14:10,850,1150,Brandon Fortenberry missed Free Throw.,43,29,14,0,0.931256524973123,0.931256524973123,SE Louisiana,Louisiana Tech,6,3,NA,313342545,2011-11-30
195,2,14:10,850,1150,Romario Souza Defensive Rebound.,43,29,14,13,0.931256524973123,0.931256524973123,SE Louisiana,Louisiana Tech,6,3,NA,313342545,2011-11-30
196,2,13:57,837,1137,Kenneth Smith Turnover.,43,29,14,1,0.9323349190402678,0.9323349190402678,SE Louisiana,Louisiana Tech,6,3,NA,313342545,2011-11-30
197,2,13:56,836,1136,Jan Petrovcic Steal.,43,29,14,11,0.9324192669585888,0.9324192669585888,SE Louisiana,Louisiana Tech,6,3,NA,313342545,2011-11-30
198,2,13:45,825,1125,Daron Populist Turnover.,43,29,14,1,0.9333635837677651,0.9333635837677651,SE Louisiana,Louisiana Tech,6,3,NA,313342545,2011-11-30
199,2,13:44,824,1124,Brandon Gibson Steal.,43,29,14,12,0.9334510817616765,0.9334510817616765,SE Louisiana,Louisiana Tech,6,3,NA,313342545,2011-11-30
200,2,13:32,812,1112,Foul on Antonnio Benton,43,29,14,0,0.9345260216900781,0.9345260216900781,SE Louisiana,Louisiana Tech,6,3,NA,313342545,2011-11-30
201,2,13:32,812,1112,Romario Souza missed Free Throw.,43,29,14,0,0.9345260216900781,0.9345260216900781,SE Louisiana,Louisiana Tech,6,3,NA,313342545,2011-11-30
202,2,13:32,812,1112,null,43,29,14,0,0.9345260216900781,0.9345260216900781,SE Louisiana,Louisiana Tech,6,3,NA,313342545,2011-11-30
203,2,13:32,812,1112,Romario Souza made Free Throw.,43,30,13,9,0.9219039759012289,0.9219039759012289,SE Louisiana,Louisiana Tech,6,3,NA,313342545,2011-11-30
204,2,13:23,803,1103,DeShawn Patterson made Layup.,45,30,15,19,0.9459904162983006,0.9459904162983006,SE Louisiana,Louisiana Tech,6,3,NA,313342545,2011-11-30
205,2,13:04,784,1084,Romario Souza made Jumper.,45,32,13,29,0.9248885771240295,0.9248885771240295,SE Louisiana,Louisiana Tech,6,3,NA,313342545,2011-11-30
206,2,12:35,755,1055,Antonnio Benton missed Three Point Jumper.,45,32,13,0,0.9284365944737644,0.9284365944737644,SE Louisiana,Louisiana Tech,6,3,NA,313342545,2011-11-30
207,2,12:35,755,1055,Romario Souza Defensive Rebound.,45,32,13,12,0.9284365944737644,0.9284365944737644,SE Louisiana,Louisiana Tech,6,3,NA,313342545,2011-11-30
208,2,12:23,743,1043,Brandon Gibson missed Three Point Jumper.,45,32,13,0,0.930062510075399,0.930062510075399,SE Louisiana,Louisiana Tech,6,3,NA,313342545,2011-11-30
209,2,12:23,743,1043,Brandon Fortenberry Defensive Rebound.,45,32,13,6,0.930062510075399,0.930062510075399,SE Louisiana,Louisiana Tech,6,3,NA,313342545,2011-11-30
210,2,12:17,737,1037,Foul on Brandon Gibson,45,32,13,23,0.9309124070084507,0.9309124070084507,SE Louisiana,Louisiana Tech,6,3,NA,313342545,2011-11-30
211,2,11:54,714,1014,Antonnio Benton made Jumper.  Assisted by Daron Populist.,47,32,15,16,0.955217735682868,0.955217735682868,SE Louisiana,Louisiana Tech,6,3,NA,313342545,2011-11-30
212,2,11:38,698,998,Lonnie Smith made Three Point Jumper.  Assisted by Raheem Appleby.,47,35,12,29,0.9225382144839133,0.9225382144839133,SE Louisiana,Louisiana Tech,6,3,NA,313342545,2011-11-30
213,2,11:09,669,969,Foul on Daron Populist,47,35,12,0,0.9258992759655646,0.9258992759655646,SE Louisiana,Louisiana Tech,6,3,NA,313342545,2011-11-30
214,2,11:09,669,969,Daron Populist Turnover.,47,35,12,0,0.9258992759655646,0.9258992759655646,SE Louisiana,Louisiana Tech,6,3,NA,313342545,2011-11-30
215,2,11:09,669,969,Official TV Timeout.,47,35,12,20,0.9258992759655646,0.9258992759655646,SE Louisiana,Louisiana Tech,6,3,NA,313342545,2011-11-30
216,2,10:49,649,949,Foul on Quin Cooper,47,35,12,0,0.9280750564728462,0.9280750564728462,SE Louisiana,Louisiana Tech,6,3,NA,313342545,2011-11-30
217,2,10:49,649,949,Kenneth Smith made Free Throw.,47,36,11,0,0.9124853131619527,0.9124853131619527,SE Louisiana,Louisiana Tech,6,3,NA,313342545,2011-11-30
218,2,10:49,649,949,Kenneth Smith missed Free Throw.,47,36,11,0,0.9124853131619527,0.9124853131619527,SE Louisiana,Louisiana Tech,6,3,NA,313342545,2011-11-30
219,2,10:49,649,949,Kenneth Smith Offensive Rebound.,47,36,11,0,0.9124853131619527,0.9124853131619527,SE Louisiana,Louisiana Tech,6,3,NA,313342545,2011-11-30
220,2,10:49,649,949,Kenneth Smith missed Layup.,47,36,11,0,0.9124853131619527,0.9124853131619527,SE Louisiana,Louisiana Tech,6,3,NA,313342545,2011-11-30
221,2,10:49,649,949,Louisiana Tech Offensive Rebound.,47,36,11,10,0.9124853131619527,0.9124853131619527,SE Louisiana,Louisiana Tech,6,3,NA,313342545,2011-11-30
222,2,10:39,639,939,Michale Kyser made Layup.,47,38,9,6,0.8733091547345322,0.8733091547345322,SE Louisiana,Louisiana Tech,6,3,NA,313342545,2011-11-30
223,2,10:33,633,933,Foul on Kenneth Smith,47,38,9,21,0.8741570097416047,0.8741570097416047,SE Louisiana,Louisiana Tech,6,3,NA,313342545,2011-11-30
224,2,10:12,612,912,Jeremy Campbell missed Three Point Jumper.,47,38,9,0,0.8773083739449559,0.8773083739449559,SE Louisiana,Louisiana Tech,6,3,NA,313342545,2011-11-30
225,2,10:12,612,912,Michale Kyser Defensive Rebound.,47,38,9,7,0.8773083739449559,0.8773083739449559,SE Louisiana,Louisiana Tech,6,3,NA,313342545,2011-11-30
226,2,10:05,605,905,Foul on Quin Cooper,47,38,9,0,0.8784432901324676,0.8784432901324676,SE Louisiana,Louisiana Tech,6,3,NA,313342545,2011-11-30
227,2,10:05,605,905,Kenneth Smith made Free Throw.,47,39,8,0,0.8529612772576324,0.8529612772576324,SE Louisiana,Louisiana Tech,6,3,NA,313342545,2011-11-30
228,2,10:05,605,905,Kenneth Smith made Free Throw.,47,40,7,23,0.8232124975848009,0.8232124975848009,SE Louisiana,Louisiana Tech,6,3,NA,313342545,2011-11-30
229,2,9:42,582,882,Southeastern Louisia Full Timeout.,47,40,7,9,0.8276093333677762,0.8276093333677762,SE Louisiana,Louisiana Tech,6,2,NA,313342545,2011-11-30
230,2,9:33,573,873,Brandon Fortenberry missed Jumper.,47,40,7,0,0.8295512268346996,0.8295512268346996,SE Louisiana,Louisiana Tech,6,2,NA,313342545,2011-11-30
231,2,9:33,573,873,Michale Kyser Block.,47,40,7,1,0.8295512268346996,0.8295512268346996,SE Louisiana,Louisiana Tech,6,2,NA,313342545,2011-11-30
232,2,9:32,572,872,Louisiana Tech Defensive Rebound.,47,40,7,12,0.8297756122783092,0.8297756122783092,SE Louisiana,Louisiana Tech,6,2,NA,313342545,2011-11-30
233,2,9:20,560,860,Michale Kyser made Layup.  Assisted by Kenneth Smith.,47,42,5,23,0.7587599319777902,0.7587599319777902,SE Louisiana,Louisiana Tech,6,2,NA,313342545,2011-11-30
234,2,8:57,537,837,DeShawn Patterson missed Jumper.,47,42,5,0,0.764212832975979,0.764212832975979,SE Louisiana,Louisiana Tech,6,2,NA,313342545,2011-11-30
235,2,8:57,537,837,Kenyon McNeaill Defensive Rebound.,47,42,5,5,0.764212832975979,0.764212832975979,SE Louisiana,Louisiana Tech,6,2,NA,313342545,2011-11-30
236,2,8:52,532,832,Trevor Gaskins missed Three Point Jumper.,47,42,5,0,0.7652609181814243,0.7652609181814243,SE Louisiana,Louisiana Tech,6,2,NA,313342545,2011-11-30
237,2,8:52,532,832,Kenneth Smith Offensive Rebound.,47,42,5,21,0.7652609181814243,0.7652609181814243,SE Louisiana,Louisiana Tech,6,2,NA,313342545,2011-11-30
238,2,8:31,511,811,Kenneth Smith made Jumper.,47,44,3,16,0.6731217666111292,0.6731217666111292,SE Louisiana,Louisiana Tech,6,2,NA,313342545,2011-11-30
239,2,8:15,495,795,Jan Petrovcic Turnover.,47,44,3,17,0.6752299888203832,0.6752299888203832,SE Louisiana,Louisiana Tech,6,2,NA,313342545,2011-11-30
240,2,7:58,478,778,Romario Souza missed Jumper.,47,44,3,0,0.6776114566634337,0.6776114566634337,SE Louisiana,Louisiana Tech,6,2,NA,313342545,2011-11-30
241,2,7:58,478,778,DeShawn Patterson Defensive Rebound.,47,44,3,1,0.6776114566634337,0.6776114566634337,SE Louisiana,Louisiana Tech,6,2,NA,313342545,2011-11-30
242,2,7:57,477,777,Official TV Timeout.,47,44,3,33,0.6777612767550201,0.6777612767550201,SE Louisiana,Louisiana Tech,6,2,NA,313342545,2011-11-30
243,2,7:24,444,744,Brandon Fortenberry made Jumper.,49,44,5,29,0.7833666444473605,0.7833666444473605,SE Louisiana,Louisiana Tech,6,2,NA,313342545,2011-11-30
244,2,6:55,415,715,Lonnie Smith missed Three Point Jumper.,49,44,5,0,0.7928009392289727,0.7928009392289727,SE Louisiana,Louisiana Tech,6,2,NA,313342545,2011-11-30
245,2,6:55,415,715,Jan Petrovcic Defensive Rebound.,49,44,5,12,0.7928009392289727,0.7928009392289727,SE Louisiana,Louisiana Tech,6,2,NA,313342545,2011-11-30
246,2,6:43,403,703,Roosevelt Johnson made Layup.  Assisted by DeShawn Patterson.,51,44,7,0,0.8710032904348219,0.8710032904348219,SE Louisiana,Louisiana Tech,6,2,NA,313342545,2011-11-30
247,2,6:43,403,703,Foul on Lonnie Smith,51,44,7,0,0.8710032904348219,0.8710032904348219,SE Louisiana,Louisiana Tech,6,2,NA,313342545,2011-11-30
248,2,6:43,403,703,Roosevelt Johnson made Free Throw.,52,44,8,14,0.8986847932318556,0.8986847932318556,SE Louisiana,Louisiana Tech,6,2,NA,313342545,2011-11-30
249,2,6:29,389,689,Foul on Daron Populist,52,44,8,0,0.9023375826496784,0.9023375826496784,SE Louisiana,Louisiana Tech,6,2,NA,313342545,2011-11-30
250,2,6:29,389,689,Kenneth Smith made Free Throw.,52,45,7,0,0.8749592808614225,0.8749592808614225,SE Louisiana,Louisiana Tech,6,2,NA,313342545,2011-11-30
251,2,6:29,389,689,Kenneth Smith made Free Throw.,52,46,6,0,0.8412561005540823,0.8412561005540823,SE Louisiana,Louisiana Tech,6,2,NA,313342545,2011-11-30
252,2,6:29,389,689,Foul on Trevor Gaskins,52,46,6,10,0.8412561005540823,0.8412561005540823,SE Louisiana,Louisiana Tech,6,2,NA,313342545,2011-11-30
253,2,6:19,379,679,Roosevelt Johnson made Layup.  Assisted by DeShawn Patterson.,54,46,8,18,0.9049268027019273,0.9049268027019273,SE Louisiana,Louisiana Tech,6,2,NA,313342545,2011-11-30
254,2,6:01,361,661,J.L. Lewis made Jumper.,54,48,6,0,0.8498137329389575,0.8498137329389575,SE Louisiana,Louisiana Tech,6,2,NA,313342545,2011-11-30
255,2,6:01,361,661,Foul on Jan Petrovcic,54,48,6,0,0.8498137329389575,0.8498137329389575,SE Louisiana,Louisiana Tech,6,2,NA,313342545,2011-11-30
256,2,6:01,361,661,J.L. Lewis made Free Throw.,54,49,5,20,0.8091171876521646,0.8091171876521646,SE Louisiana,Louisiana Tech,6,2,NA,313342545,2011-11-30
257,2,5:41,341,641,Roosevelt Johnson made Layup.  Assisted by Daron Populist.,56,49,7,0,0.8897093574720624,0.8897093574720624,SE Louisiana,Louisiana Tech,6,2,NA,313342545,2011-11-30
258,2,5:41,341,641,Foul on Michale Kyser,56,49,7,0,0.8897093574720624,0.8897093574720624,SE Louisiana,Louisiana Tech,6,2,NA,313342545,2011-11-30
259,2,5:41,341,641,Roosevelt Johnson missed Free Throw.,56,49,7,0,0.8897093574720624,0.8897093574720624,SE Louisiana,Louisiana Tech,6,2,NA,313342545,2011-11-30
260,2,5:41,341,641,J.L. Lewis Defensive Rebound.,56,49,7,9,0.8897093574720624,0.8897093574720624,SE Louisiana,Louisiana Tech,6,2,NA,313342545,2011-11-30
261,2,5:32,332,632,Foul on J.L. Lewis,56,49,7,0,0.8930384821653464,0.8930384821653464,SE Louisiana,Louisiana Tech,6,2,NA,313342545,2011-11-30
262,2,5:32,332,632,J.L. Lewis Turnover.,56,49,7,9,0.8930384821653464,0.8930384821653464,SE Louisiana,Louisiana Tech,6,2,NA,313342545,2011-11-30
263,2,5:23,323,623,Brandon Fortenberry missed Layup.,56,49,7,0,0.8966217085527304,0.8966217085527304,SE Louisiana,Louisiana Tech,6,2,NA,313342545,2011-11-30
264,2,5:23,323,623,J.L. Lewis Defensive Rebound.,56,49,7,9,0.8966217085527304,0.8966217085527304,SE Louisiana,Louisiana Tech,6,2,NA,313342545,2011-11-30
265,2,5:14,314,614,Kenyon McNeaill missed Three Point Jumper.,56,49,7,0,0.9004760837047355,0.9004760837047355,SE Louisiana,Louisiana Tech,6,2,NA,313342545,2011-11-30
266,2,5:14,314,614,DeShawn Patterson Defensive Rebound.,56,49,7,1,0.9004760837047355,0.9004760837047355,SE Louisiana,Louisiana Tech,6,2,NA,313342545,2011-11-30
267,2,5:13,313,613,Foul on Cordarius Johnson,56,49,7,0,0.9009215509862334,0.9009215509862334,SE Louisiana,Louisiana Tech,6,2,NA,313342545,2011-11-30
268,2,5:13,313,613,DeShawn Patterson missed Free Throw.,56,49,7,0,0.9009215509862334,0.9009215509862334,SE Louisiana,Louisiana Tech,6,2,NA,313342545,2011-11-30
269,2,5:13,313,613,Cordarius Johnson Defensive Rebound.,56,49,7,12,0.9009215509862334,0.9009215509862334,SE Louisiana,Louisiana Tech,6,2,NA,313342545,2011-11-30
270,2,5:01,301,601,Kenneth Smith missed Three Point Jumper.,56,49,7,0,0.9053254714856735,0.9053254714856735,SE Louisiana,Louisiana Tech,6,2,NA,313342545,2011-11-30
271,2,5:01,301,601,Kenyon McNeaill Offensive Rebound.,56,49,7,4,0.9053254714856735,0.9053254714856735,SE Louisiana,Louisiana Tech,6,2,NA,313342545,2011-11-30
272,2,4:57,297,597,Kenyon McNeaill made Layup.,56,51,5,10,0.8346629864408582,0.8346629864408582,SE Louisiana,Louisiana Tech,6,2,NA,313342545,2011-11-30
273,2,4:47,287,587,Southeastern Louisia Full Timeout.,56,51,5,28,0.8353770740815923,0.8353770740815923,SE Louisiana,Louisiana Tech,6,1,NA,313342545,2011-11-30
274,2,4:19,259,559,Jeremy Campbell missed Three Point Jumper.,56,51,5,0,0.8310052626029227,0.8310052626029227,SE Louisiana,Louisiana Tech,6,1,NA,313342545,2011-11-30
275,2,4:19,259,559,Louisiana Tech Defensive Rebound.,56,51,5,16,0.8310052626029227,0.8310052626029227,SE Louisiana,Louisiana Tech,6,1,NA,313342545,2011-11-30
276,2,4:03,243,543,Kenyon McNeaill missed Layup.,56,51,5,0,0.828276705039295,0.828276705039295,SE Louisiana,Louisiana Tech,6,1,NA,313342545,2011-11-30
277,2,4:03,243,543,Roosevelt Johnson Block.,56,51,5,1,0.828276705039295,0.828276705039295,SE Louisiana,Louisiana Tech,6,1,NA,313342545,2011-11-30
278,2,4:02,242,542,Louisiana Tech Offensive Rebound.,56,51,5,10,0.8281837470632057,0.8281837470632057,SE Louisiana,Louisiana Tech,6,1,NA,313342545,2011-11-30
279,2,3:52,232,532,J.L. Lewis made Layup.  Assisted by Kenneth Smith.,56,53,3,30,0.7197609786510355,0.7197609786510355,SE Louisiana,Louisiana Tech,6,1,NA,313342545,2011-11-30
280,2,3:22,202,502,Foul on Trevor Gaskins,56,53,3,0,0.7316357437674482,0.7316357437674482,SE Louisiana,Louisiana Tech,6,1,NA,313342545,2011-11-30
281,2,3:22,202,502,Official TV Timeout.,56,53,3,0,0.7316357437674482,0.7316357437674482,SE Louisiana,Louisiana Tech,6,1,NA,313342545,2011-11-30
282,2,3:22,202,502,Brandon Fortenberry made Free Throw.,57,53,4,0,0.7920373520715688,0.7920373520715688,SE Louisiana,Louisiana Tech,6,1,NA,313342545,2011-11-30
283,2,3:22,202,502,Brandon Fortenberry made Free Throw.,58,53,5,11,0.8417840428025303,0.8417840428025303,SE Louisiana,Louisiana Tech,6,1,NA,313342545,2011-11-30
284,2,3:11,191,491,Kenneth Smith missed Three Point Jumper.,58,53,5,0,0.8536800827796973,0.8536800827796973,SE Louisiana,Louisiana Tech,6,1,NA,313342545,2011-11-30
285,2,3:11,191,491,J.L. Lewis Offensive Rebound.,58,53,5,2,0.8536800827796973,0.8536800827796973,SE Louisiana,Louisiana Tech,6,1,NA,313342545,2011-11-30
286,2,3:09,189,489,Foul on DeShawn Patterson,58,53,5,0,0.8562429058026886,0.8562429058026886,SE Louisiana,Louisiana Tech,6,1,NA,313342545,2011-11-30
287,2,3:09,189,489,J.L. Lewis made Free Throw.,58,54,4,0,0.8065182385751074,0.8065182385751074,SE Louisiana,Louisiana Tech,6,1,NA,313342545,2011-11-30
288,2,3:09,189,489,J.L. Lewis made Free Throw.,58,55,3,21,0.744721923574801,0.744721923574801,SE Louisiana,Louisiana Tech,6,1,NA,313342545,2011-11-30
289,2,2:48,168,468,Jeremy Campbell missed Jumper.,58,55,3,0,0.7694337619446294,0.7694337619446294,SE Louisiana,Louisiana Tech,6,1,NA,313342545,2011-11-30
290,2,2:48,168,468,J.L. Lewis Defensive Rebound.,58,55,3,24,0.7694337619446294,0.7694337619446294,SE Louisiana,Louisiana Tech,6,1,NA,313342545,2011-11-30
291,2,2:24,144,444,J.L. Lewis made Three Point Jumper.  Assisted by Kenneth Smith.,58,58,0,16,0.5,0.5,SE Louisiana,Louisiana Tech,6,1,NA,313342545,2011-11-30
292,2,2:08,128,428,Foul on Cordarius Johnson,58,58,0,0,0.5,0.5,SE Louisiana,Louisiana Tech,6,1,NA,313342545,2011-11-30
293,2,2:08,128,428,DeShawn Patterson missed Free Throw.,58,58,0,0,0.5,0.5,SE Louisiana,Louisiana Tech,6,1,NA,313342545,2011-11-30
294,2,2:08,128,428,null,58,58,0,0,0.5,0.5,SE Louisiana,Louisiana Tech,6,1,NA,313342545,2011-11-30
295,2,2:08,128,428,DeShawn Patterson missed Free Throw.,58,58,0,0,0.5,0.5,SE Louisiana,Louisiana Tech,6,1,NA,313342545,2011-11-30
296,2,2:08,128,428,Cordarius Johnson Defensive Rebound.,58,58,0,23,0.5,0.5,SE Louisiana,Louisiana Tech,6,1,NA,313342545,2011-11-30
297,2,1:45,105,405,Foul on Daron Populist,58,58,0,0,0.5,0.5,SE Louisiana,Louisiana Tech,6,1,NA,313342545,2011-11-30
298,2,1:45,105,405,Kenyon McNeaill made Free Throw.,58,59,-1,0,0.35756913125123985,0.35756913125123985,SE Louisiana,Louisiana Tech,6,1,NA,313342545,2011-11-30
299,2,1:45,105,405,Kenyon McNeaill missed Free Throw.,58,59,-1,0,0.35756913125123985,0.35756913125123985,SE Louisiana,Louisiana Tech,6,1,NA,313342545,2011-11-30
300,2,1:45,105,405,Roosevelt Johnson Defensive Rebound.,58,59,-1,16,0.35756913125123985,0.35756913125123985,SE Louisiana,Louisiana Tech,6,1,NA,313342545,2011-11-30
301,2,1:29,89,389,Roosevelt Johnson missed Layup.,58,59,-1,0,0.34199021292651943,0.34199021292651943,SE Louisiana,Louisiana Tech,6,1,NA,313342545,2011-11-30
302,2,1:29,89,389,J.L. Lewis Defensive Rebound.,58,59,-1,30,0.34199021292651943,0.34199021292651943,SE Louisiana,Louisiana Tech,6,1,NA,313342545,2011-11-30
303,2,0:59,59,359,Cordarius Johnson missed Three Point Jumper.,58,59,-1,0,0.3095762369625999,0.3095762369625999,SE Louisiana,Louisiana Tech,6,1,NA,313342545,2011-11-30
304,2,0:59,59,359,Brandon Fortenberry Defensive Rebound.,58,59,-1,8,0.3095762369625999,0.3095762369625999,SE Louisiana,Louisiana Tech,6,1,NA,313342545,2011-11-30
305,2,0:51,51,351,Foul on Brandon Fortenberry,58,59,-1,0,0.3002747540702126,0.3002747540702126,SE Louisiana,Louisiana Tech,6,1,NA,313342545,2011-11-30
306,2,0:51,51,351,Brandon Fortenberry Turnover.,58,59,-1,26,0.3002747540702126,0.3002747540702126,SE Louisiana,Louisiana Tech,6,1,NA,313342545,2011-11-30
307,2,0:25,25,325,Kenneth Smith Turnover.,58,59,-1,0,0.2683291171038707,0.2683291171038707,SE Louisiana,Louisiana Tech,6,1,NA,313342545,2011-11-30
308,2,0:25,25,325,Southeastern Louisia Full Timeout.,58,59,-1,23,0.2683291171038707,0.2683291171038707,SE Louisiana,Louisiana Tech,6,0,NA,313342545,2011-11-30
309,2,0:02,2,302,DeShawn Patterson missed Jumper.,58,59,-1,0,0.23840948742742968,0.23840948742742968,SE Louisiana,Louisiana Tech,6,0,NA,313342545,2011-11-30
310,2,0:02,2,302,Roosevelt Johnson Offensive Rebound.,58,59,-1,1,0.23840948742742968,0.23840948742742968,SE Louisiana,Louisiana Tech,6,0,NA,313342545,2011-11-30
311,2,0:01,1,301,DeShawn Patterson made Free Throw.,59,59,0,0,0.5,0.5,SE Louisiana,Louisiana Tech,6,0,NA,313342545,2011-11-30
312,2,0:01,1,301,DeShawn Patterson missed Free Throw.,59,59,0,0,0.5,0.5,SE Louisiana,Louisiana Tech,6,0,NA,313342545,2011-11-30
313,2,0:01,1,301,Romario Souza Defensive Rebound.,59,59,0,1,0.5,0.5,SE Louisiana,Louisiana Tech,6,0,NA,313342545,2011-11-30
314,2,0:00,300,300,Foul on Kenneth Smith,58,59,-1,0,0.41996532742372034,0.41996532742372034,SE Louisiana,Louisiana Tech,6,0,NA,313342545,2011-11-30
315,2,0:00,300,300,End of the 2nd Half.,58,59,-1,0,0.41996532742372034,0.41996532742372034,SE Louisiana,Louisiana Tech,6,0,NA,313342545,2011-11-30
316,3,5:00,300,300,PLAY,58,59,-1,16,0.41996532742372034,0.41996532742372034,SE Louisiana,Louisiana Tech,7,1,NA,313342545,2011-11-30
317,3,4:44,284,284,DeShawn Patterson made Layup.,61,59,2,23,0.656861689685526,0.656861689685526,SE Louisiana,Louisiana Tech,7,1,NA,313342545,2011-11-30
318,3,4:21,261,261,Foul on Antonnio Benton,61,59,2,0,0.6543762998148905,0.6543762998148905,SE Louisiana,Louisiana Tech,7,1,NA,313342545,2011-11-30
319,3,4:21,261,261,Kenyon McNeaill made Free Throw.,61,60,1,0,0.5791209812166724,0.5791209812166724,SE Louisiana,Louisiana Tech,7,1,NA,313342545,2011-11-30
320,3,4:21,261,261,Kenyon McNeaill made Free Throw.,61,61,0,11,0.5,0.5,SE Louisiana,Louisiana Tech,7,1,NA,313342545,2011-11-30
321,3,4:10,250,250,DeShawn Patterson missed Jumper.,61,61,0,0,0.5,0.5,SE Louisiana,Louisiana Tech,7,1,NA,313342545,2011-11-30
322,3,4:10,250,250,Cordarius Johnson Defensive Rebound.,61,61,0,9,0.5,0.5,SE Louisiana,Louisiana Tech,7,1,NA,313342545,2011-11-30
323,3,4:01,241,241,Kenneth Smith Turnover.,61,61,0,15,0.5,0.5,SE Louisiana,Louisiana Tech,7,1,NA,313342545,2011-11-30
324,3,3:46,226,226,Antonnio Benton made Three Point Jumper.  Assisted by Brandon Fortenberry.,64,61,3,19,0.7204800641459133,0.7204800641459133,SE Louisiana,Louisiana Tech,7,1,NA,313342545,2011-11-30
325,3,3:27,207,207,Kenneth Smith missed Jumper.,64,61,3,0,0.7280285046801567,0.7280285046801567,SE Louisiana,Louisiana Tech,7,1,NA,313342545,2011-11-30
326,3,3:27,207,207,Antonnio Benton Defensive Rebound.,64,61,3,22,0.7280285046801567,0.7280285046801567,SE Louisiana,Louisiana Tech,7,1,NA,313342545,2011-11-30
327,3,3:05,185,185,Jeremy Campbell missed Jumper.,64,61,3,0,0.7494559872030223,0.7494559872030223,SE Louisiana,Louisiana Tech,7,1,NA,313342545,2011-11-30
328,3,3:05,185,185,Antonnio Benton Offensive Rebound.,64,61,3,3,0.7494559872030223,0.7494559872030223,SE Louisiana,Louisiana Tech,7,1,NA,313342545,2011-11-30
329,3,3:02,182,182,Antonnio Benton missed Jumper.,64,61,3,0,0.7529861872689948,0.7529861872689948,SE Louisiana,Louisiana Tech,7,1,NA,313342545,2011-11-30
330,3,3:02,182,182,Michale Kyser Block.,64,61,3,1,0.7529861872689948,0.7529861872689948,SE Louisiana,Louisiana Tech,7,1,NA,313342545,2011-11-30
331,3,3:01,181,181,Trevor Gaskins Defensive Rebound.,64,61,3,5,0.7541604121240805,0.7541604121240805,SE Louisiana,Louisiana Tech,7,1,NA,313342545,2011-11-30
332,3,2:56,176,176,Trevor Gaskins missed Layup.,64,61,3,0,0.7600237461292314,0.7600237461292314,SE Louisiana,Louisiana Tech,7,1,NA,313342545,2011-11-30
333,3,2:56,176,176,Trevor Gaskins Offensive Rebound.,64,61,3,7,0.7600237461292314,0.7600237461292314,SE Louisiana,Louisiana Tech,7,1,NA,313342545,2011-11-30
334,3,2:49,169,169,Kenyon McNeaill made Three Point Jumper.  Assisted by Trevor Gaskins.,64,64,0,24,0.5,0.5,SE Louisiana,Louisiana Tech,7,1,NA,313342545,2011-11-30
335,3,2:25,145,145,Southeastern Louisia Full Timeout.,64,64,0,10,0.5,0.5,SE Louisiana,Louisiana Tech,7,0,NA,313342545,2011-11-30
336,3,2:15,135,135,DeShawn Patterson made Layup.,66,64,2,0,0.7248924908127014,0.7248924908127014,SE Louisiana,Louisiana Tech,7,0,NA,313342545,2011-11-30
337,3,2:15,135,135,Foul on Kenyon McNeaill,66,64,2,0,0.7248924908127014,0.7248924908127014,SE Louisiana,Louisiana Tech,7,0,NA,313342545,2011-11-30
338,3,2:15,135,135,DeShawn Patterson missed Free Throw.,66,64,2,0,0.7248924908127014,0.7248924908127014,SE Louisiana,Louisiana Tech,7,0,NA,313342545,2011-11-30
339,3,2:15,135,135,Kenneth Smith Defensive Rebound.,66,64,2,28,0.7248924908127014,0.7248924908127014,SE Louisiana,Louisiana Tech,7,0,NA,313342545,2011-11-30
340,3,1:47,107,107,Trevor Gaskins Turnover.,66,64,2,0,0.760641368588266,0.760641368588266,SE Louisiana,Louisiana Tech,7,0,NA,313342545,2011-11-30
341,3,1:47,107,107,DeShawn Patterson Steal.,66,64,2,5,0.760641368588266,0.760641368588266,SE Louisiana,Louisiana Tech,7,0,NA,313342545,2011-11-30
342,3,1:42,102,102,DeShawn Patterson missed Layup.,66,64,2,0,0.7678136564668471,0.7678136564668471,SE Louisiana,Louisiana Tech,7,0,NA,313342545,2011-11-30
343,3,1:42,102,102,Cordarius Johnson Defensive Rebound.,66,64,2,6,0.7678136564668471,0.7678136564668471,SE Louisiana,Louisiana Tech,7,0,NA,313342545,2011-11-30
344,3,1:36,96,96,Trevor Gaskins missed Layup.,66,64,2,0,0.7767363978537619,0.7767363978537619,SE Louisiana,Louisiana Tech,7,0,NA,313342545,2011-11-30
345,3,1:36,96,96,Jeremy Campbell Block.,66,64,2,1,0.7767363978537619,0.7767363978537619,SE Louisiana,Louisiana Tech,7,0,NA,313342545,2011-11-30
346,3,1:35,95,95,Southeastern Louisia Defensive R.,66,64,2,18,0.7782563433413758,0.7782563433413758,SE Louisiana,Louisiana Tech,7,0,NA,313342545,2011-11-30
347,3,1:17,77,77,Jan Petrovcic missed Layup.,66,64,2,0,0.8053216373900555,0.8053216373900555,SE Louisiana,Louisiana Tech,7,0,NA,313342545,2011-11-30
348,3,1:17,77,77,J.L. Lewis Defensive Rebound.,66,64,2,6,0.8053216373900555,0.8053216373900555,SE Louisiana,Louisiana Tech,7,0,NA,313342545,2011-11-30
349,3,1:11,71,71,Kenneth Smith Turnover.,66,64,2,32,0.8144389223072004,0.8144389223072004,SE Louisiana,Louisiana Tech,7,0,NA,313342545,2011-11-30
350,3,0:39,39,39,Brandon Fortenberry made Jumper.,68,64,4,7,0.9749964808948618,0.9749964808948618,SE Louisiana,Louisiana Tech,7,0,NA,313342545,2011-11-30
351,3,0:32,32,32,Southeastern Louisia Full Timeout.,68,64,4,0,0.9788619621873176,0.9788619621873176,SE Louisiana,Louisiana Tech,7,-1,NA,313342545,2011-11-30
352,3,0:32,32,32,Cordarius Johnson missed Three Point Jumper.,68,64,4,0,0.9788619621873176,0.9788619621873176,SE Louisiana,Louisiana Tech,7,-1,NA,313342545,2011-11-30
353,3,0:32,32,32,Brandon Fortenberry Defensive Rebound.,68,64,4,2,0.9788619621873176,0.9788619621873176,SE Louisiana,Louisiana Tech,7,-1,NA,313342545,2011-11-30
354,3,0:30,30,30,Louisiana Tech Full Timeout.,68,64,4,4,0.979874628532239,0.979874628532239,SE Louisiana,Louisiana Tech,7,-2,NA,313342545,2011-11-30
355,3,0:26,26,26,Foul on Michale Kyser,68,64,4,0,0.981780575772125,0.981780575772125,SE Louisiana,Louisiana Tech,7,-2,NA,313342545,2011-11-30
356,3,0:26,26,26,Brandon Fortenberry missed Free Throw.,68,64,4,0,0.981780575772125,0.981780575772125,SE Louisiana,Louisiana Tech,7,-2,NA,313342545,2011-11-30
357,3,0:26,26,26,null,68,64,4,0,0.981780575772125,0.981780575772125,SE Louisiana,Louisiana Tech,7,-2,NA,313342545,2011-11-30
358,3,0:26,26,26,Brandon Fortenberry made Free Throw.,69,64,5,6,0.9931972303454936,0.9931972303454936,SE Louisiana,Louisiana Tech,7,-2,NA,313342545,2011-11-30
359,3,0:20,20,20,Kenneth Smith missed Three Point Jumper.,69,64,5,0,0.9943912765148744,0.9943912765148744,SE Louisiana,Louisiana Tech,7,-2,NA,313342545,2011-11-30
360,3,0:20,20,20,Cordarius Johnson Offensive Rebound.,69,64,5,2,0.9943912765148744,0.9943912765148744,SE Louisiana,Louisiana Tech,7,-2,NA,313342545,2011-11-30
361,3,0:18,18,18,Cordarius Johnson made Tip Shot.,69,66,3,0,0.9587762315563105,0.9587762315563105,SE Louisiana,Louisiana Tech,7,-2,NA,313342545,2011-11-30
362,3,0:18,18,18,Louisiana Tech Full Timeout.,69,66,3,7,0.9587762315563105,0.9587762315563105,SE Louisiana,Louisiana Tech,7,-3,NA,313342545,2011-11-30
363,3,0:11,11,11,Foul on Kenyon McNeaill,69,66,3,0,0.9641134250897672,0.9641134250897672,SE Louisiana,Louisiana Tech,7,-3,NA,313342545,2011-11-30
364,3,0:11,11,11,Daron Populist made Free Throw.,70,66,4,0,0.98772444949525,0.98772444949525,SE Louisiana,Louisiana Tech,7,-3,NA,313342545,2011-11-30
365,3,0:11,11,11,Daron Populist made Free Throw.,71,66,5,6,0.9958675458278029,0.9958675458278029,SE Louisiana,Louisiana Tech,7,-3,NA,313342545,2011-11-30
366,3,0:05,5,5,Trevor Gaskins made Layup.,71,68,3,0,0.968291875526715,0.968291875526715,SE Louisiana,Louisiana Tech,7,-3,NA,313342545,2011-11-30
367,3,0:05,5,5,Foul on Kenneth Smith,71,68,3,0,0.968291875526715,0.968291875526715,SE Louisiana,Louisiana Tech,7,-3,NA,313342545,2011-11-30
368,3,0:05,5,5,Antonnio Benton missed Free Throw.,71,68,3,0,0.968291875526715,0.968291875526715,SE Louisiana,Louisiana Tech,7,-3,NA,313342545,2011-11-30
369,3,0:05,5,5,null,71,68,3,0,0.968291875526715,0.968291875526715,SE Louisiana,Louisiana Tech,7,-3,NA,313342545,2011-11-30
370,3,0:05,5,5,Antonnio Benton made Free Throw.,72,68,4,4,0.989632052843119,0.989632052843119,SE Louisiana,Louisiana Tech,7,-3,NA,313342545,2011-11-30
371,3,0:01,1,1,Foul on Jan Petrovcic,72,68,4,0,0.9907597515972705,0.9907597515972705,SE Louisiana,Louisiana Tech,7,-3,NA,313342545,2011-11-30
372,3,0:01,1,1,Kenneth Smith missed Free Throw.,72,68,4,0,0.9907597515972705,0.9907597515972705,SE Louisiana,Louisiana Tech,7,-3,NA,313342545,2011-11-30
373,3,0:01,1,1,null,72,68,4,0,0.9907597515972705,0.9907597515972705,SE Louisiana,Louisiana Tech,7,-3,NA,313342545,2011-11-30
374,3,0:01,1,1,Kenneth Smith made Free Throw.,72,69,3,0,0.9708630270713,0.9708630270713,SE Louisiana,Louisiana Tech,7,-3,NA,313342545,2011-11-30
375,3,0:01,1,1,Louisiana Tech Full Timeout.,72,69,3,0,0.9708630270713,0.9708630270713,SE Louisiana,Louisiana Tech,7,-4,NA,313342545,2011-11-30
376,3,0:01,1,1,Kenneth Smith missed Free Throw.,72,69,3,0,0.9708630270713,0.9708630270713,SE Louisiana,Louisiana Tech,7,-4,NA,313342545,2011-11-30
377,3,0:01,1,1,Louisiana Tech Offensive Rebound.,72,69,3,1,0.9708630270713,0.9708630270713,SE Louisiana,Louisiana Tech,7,-4,NA,313342545,2011-11-30
378,3,0:00,0,0,Cordarius Johnson missed Three Point Jumper.,72,69,3,0,1,1,SE Louisiana,Louisiana Tech,7,-4,NA,313342545,2011-11-30
379,3,0:00,0,0,Southeastern Louisia Defensive R.,72,69,3,0,1,1,SE Louisiana,Louisiana Tech,7,-4,NA,313342545,2011-11-30
380,3,0:00,0,0,End of the 1st Overtime.,72,69,3,0,1,1,SE Louisiana,Louisiana Tech,7,-4,NA,313342545,2011-11-30
381,3,0:00,0,0,End Game,72,69,3,0,1,1,SE Louisiana,Louisiana Tech,7,-4,NA,313342545,2011-11-30
