game_id,date,home,away,play_id,half,time_remaining_half,secs_remaining,secs_remaining_absolute,description,action_team,home_score,away_score,score_diff,play_length,scoring_play,foul,win_prob,naive_win_prob,home_time_out_remaining,away_time_out_remaining,home_favored_by,total_line,referees,arena_location,arena,capacity,attendance,shot_x,shot_y,shot_team,shot_outcome,shooter,assist,three_pt,free_throw,possession_before,possession_after,wrong_time
401721427,2025-02-14,Indiana,UCLA,1,1,20:00,2400,2400,Start game,NA,0,0,0,0,FALSE,FALSE,0.4401270285209717,0.5,4,4,-1.5,141.5,Earl Walton/Kipp Kissinger/Doug Sirmons,"Bloomington, IN",Simon Skjodt Assembly Hall,NA,17222,NA,NA,NA,NA,NA,NA,NA,NA,NA,Indiana,FALSE
401721427,2025-02-14,Indiana,UCLA,2,1,19:57,2397,2397,Jump Ball won by Indiana,home,0,0,0,3,FALSE,FALSE,0.4401447070467671,0.5,4,4,-1.5,141.5,Earl Walton/Kipp Kissinger/Doug Sirmons,"Bloomington, IN",Simon Skjodt Assembly Hall,NA,17222,NA,NA,NA,NA,NA,NA,NA,NA,Indiana,Indiana,FALSE
401721427,2025-02-14,Indiana,UCLA,3,1,19:57,2397,2397,Jump Ball lost by UCLA,away,0,0,0,0,FALSE,FALSE,0.4401447070467671,0.5,4,4,-1.5,141.5,Earl Walton/Kipp Kissinger/Doug Sirmons,"Bloomington, IN",Simon Skjodt Assembly Hall,NA,17222,NA,NA,NA,NA,NA,NA,NA,NA,Indiana,Indiana,FALSE
401721427,2025-02-14,Indiana,UCLA,4,1,19:46,2386,2386,Foul on Kobe Johnson.,away,0,0,0,11,FALSE,TRUE,0.4402100723514928,0.5,4,4,-1.5,141.5,Earl Walton/Kipp Kissinger/Doug Sirmons,"Bloomington, IN",Simon Skjodt Assembly Hall,NA,17222,NA,NA,NA,NA,NA,NA,NA,NA,Indiana,Indiana,FALSE
401721427,2025-02-14,Indiana,UCLA,5,1,19:46,2386,2386,Oumar Ballo made Free Throw.,home,1,0,1,0,TRUE,FALSE,0.4622134702150011,0.5222040562647515,4,4,-1.5,141.5,Earl Walton/Kipp Kissinger/Doug Sirmons,"Bloomington, IN",Simon Skjodt Assembly Hall,NA,17222,NA,NA,Indiana,made,Oumar Ballo,NA,NA,TRUE,Indiana,Indiana,FALSE
401721427,2025-02-14,Indiana,UCLA,6,1,19:46,2386,2386,Oumar Ballo made Free Throw.,home,2,0,2,0,TRUE,FALSE,0.4843650547132166,0.5443207085263143,4,4,-1.5,141.5,Earl Walton/Kipp Kissinger/Doug Sirmons,"Bloomington, IN",Simon Skjodt Assembly Hall,NA,17222,NA,NA,Indiana,made,Oumar Ballo,NA,NA,TRUE,Indiana,UCLA,FALSE
401721427,2025-02-14,Indiana,UCLA,7,1,19:35,2375,2375,Tyler Bilodeau made Three Point Jumper. Assisted by Kobe Johnson.,away,2,3,-1,11,TRUE,FALSE,0.4183900452396663,0.47767855938060527,4,4,-1.5,141.5,Earl Walton/Kipp Kissinger/Doug Sirmons,"Bloomington, IN",Simon Skjodt Assembly Hall,NA,17222,-42.75,-23,UCLA,made,Tyler Bilodeau,Kobe Johnson,TRUE,FALSE,UCLA,Indiana,FALSE
401721427,2025-02-14,Indiana,UCLA,8,1,19:09,2349,2349,Mackenzie Mgbako made Jumper.,home,4,3,1,26,TRUE,FALSE,0.4628385386444213,0.5226022929662745,4,4,-1.5,141.5,Earl Walton/Kipp Kissinger/Doug Sirmons,"Bloomington, IN",Simon Skjodt Assembly Hall,NA,17222,29.75,15,Indiana,made,Mackenzie Mgbako,NA,FALSE,FALSE,Indiana,UCLA,FALSE
401721427,2025-02-14,Indiana,UCLA,9,1,18:41,2321,2321,Dylan Andrews missed Three Point Jumper.,away,4,3,1,28,FALSE,FALSE,0.46332449996739017,0.5229096589972142,4,4,-1.5,141.5,Earl Walton/Kipp Kissinger/Doug Sirmons,"Bloomington, IN",Simon Skjodt Assembly Hall,NA,17222,-15.75,8,UCLA,missed,Dylan Andrews,NA,TRUE,FALSE,UCLA,Indiana,FALSE
401721427,2025-02-14,Indiana,UCLA,10,1,18:37,2317,2317,Oumar Ballo Defensive Rebound.,home,4,3,1,4,FALSE,FALSE,0.46339480938867833,0.5229539514536978,4,4,-1.5,141.5,Earl Walton/Kipp Kissinger/Doug Sirmons,"Bloomington, IN",Simon Skjodt Assembly Hall,NA,17222,NA,NA,NA,NA,NA,NA,NA,NA,UCLA,Indiana,FALSE
401721427,2025-02-14,Indiana,UCLA,11,1,18:21,2301,2301,Luke Goode missed Three Point Jumper.,home,4,3,1,16,FALSE,FALSE,0.4636782222107709,0.5231320113790872,4,4,-1.5,141.5,Earl Walton/Kipp Kissinger/Doug Sirmons,"Bloomington, IN",Simon Skjodt Assembly Hall,NA,17222,42.75,-22,Indiana,missed,Luke Goode,NA,TRUE,FALSE,Indiana,Indiana,FALSE
401721427,2025-02-14,Indiana,UCLA,12,1,18:20,2300,2300,Indiana Offensive Rebound.,home,4,3,1,1,FALSE,FALSE,0.46369605011772713,0.5231431858431752,4,4,-1.5,141.5,Earl Walton/Kipp Kissinger/Doug Sirmons,"Bloomington, IN",Simon Skjodt Assembly Hall,NA,17222,NA,NA,NA,NA,NA,NA,NA,NA,Indiana,Indiana,FALSE
401721427,2025-02-14,Indiana,UCLA,13,1,18:07,2287,2287,Mackenzie Mgbako missed Layup.,home,4,3,1,13,FALSE,FALSE,0.46392902535141384,0.5232889193593527,4,4,-1.5,141.5,Earl Walton/Kipp Kissinger/Doug Sirmons,"Bloomington, IN",Simon Skjodt Assembly Hall,NA,17222,33.75,-1,Indiana,missed,Mackenzie Mgbako,NA,FALSE,FALSE,Indiana,Indiana,FALSE
401721427,2025-02-14,Indiana,UCLA,14,1,18:06,2286,2286,Mackenzie Mgbako Offensive Rebound.,home,4,3,1,1,FALSE,FALSE,0.46394703922989927,0.5233001645140872,4,4,-1.5,141.5,Earl Walton/Kipp Kissinger/Doug Sirmons,"Bloomington, IN",Simon Skjodt Assembly Hall,NA,17222,NA,NA,NA,NA,NA,NA,NA,NA,Indiana,Indiana,FALSE
401721427,2025-02-14,Indiana,UCLA,15,1,18:03,2283,2283,Anthony Leal made Layup. Assisted by Trey Galloway.,home,6,3,3,3,TRUE,FALSE,0.5106389390397742,0.5695978763155807,4,4,-1.5,141.5,Earl Walton/Kipp Kissinger/Doug Sirmons,"Bloomington, IN",Simon Skjodt Assembly Hall,NA,17222,40.75,2,Indiana,made,Anthony Leal,Trey Galloway,FALSE,FALSE,Indiana,UCLA,FALSE
401721427,2025-02-14,Indiana,UCLA,16,1,17:44,2264,2264,Tyler Bilodeau Turnover.,away,6,3,3,19,FALSE,FALSE,0.5114163963693462,0.5702310973753852,4,4,-1.5,141.5,Earl Walton/Kipp Kissinger/Doug Sirmons,"Bloomington, IN",Simon Skjodt Assembly Hall,NA,17222,NA,NA,NA,NA,NA,NA,NA,NA,UCLA,Indiana,FALSE
401721427,2025-02-14,Indiana,UCLA,17,1,17:44,2264,2264,Luke Goode Steal.,home,6,3,3,0,FALSE,FALSE,0.5114163963693462,0.5702310973753852,4,4,-1.5,141.5,Earl Walton/Kipp Kissinger/Doug Sirmons,"Bloomington, IN",Simon Skjodt Assembly Hall,NA,17222,NA,NA,NA,NA,NA,NA,NA,NA,UCLA,Indiana,FALSE
401721427,2025-02-14,Indiana,UCLA,18,1,17:40,2260,2260,Trey Galloway Turnover.,home,6,3,3,4,FALSE,FALSE,0.5115810641254029,0.5703649781600648,4,4,-1.5,141.5,Earl Walton/Kipp Kissinger/Doug Sirmons,"Bloomington, IN",Simon Skjodt Assembly Hall,NA,17222,NA,NA,NA,NA,NA,NA,NA,NA,Indiana,UCLA,FALSE
401721427,2025-02-14,Indiana,UCLA,19,1,17:40,2260,2260,Skyy Clark subbing out for UCLA,away,6,3,3,0,FALSE,FALSE,0.5115810641254029,0.5703649781600648,4,4,-1.5,141.5,Earl Walton/Kipp Kissinger/Doug Sirmons,"Bloomington, IN",Simon Skjodt Assembly Hall,NA,17222,NA,NA,NA,NA,NA,NA,NA,NA,Indiana,UCLA,FALSE
401721427,2025-02-14,Indiana,UCLA,20,1,17:40,2260,2260,Lazar Stefanovic subbing in for UCLA,away,6,3,3,0,FALSE,FALSE,0.5115810641254029,0.5703649781600648,4,4,-1.5,141.5,Earl Walton/Kipp Kissinger/Doug Sirmons,"Bloomington, IN",Simon Skjodt Assembly Hall,NA,17222,NA,NA,NA,NA,NA,NA,NA,NA,Indiana,UCLA,FALSE
401721427,2025-02-14,Indiana,UCLA,21,1,17:24,2244,2244,Foul on Oumar Ballo.,home,6,3,3,16,FALSE,TRUE,0.5122430424958098,0.5709023243373903,4,4,-1.5,141.5,Earl Walton/Kipp Kissinger/Doug Sirmons,"Bloomington, IN",Simon Skjodt Assembly Hall,NA,17222,NA,NA,NA,NA,NA,NA,NA,NA,UCLA,UCLA,FALSE
401721427,2025-02-14,Indiana,UCLA,22,1,17:24,2244,2244,Tyler Bilodeau made Free Throw.,away,6,4,2,0,TRUE,FALSE,0.48845308037665697,0.5474457454180928,4,4,-1.5,141.5,Earl Walton/Kipp Kissinger/Doug Sirmons,"Bloomington, IN",Simon Skjodt Assembly Hall,NA,17222,NA,NA,UCLA,made,Tyler Bilodeau,NA,NA,TRUE,UCLA,UCLA,FALSE
401721427,2025-02-14,Indiana,UCLA,23,1,17:24,2244,2244,Tyler Bilodeau made Free Throw.,away,6,5,1,0,TRUE,FALSE,0.46471531236114266,0.523776517028738,4,4,-1.5,141.5,Earl Walton/Kipp Kissinger/Doug Sirmons,"Bloomington, IN",Simon Skjodt Assembly Hall,NA,17222,NA,NA,UCLA,made,Tyler Bilodeau,NA,NA,TRUE,UCLA,Indiana,FALSE
401721427,2025-02-14,Indiana,UCLA,24,1,17:05,2225,2225,Mackenzie Mgbako made Layup.,home,8,5,3,19,TRUE,FALSE,0.5130357136648971,0.5715438722764842,4,4,-1.5,141.5,Earl Walton/Kipp Kissinger/Doug Sirmons,"Bloomington, IN",Simon Skjodt Assembly Hall,NA,17222,36.75,5,Indiana,made,Mackenzie Mgbako,NA,FALSE,FALSE,Indiana,UCLA,FALSE
401721427,2025-02-14,Indiana,UCLA,25,1,16:48,2208,2208,Eric Dailey Jr. made Jumper. Assisted by Dylan Andrews.,away,8,7,1,17,TRUE,FALSE,0.4653914181641429,0.5241901517188926,4,4,-1.5,141.5,Earl Walton/Kipp Kissinger/Doug Sirmons,"Bloomington, IN",Simon Skjodt Assembly Hall,NA,17222,-27.75,1,UCLA,made,Eric Dailey Jr.,Dylan Andrews,FALSE,FALSE,UCLA,Indiana,FALSE
401721427,2025-02-14,Indiana,UCLA,26,1,16:16,2176,2176,Mackenzie Mgbako made Jumper.,home,10,7,3,32,TRUE,FALSE,0.5151096479901416,0.5732120191781188,4,4,-1.5,141.5,Earl Walton/Kipp Kissinger/Doug Sirmons,"Bloomington, IN",Simon Skjodt Assembly Hall,NA,17222,32.75,-0,Indiana,made,Mackenzie Mgbako,NA,FALSE,FALSE,Indiana,UCLA,FALSE
401721427,2025-02-14,Indiana,UCLA,27,1,15:49,2149,2149,Eric Dailey Jr. made Layup.,away,10,9,1,27,TRUE,FALSE,0.4665328716347637,0.5248758162880408,4,4,-1.5,141.5,Earl Walton/Kipp Kissinger/Doug Sirmons,"Bloomington, IN",Simon Skjodt Assembly Hall,NA,17222,-39.75,4,UCLA,made,Eric Dailey Jr.,NA,FALSE,FALSE,UCLA,Indiana,FALSE
401721427,2025-02-14,Indiana,UCLA,28,1,15:18,2118,2118,Anthony Leal missed Three Point Jumper.,home,10,9,1,31,FALSE,FALSE,0.4671500238927858,0.5252410183927532,4,4,-1.5,141.5,Earl Walton/Kipp Kissinger/Doug Sirmons,"Bloomington, IN",Simon Skjodt Assembly Hall,NA,17222,13.75,4,Indiana,missed,Anthony Leal,NA,TRUE,FALSE,Indiana,UCLA,FALSE
401721427,2025-02-14,Indiana,UCLA,29,1,15:16,2116,2116,Indiana Deadball Team Rebound.,home,10,9,1,2,FALSE,FALSE,0.46719027041096667,0.5252647261373411,4,4,-1.5,141.5,Earl Walton/Kipp Kissinger/Doug Sirmons,"Bloomington, IN",Simon Skjodt Assembly Hall,NA,17222,NA,NA,NA,NA,NA,NA,NA,NA,Indiana,UCLA,FALSE
401721427,2025-02-14,Indiana,UCLA,30,1,15:16,2116,2116,Indiana  Turnover.,home,10,9,1,0,FALSE,FALSE,0.46719027041096667,0.5252647261373411,4,4,-1.5,141.5,Earl Walton/Kipp Kissinger/Doug Sirmons,"Bloomington, IN",Simon Skjodt Assembly Hall,NA,17222,NA,NA,NA,NA,NA,NA,NA,NA,Indiana,UCLA,FALSE
401721427,2025-02-14,Indiana,UCLA,31,1,15:16,2116,2116,Official TV Timeout,NA,10,9,1,0,FALSE,FALSE,0.46719027041096667,0.5252647261373411,4,4,-1.5,141.5,Earl Walton/Kipp Kissinger/Doug Sirmons,"Bloomington, IN",Simon Skjodt Assembly Hall,NA,17222,NA,NA,NA,NA,NA,NA,NA,NA,Indiana,UCLA,FALSE
401721427,2025-02-14,Indiana,UCLA,32,1,15:16,2116,2116,Dylan Andrews subbing out for UCLA,away,10,9,1,0,FALSE,FALSE,0.46719027041096667,0.5252647261373411,4,4,-1.5,141.5,Earl Walton/Kipp Kissinger/Doug Sirmons,"Bloomington, IN",Simon Skjodt Assembly Hall,NA,17222,NA,NA,NA,NA,NA,NA,NA,NA,Indiana,UCLA,FALSE
401721427,2025-02-14,Indiana,UCLA,33,1,15:16,2116,2116,Skyy Clark subbing in for UCLA,away,10,9,1,0,FALSE,FALSE,0.46719027041096667,0.5252647261373411,4,4,-1.5,141.5,Earl Walton/Kipp Kissinger/Doug Sirmons,"Bloomington, IN",Simon Skjodt Assembly Hall,NA,17222,NA,NA,NA,NA,NA,NA,NA,NA,Indiana,UCLA,FALSE
401721427,2025-02-14,Indiana,UCLA,34,1,14:55,2095,2095,Tyler Bilodeau missed Jumper.,away,10,9,1,21,FALSE,FALSE,0.4676160478933261,0.5255148023636137,4,4,-1.5,141.5,Earl Walton/Kipp Kissinger/Doug Sirmons,"Bloomington, IN",Simon Skjodt Assembly Hall,NA,17222,-26.75,-5,UCLA,missed,Tyler Bilodeau,NA,FALSE,FALSE,UCLA,UCLA,FALSE
401721427,2025-02-14,Indiana,UCLA,35,1,14:53,2093,2093,UCLA Offensive Rebound.,away,10,9,1,2,FALSE,FALSE,0.4676569036313106,0.525538731453577,4,4,-1.5,141.5,Earl Walton/Kipp Kissinger/Doug Sirmons,"Bloomington, IN",Simon Skjodt Assembly Hall,NA,17222,NA,NA,NA,NA,NA,NA,NA,NA,UCLA,UCLA,FALSE
401721427,2025-02-14,Indiana,UCLA,36,1,14:47,2087,2087,Kobe Johnson missed Layup.,away,10,9,1,6,FALSE,FALSE,0.46777979178824525,0.5256106398677499,4,4,-1.5,141.5,Earl Walton/Kipp Kissinger/Doug Sirmons,"Bloomington, IN",Simon Skjodt Assembly Hall,NA,17222,-38.75,-2,UCLA,missed,Kobe Johnson,NA,FALSE,FALSE,UCLA,UCLA,FALSE
401721427,2025-02-14,Indiana,UCLA,37,1,14:45,2085,2085,Kobe Johnson Offensive Rebound.,away,10,9,1,2,FALSE,FALSE,0.4678208617363614,0.5256346501751078,4,4,-1.5,141.5,Earl Walton/Kipp Kissinger/Doug Sirmons,"Bloomington, IN",Simon Skjodt Assembly Hall,NA,17222,NA,NA,NA,NA,NA,NA,NA,NA,UCLA,UCLA,FALSE
401721427,2025-02-14,Indiana,UCLA,38,1,14:44,2084,2084,Kobe Johnson missed Layup.,away,10,9,1,1,FALSE,FALSE,0.4678414168577579,0.5256466630622313,4,4,-1.5,141.5,Earl Walton/Kipp Kissinger/Doug Sirmons,"Bloomington, IN",Simon Skjodt Assembly Hall,NA,17222,-38.75,1,UCLA,missed,Kobe Johnson,NA,FALSE,FALSE,UCLA,Indiana,FALSE
401721427,2025-02-14,Indiana,UCLA,39,1,14:42,2082,2082,Oumar Ballo Defensive Rebound.,home,10,9,1,2,FALSE,FALSE,0.4678825674417566,0.5256707043885878,4,4,-1.5,141.5,Earl Walton/Kipp Kissinger/Doug Sirmons,"Bloomington, IN",Simon Skjodt Assembly Hall,NA,17222,NA,NA,NA,NA,NA,NA,NA,NA,UCLA,Indiana,FALSE
401721427,2025-02-14,Indiana,UCLA,40,1,14:14,2054,2054,Oumar Ballo missed Jumper.,home,10,9,1,28,FALSE,FALSE,0.4684643637756173,0.5260095342158724,4,4,-1.5,141.5,Earl Walton/Kipp Kissinger/Doug Sirmons,"Bloomington, IN",Simon Skjodt Assembly Hall,NA,17222,39.75,-8,Indiana,missed,Oumar Ballo,NA,FALSE,FALSE,Indiana,UCLA,FALSE
401721427,2025-02-14,Indiana,UCLA,41,1,14:12,2052,2052,Lazar Stefanovic Defensive Rebound.,away,10,9,1,2,FALSE,FALSE,0.46850632993174296,0.5260339026034504,4,4,-1.5,141.5,Earl Walton/Kipp Kissinger/Doug Sirmons,"Bloomington, IN",Simon Skjodt Assembly Hall,NA,17222,NA,NA,NA,NA,NA,NA,NA,NA,Indiana,UCLA,FALSE
401721427,2025-02-14,Indiana,UCLA,42,1,14:12,2052,2052,Anthony Leal subbing out for Indiana,home,10,9,1,0,FALSE,FALSE,0.46850632993174296,0.5260339026034504,4,4,-1.5,141.5,Earl Walton/Kipp Kissinger/Doug Sirmons,"Bloomington, IN",Simon Skjodt Assembly Hall,NA,17222,NA,NA,NA,NA,NA,NA,NA,NA,Indiana,UCLA,FALSE
401721427,2025-02-14,Indiana,UCLA,43,1,14:12,2052,2052,Oumar Ballo subbing out for Indiana,home,10,9,1,0,FALSE,FALSE,0.46850632993174296,0.5260339026034504,4,4,-1.5,141.5,Earl Walton/Kipp Kissinger/Doug Sirmons,"Bloomington, IN",Simon Skjodt Assembly Hall,NA,17222,NA,NA,NA,NA,NA,NA,NA,NA,Indiana,UCLA,FALSE
401721427,2025-02-14,Indiana,UCLA,44,1,14:12,2052,2052,Myles Rice subbing in for Indiana,home,10,9,1,0,FALSE,FALSE,0.46850632993174296,0.5260339026034504,4,4,-1.5,141.5,Earl Walton/Kipp Kissinger/Doug Sirmons,"Bloomington, IN",Simon Skjodt Assembly Hall,NA,17222,NA,NA,NA,NA,NA,NA,NA,NA,Indiana,UCLA,FALSE
401721427,2025-02-14,Indiana,UCLA,45,1,14:12,2052,2052,Malik Reneau subbing in for Indiana,home,10,9,1,0,FALSE,FALSE,0.46850632993174296,0.5260339026034504,4,4,-1.5,141.5,Earl Walton/Kipp Kissinger/Doug Sirmons,"Bloomington, IN",Simon Skjodt Assembly Hall,NA,17222,NA,NA,NA,NA,NA,NA,NA,NA,Indiana,UCLA,FALSE
401721427,2025-02-14,Indiana,UCLA,46,1,13:46,2026,2026,Skyy Clark made Three Point Jumper. Assisted by Lazar Stefanovic.,away,10,12,-2,26,TRUE,FALSE,0.39163186508159203,0.44744035536409993,4,4,-1.5,141.5,Earl Walton/Kipp Kissinger/Doug Sirmons,"Bloomington, IN",Simon Skjodt Assembly Hall,NA,17222,-17.75,-1,UCLA,made,Skyy Clark,Lazar Stefanovic,TRUE,FALSE,UCLA,Indiana,FALSE
401721427,2025-02-14,Indiana,UCLA,47,1,13:18,1998,1998,Mackenzie Mgbako missed Three Point Jumper.,home,10,12,-2,28,FALSE,FALSE,0.39121115726532274,0.4467499572376094,4,4,-1.5,141.5,Earl Walton/Kipp Kissinger/Doug Sirmons,"Bloomington, IN",Simon Skjodt Assembly Hall,NA,17222,36.75,-22,Indiana,missed,Mackenzie Mgbako,NA,TRUE,FALSE,Indiana,UCLA,FALSE
401721427,2025-02-14,Indiana,UCLA,48,1,13:14,1994,1994,Kobe Johnson Defensive Rebound.,away,10,12,-2,4,FALSE,FALSE,0.39115072982392085,0.446650515661843,4,4,-1.5,141.5,Earl Walton/Kipp Kissinger/Doug Sirmons,"Bloomington, IN",Simon Skjodt Assembly Hall,NA,17222,NA,NA,NA,NA,NA,NA,NA,NA,Indiana,UCLA,FALSE
401721427,2025-02-14,Indiana,UCLA,49,1,13:00,1980,1980,Lazar Stefanovic missed Three Point Jumper.,away,10,12,-2,14,FALSE,FALSE,0.39093851410590014,0.4463008045834694,4,4,-1.5,141.5,Earl Walton/Kipp Kissinger/Doug Sirmons,"Bloomington, IN",Simon Skjodt Assembly Hall,NA,17222,-39.75,23,UCLA,missed,Lazar Stefanovic,NA,TRUE,FALSE,UCLA,Indiana,FALSE
401721427,2025-02-14,Indiana,UCLA,50,1,12:57,1977,1977,Luke Goode Defensive Rebound.,home,10,12,-2,3,FALSE,FALSE,0.39089288653167076,0.44622552346837313,4,4,-1.5,141.5,Earl Walton/Kipp Kissinger/Doug Sirmons,"Bloomington, IN",Simon Skjodt Assembly Hall,NA,17222,NA,NA,NA,NA,NA,NA,NA,NA,UCLA,Indiana,FALSE
401721427,2025-02-14,Indiana,UCLA,51,1,12:51,1971,1971,Mackenzie Mgbako missed Layup.,home,10,12,-2,6,FALSE,FALSE,0.39080146135446253,0.4460745911378282,4,4,-1.5,141.5,Earl Walton/Kipp Kissinger/Doug Sirmons,"Bloomington, IN",Simon Skjodt Assembly Hall,NA,17222,36.75,1,Indiana,missed,Mackenzie Mgbako,NA,FALSE,FALSE,Indiana,Indiana,FALSE
401721427,2025-02-14,Indiana,UCLA,52,1,12:49,1969,1969,Indiana Offensive Rebound.,home,10,12,-2,2,FALSE,FALSE,0.39077093474583596,0.44602416972487924,4,4,-1.5,141.5,Earl Walton/Kipp Kissinger/Doug Sirmons,"Bloomington, IN",Simon Skjodt Assembly Hall,NA,17222,NA,NA,NA,NA,NA,NA,NA,NA,Indiana,Indiana,FALSE
401721427,2025-02-14,Indiana,UCLA,53,1,12:49,1969,1969,Mackenzie Mgbako subbing out for Indiana,home,10,12,-2,0,FALSE,FALSE,0.39077093474583596,0.44602416972487924,4,4,-1.5,141.5,Earl Walton/Kipp Kissinger/Doug Sirmons,"Bloomington, IN",Simon Skjodt Assembly Hall,NA,17222,NA,NA,NA,NA,NA,NA,NA,NA,Indiana,Indiana,FALSE
401721427,2025-02-14,Indiana,UCLA,54,1,12:49,1969,1969,Bryson Tucker subbing in for Indiana,home,10,12,-2,0,FALSE,FALSE,0.39077093474583596,0.44602416972487924,4,4,-1.5,141.5,Earl Walton/Kipp Kissinger/Doug Sirmons,"Bloomington, IN",Simon Skjodt Assembly Hall,NA,17222,NA,NA,NA,NA,NA,NA,NA,NA,Indiana,Indiana,FALSE
401721427,2025-02-14,Indiana,UCLA,55,1,12:49,1969,1969,Kobe Johnson subbing out for UCLA,away,10,12,-2,0,FALSE,FALSE,0.39077093474583596,0.44602416972487924,4,4,-1.5,141.5,Earl Walton/Kipp Kissinger/Doug Sirmons,"Bloomington, IN",Simon Skjodt Assembly Hall,NA,17222,NA,NA,NA,NA,NA,NA,NA,NA,Indiana,Indiana,FALSE
401721427,2025-02-14,Indiana,UCLA,56,1,12:49,1969,1969,Tyler Bilodeau subbing out for UCLA,away,10,12,-2,0,FALSE,FALSE,0.39077093474583596,0.44602416972487924,4,4,-1.5,141.5,Earl Walton/Kipp Kissinger/Doug Sirmons,"Bloomington, IN",Simon Skjodt Assembly Hall,NA,17222,NA,NA,NA,NA,NA,NA,NA,NA,Indiana,Indiana,FALSE
401721427,2025-02-14,Indiana,UCLA,57,1,12:49,1969,1969,Sebastian Mack subbing in for UCLA,away,10,12,-2,0,FALSE,FALSE,0.39077093474583596,0.44602416972487924,4,4,-1.5,141.5,Earl Walton/Kipp Kissinger/Doug Sirmons,"Bloomington, IN",Simon Skjodt Assembly Hall,NA,17222,NA,NA,NA,NA,NA,NA,NA,NA,Indiana,Indiana,FALSE
401721427,2025-02-14,Indiana,UCLA,58,1,12:49,1969,1969,William Kyle III subbing in for UCLA,away,10,12,-2,0,FALSE,FALSE,0.39077093474583596,0.44602416972487924,4,4,-1.5,141.5,Earl Walton/Kipp Kissinger/Doug Sirmons,"Bloomington, IN",Simon Skjodt Assembly Hall,NA,17222,NA,NA,NA,NA,NA,NA,NA,NA,Indiana,Indiana,FALSE
401721427,2025-02-14,Indiana,UCLA,59,1,12:25,1945,1945,Malik Reneau missed Jumper.,home,10,12,-2,24,FALSE,FALSE,0.39040247226336566,0.4454146872099188,4,4,-1.5,141.5,Earl Walton/Kipp Kissinger/Doug Sirmons,"Bloomington, IN",Simon Skjodt Assembly Hall,NA,17222,30.75,-0,Indiana,missed,Malik Reneau,NA,FALSE,FALSE,Indiana,UCLA,FALSE
401721427,2025-02-14,Indiana,UCLA,60,1,12:23,1943,1943,William Kyle III Defensive Rebound.,away,10,12,-2,2,FALSE,FALSE,0.3903715787839462,0.445363520132641,4,4,-1.5,141.5,Earl Walton/Kipp Kissinger/Doug Sirmons,"Bloomington, IN",Simon Skjodt Assembly Hall,NA,17222,NA,NA,NA,NA,NA,NA,NA,NA,Indiana,UCLA,FALSE
401721427,2025-02-14,Indiana,UCLA,61,1,12:16,1936,1936,Skyy Clark missed Layup.,away,10,12,-2,7,FALSE,FALSE,0.3902632097003597,0.44518396725474196,4,4,-1.5,141.5,Earl Walton/Kipp Kissinger/Doug Sirmons,"Bloomington, IN",Simon Skjodt Assembly Hall,NA,17222,-36.75,-2,UCLA,missed,Skyy Clark,NA,FALSE,FALSE,UCLA,Indiana,FALSE
401721427,2025-02-14,Indiana,UCLA,62,1,12:13,1933,1933,Luke Goode Defensive Rebound.,home,10,12,-2,3,FALSE,FALSE,0.3902166482249293,0.44510679111988455,4,4,-1.5,141.5,Earl Walton/Kipp Kissinger/Doug Sirmons,"Bloomington, IN",Simon Skjodt Assembly Hall,NA,17222,NA,NA,NA,NA,NA,NA,NA,NA,UCLA,Indiana,FALSE
401721427,2025-02-14,Indiana,UCLA,63,1,12:02,1922,1922,Foul on William Kyle III.,away,10,12,-2,11,FALSE,TRUE,0.3900460378429776,0.4448232919571737,4,4,-1.5,141.5,Earl Walton/Kipp Kissinger/Doug Sirmons,"Bloomington, IN",Simon Skjodt Assembly Hall,NA,17222,NA,NA,NA,NA,NA,NA,NA,NA,Indiana,Indiana,FALSE
401721427,2025-02-14,Indiana,UCLA,64,1,12:02,1922,1922,Malik Reneau made Free Throw.,home,11,12,-1,0,TRUE,FALSE,0.4167051202068029,0.47232713873951676,4,4,-1.5,141.5,Earl Walton/Kipp Kissinger/Doug Sirmons,"Bloomington, IN",Simon Skjodt Assembly Hall,NA,17222,NA,NA,Indiana,made,Malik Reneau,NA,NA,TRUE,Indiana,Indiana,FALSE
401721427,2025-02-14,Indiana,UCLA,65,1,12:02,1922,1922,Malik Reneau missed Free Throw.,home,11,12,-1,0,FALSE,FALSE,0.4167051202068029,0.47232713873951676,4,4,-1.5,141.5,Earl Walton/Kipp Kissinger/Doug Sirmons,"Bloomington, IN",Simon Skjodt Assembly Hall,NA,17222,NA,NA,Indiana,missed,Malik Reneau,NA,NA,TRUE,Indiana,UCLA,FALSE
401721427,2025-02-14,Indiana,UCLA,66,1,11:59,1919,1919,Lazar Stefanovic Defensive Rebound.,away,11,12,-1,3,FALSE,FALSE,0.41669587608981445,0.47228815893659803,4,4,-1.5,141.5,Earl Walton/Kipp Kissinger/Doug Sirmons,"Bloomington, IN",Simon Skjodt Assembly Hall,NA,17222,NA,NA,NA,NA,NA,NA,NA,NA,Indiana,UCLA,FALSE
401721427,2025-02-14,Indiana,UCLA,67,1,11:34,1894,1894,Eric Dailey Jr. missed Jumper.,away,11,12,-1,25,FALSE,FALSE,0.41662271325967964,0.4719637560726225,4,4,-1.5,141.5,Earl Walton/Kipp Kissinger/Doug Sirmons,"Bloomington, IN",Simon Skjodt Assembly Hall,NA,17222,-37.75,14,UCLA,missed,Eric Dailey Jr.,NA,FALSE,FALSE,UCLA,UCLA,FALSE
401721427,2025-02-14,Indiana,UCLA,68,1,11:31,1891,1891,Lazar Stefanovic Offensive Rebound.,away,11,12,-1,3,FALSE,FALSE,0.41661435439091793,0.47192484548215535,4,4,-1.5,141.5,Earl Walton/Kipp Kissinger/Doug Sirmons,"Bloomington, IN",Simon Skjodt Assembly Hall,NA,17222,NA,NA,NA,NA,NA,NA,NA,NA,UCLA,UCLA,FALSE
401721427,2025-02-14,Indiana,UCLA,69,1,11:30,1890,1890,Lazar Stefanovic made Jumper.,away,11,14,-3,1,TRUE,FALSE,0.3631679226547516,0.4164380909770042,4,4,-1.5,141.5,Earl Walton/Kipp Kissinger/Doug Sirmons,"Bloomington, IN",Simon Skjodt Assembly Hall,NA,17222,-38.75,-12,UCLA,made,Lazar Stefanovic,NA,FALSE,FALSE,UCLA,Indiana,FALSE
401721427,2025-02-14,Indiana,UCLA,70,1,11:05,1865,1865,Trey Galloway missed Three Point Jumper.,home,11,14,-3,25,FALSE,FALSE,0.3625022785308797,0.41548870529978116,4,4,-1.5,141.5,Earl Walton/Kipp Kissinger/Doug Sirmons,"Bloomington, IN",Simon Skjodt Assembly Hall,NA,17222,39.75,-22,Indiana,missed,Trey Galloway,NA,TRUE,FALSE,Indiana,UCLA,FALSE
401721427,2025-02-14,Indiana,UCLA,71,1,11:02,1862,1862,Skyy Clark Defensive Rebound.,away,11,14,-3,3,FALSE,FALSE,0.36242257378167914,0.41537459172616353,4,4,-1.5,141.5,Earl Walton/Kipp Kissinger/Doug Sirmons,"Bloomington, IN",Simon Skjodt Assembly Hall,NA,17222,NA,NA,NA,NA,NA,NA,NA,NA,Indiana,UCLA,FALSE
401721427,2025-02-14,Indiana,UCLA,72,1,10:51,1851,1851,Sebastian Mack made Jumper.,away,11,16,-5,11,TRUE,FALSE,0.31106601320625077,0.36065394044912175,4,4,-1.5,141.5,Earl Walton/Kipp Kissinger/Doug Sirmons,"Bloomington, IN",Simon Skjodt Assembly Hall,NA,17222,-31.75,0,UCLA,made,Sebastian Mack,NA,FALSE,FALSE,UCLA,Indiana,FALSE
401721427,2025-02-14,Indiana,UCLA,73,1,10:38,1838,1838,Foul on Sebastian Mack.,away,11,16,-5,13,FALSE,TRUE,0.31045343402603404,0.35986799431910427,4,4,-1.5,141.5,Earl Walton/Kipp Kissinger/Doug Sirmons,"Bloomington, IN",Simon Skjodt Assembly Hall,NA,17222,NA,NA,NA,NA,NA,NA,NA,NA,Indiana,Indiana,FALSE
401721427,2025-02-14,Indiana,UCLA,74,1,10:38,1838,1838,Official TV Timeout,NA,11,16,-5,0,FALSE,FALSE,0.31045343402603404,0.35986799431910427,4,4,-1.5,141.5,Earl Walton/Kipp Kissinger/Doug Sirmons,"Bloomington, IN",Simon Skjodt Assembly Hall,NA,17222,NA,NA,NA,NA,NA,NA,NA,NA,Indiana,Indiana,FALSE
401721427,2025-02-14,Indiana,UCLA,75,1,10:38,1838,1838,Trey Galloway subbing out for Indiana,home,11,16,-5,0,FALSE,FALSE,0.31045343402603404,0.35986799431910427,4,4,-1.5,141.5,Earl Walton/Kipp Kissinger/Doug Sirmons,"Bloomington, IN",Simon Skjodt Assembly Hall,NA,17222,NA,NA,NA,NA,NA,NA,NA,NA,Indiana,Indiana,FALSE
401721427,2025-02-14,Indiana,UCLA,76,1,10:38,1838,1838,Anthony Leal subbing in for Indiana,home,11,16,-5,0,FALSE,FALSE,0.31045343402603404,0.35986799431910427,4,4,-1.5,141.5,Earl Walton/Kipp Kissinger/Doug Sirmons,"Bloomington, IN",Simon Skjodt Assembly Hall,NA,17222,NA,NA,NA,NA,NA,NA,NA,NA,Indiana,Indiana,FALSE
401721427,2025-02-14,Indiana,UCLA,77,1,10:38,1838,1838,Eric Dailey Jr. subbing out for UCLA,away,11,16,-5,0,FALSE,FALSE,0.31045343402603404,0.35986799431910427,4,4,-1.5,141.5,Earl Walton/Kipp Kissinger/Doug Sirmons,"Bloomington, IN",Simon Skjodt Assembly Hall,NA,17222,NA,NA,NA,NA,NA,NA,NA,NA,Indiana,Indiana,FALSE
401721427,2025-02-14,Indiana,UCLA,78,1,10:38,1838,1838,Kobe Johnson subbing in for UCLA,away,11,16,-5,0,FALSE,FALSE,0.31045343402603404,0.35986799431910427,4,4,-1.5,141.5,Earl Walton/Kipp Kissinger/Doug Sirmons,"Bloomington, IN",Simon Skjodt Assembly Hall,NA,17222,NA,NA,NA,NA,NA,NA,NA,NA,Indiana,Indiana,FALSE
401721427,2025-02-14,Indiana,UCLA,79,1,10:38,1838,1838,Malik Reneau made Free Throw.,home,12,16,-4,0,TRUE,FALSE,0.3356337852037473,0.3868079878909317,4,4,-1.5,141.5,Earl Walton/Kipp Kissinger/Doug Sirmons,"Bloomington, IN",Simon Skjodt Assembly Hall,NA,17222,NA,NA,Indiana,made,Malik Reneau,NA,NA,TRUE,Indiana,Indiana,FALSE
401721427,2025-02-14,Indiana,UCLA,80,1,10:38,1838,1838,Malik Reneau made Free Throw.,home,13,16,-3,0,TRUE,FALSE,0.3617849181948256,0.41445896882864564,4,4,-1.5,141.5,Earl Walton/Kipp Kissinger/Doug Sirmons,"Bloomington, IN",Simon Skjodt Assembly Hall,NA,17222,NA,NA,Indiana,made,Malik Reneau,NA,NA,TRUE,Indiana,UCLA,FALSE
401721427,2025-02-14,Indiana,UCLA,81,1,10:25,1825,1825,Foul on Luke Goode.,home,13,16,-3,13,FALSE,TRUE,0.36143873987791314,0.4139602680792875,4,4,-1.5,141.5,Earl Walton/Kipp Kissinger/Doug Sirmons,"Bloomington, IN",Simon Skjodt Assembly Hall,NA,17222,NA,NA,NA,NA,NA,NA,NA,NA,UCLA,UCLA,FALSE
401721427,2025-02-14,Indiana,UCLA,82,1,10:25,1825,1825,Luke Goode subbing out for Indiana,home,13,16,-3,0,FALSE,FALSE,0.36143873987791314,0.4139602680792875,4,4,-1.5,141.5,Earl Walton/Kipp Kissinger/Doug Sirmons,"Bloomington, IN",Simon Skjodt Assembly Hall,NA,17222,NA,NA,NA,NA,NA,NA,NA,NA,UCLA,UCLA,FALSE
401721427,2025-02-14,Indiana,UCLA,83,1,10:25,1825,1825,Oumar Ballo subbing in for Indiana,home,13,16,-3,0,FALSE,FALSE,0.36143873987791314,0.4139602680792875,4,4,-1.5,141.5,Earl Walton/Kipp Kissinger/Doug Sirmons,"Bloomington, IN",Simon Skjodt Assembly Hall,NA,17222,NA,NA,NA,NA,NA,NA,NA,NA,UCLA,UCLA,FALSE
401721427,2025-02-14,Indiana,UCLA,84,1,10:20,1820,1820,Sebastian Mack missed Three Point Jumper.,away,13,16,-3,5,FALSE,FALSE,0.3613052973745391,0.41376780575274885,4,4,-1.5,141.5,Earl Walton/Kipp Kissinger/Doug Sirmons,"Bloomington, IN",Simon Skjodt Assembly Hall,NA,17222,-20.75,-11,UCLA,missed,Sebastian Mack,NA,TRUE,FALSE,UCLA,UCLA,FALSE
401721427,2025-02-14,Indiana,UCLA,85,1,10:16,1816,1816,Lazar Stefanovic Offensive Rebound.,away,13,16,-3,4,FALSE,FALSE,0.36119839303173673,0.4136135444457641,4,4,-1.5,141.5,Earl Walton/Kipp Kissinger/Doug Sirmons,"Bloomington, IN",Simon Skjodt Assembly Hall,NA,17222,NA,NA,NA,NA,NA,NA,NA,NA,UCLA,UCLA,FALSE
401721427,2025-02-14,Indiana,UCLA,86,1,10:14,1814,1814,Kobe Johnson made Three Point Jumper. Assisted by Lazar Stefanovic.,away,13,19,-6,2,TRUE,FALSE,0.2850060046185983,0.33209367362095976,4,4,-1.5,141.5,Earl Walton/Kipp Kissinger/Doug Sirmons,"Bloomington, IN",Simon Skjodt Assembly Hall,NA,17222,-18.75,12,UCLA,made,Kobe Johnson,Lazar Stefanovic,TRUE,FALSE,UCLA,Indiana,FALSE
401721427,2025-02-14,Indiana,UCLA,87,1,9:48,1788,1788,Myles Rice missed Jumper.,home,13,19,-6,26,FALSE,FALSE,0.2835400013193049,0.3302461548763335,4,4,-1.5,141.5,Earl Walton/Kipp Kissinger/Doug Sirmons,"Bloomington, IN",Simon Skjodt Assembly Hall,NA,17222,28.75,3,Indiana,missed,Myles Rice,NA,FALSE,FALSE,Indiana,UCLA,FALSE
401721427,2025-02-14,Indiana,UCLA,88,1,9:43,1783,1783,Kobe Johnson Defensive Rebound.,away,13,19,-6,5,FALSE,FALSE,0.2832560669344623,0.3298882126149573,4,4,-1.5,141.5,Earl Walton/Kipp Kissinger/Doug Sirmons,"Bloomington, IN",Simon Skjodt Assembly Hall,NA,17222,NA,NA,NA,NA,NA,NA,NA,NA,Indiana,UCLA,FALSE
401721427,2025-02-14,Indiana,UCLA,89,1,9:34,1774,1774,Kobe Johnson missed Three Point Jumper.,away,13,19,-6,9,FALSE,FALSE,0.28274302499735693,0.329241428923601,4,4,-1.5,141.5,Earl Walton/Kipp Kissinger/Doug Sirmons,"Bloomington, IN",Simon Skjodt Assembly Hall,NA,17222,-15.75,2,UCLA,missed,Kobe Johnson,NA,TRUE,FALSE,UCLA,Indiana,FALSE
401721427,2025-02-14,Indiana,UCLA,90,1,9:31,1771,1771,Myles Rice Defensive Rebound.,home,13,19,-6,3,FALSE,FALSE,0.2825714116986722,0.3290250833614827,4,4,-1.5,141.5,Earl Walton/Kipp Kissinger/Doug Sirmons,"Bloomington, IN",Simon Skjodt Assembly Hall,NA,17222,NA,NA,NA,NA,NA,NA,NA,NA,UCLA,Indiana,FALSE
401721427,2025-02-14,Indiana,UCLA,91,1,9:10,1750,1750,Oumar Ballo missed Jumper.,home,13,19,-6,21,FALSE,FALSE,0.281360665459152,0.3274990620196761,4,4,-1.5,141.5,Earl Walton/Kipp Kissinger/Doug Sirmons,"Bloomington, IN",Simon Skjodt Assembly Hall,NA,17222,40.75,7,Indiana,missed,Oumar Ballo,NA,FALSE,FALSE,Indiana,UCLA,FALSE
401721427,2025-02-14,Indiana,UCLA,92,1,9:07,1747,1747,Lazar Stefanovic Defensive Rebound.,away,13,19,-6,3,FALSE,FALSE,0.28118622767746015,0.32727927487570196,4,4,-1.5,141.5,Earl Walton/Kipp Kissinger/Doug Sirmons,"Bloomington, IN",Simon Skjodt Assembly Hall,NA,17222,NA,NA,NA,NA,NA,NA,NA,NA,Indiana,UCLA,FALSE
401721427,2025-02-14,Indiana,UCLA,93,1,9:01,1741,1741,Lazar Stefanovic made Three Point Jumper. Assisted by Sebastian Mack.,away,13,22,-9,6,TRUE,FALSE,0.2138995706824936,0.25279129447424603,4,4,-1.5,141.5,Earl Walton/Kipp Kissinger/Doug Sirmons,"Bloomington, IN",Simon Skjodt Assembly Hall,NA,17222,-27.75,-19,UCLA,made,Lazar Stefanovic,Sebastian Mack,TRUE,FALSE,UCLA,Indiana,FALSE
401721427,2025-02-14,Indiana,UCLA,94,1,8:59,1739,1739,Indiana Timeout,home,13,22,-9,2,FALSE,FALSE,0.21374578913964523,0.252601442668467,3,4,-1.5,141.5,Earl Walton/Kipp Kissinger/Doug Sirmons,"Bloomington, IN",Simon Skjodt Assembly Hall,NA,17222,NA,NA,NA,NA,NA,NA,NA,NA,Indiana,Indiana,FALSE
401721427,2025-02-14,Indiana,UCLA,95,1,8:59,1739,1739,Lazar Stefanovic subbing out for UCLA,away,13,22,-9,0,FALSE,FALSE,0.21374578913964523,0.252601442668467,3,4,-1.5,141.5,Earl Walton/Kipp Kissinger/Doug Sirmons,"Bloomington, IN",Simon Skjodt Assembly Hall,NA,17222,NA,NA,NA,NA,NA,NA,NA,NA,Indiana,Indiana,FALSE
401721427,2025-02-14,Indiana,UCLA,96,1,8:59,1739,1739,Skyy Clark subbing out for UCLA,away,13,22,-9,0,FALSE,FALSE,0.21374578913964523,0.252601442668467,3,4,-1.5,141.5,Earl Walton/Kipp Kissinger/Doug Sirmons,"Bloomington, IN",Simon Skjodt Assembly Hall,NA,17222,NA,NA,NA,NA,NA,NA,NA,NA,Indiana,Indiana,FALSE
401721427,2025-02-14,Indiana,UCLA,97,1,8:59,1739,1739,Dylan Andrews subbing in for UCLA,away,13,22,-9,0,FALSE,FALSE,0.21374578913964523,0.252601442668467,3,4,-1.5,141.5,Earl Walton/Kipp Kissinger/Doug Sirmons,"Bloomington, IN",Simon Skjodt Assembly Hall,NA,17222,NA,NA,NA,NA,NA,NA,NA,NA,Indiana,Indiana,FALSE
401721427,2025-02-14,Indiana,UCLA,98,1,8:59,1739,1739,Tyler Bilodeau subbing in for UCLA,away,13,22,-9,0,FALSE,FALSE,0.21374578913964523,0.252601442668467,3,4,-1.5,141.5,Earl Walton/Kipp Kissinger/Doug Sirmons,"Bloomington, IN",Simon Skjodt Assembly Hall,NA,17222,NA,NA,NA,NA,NA,NA,NA,NA,Indiana,Indiana,FALSE
401721427,2025-02-14,Indiana,UCLA,99,1,8:34,1714,1714,Oumar Ballo made Layup. Assisted by Malik Reneau.,home,15,22,-7,25,TRUE,FALSE,0.2553677411012649,0.2986744558856696,3,4,-1.5,141.5,Earl Walton/Kipp Kissinger/Doug Sirmons,"Bloomington, IN",Simon Skjodt Assembly Hall,NA,17222,40.75,-3,Indiana,made,Oumar Ballo,Malik Reneau,FALSE,FALSE,Indiana,UCLA,FALSE
401721427,2025-02-14,Indiana,UCLA,100,1,8:34,1714,1714,Foul on Kobe Johnson.,away,15,22,-7,0,FALSE,TRUE,0.2553677411012649,0.2986744558856696,3,4,-1.5,141.5,Earl Walton/Kipp Kissinger/Doug Sirmons,"Bloomington, IN",Simon Skjodt Assembly Hall,NA,17222,NA,NA,NA,NA,NA,NA,NA,NA,Indiana,UCLA,FALSE
401721427,2025-02-14,Indiana,UCLA,101,1,8:34,1714,1714,Kobe Johnson subbing out for UCLA,away,15,22,-7,0,FALSE,FALSE,0.2553677411012649,0.2986744558856696,3,4,-1.5,141.5,Earl Walton/Kipp Kissinger/Doug Sirmons,"Bloomington, IN",Simon Skjodt Assembly Hall,NA,17222,NA,NA,NA,NA,NA,NA,NA,NA,Indiana,UCLA,FALSE
401721427,2025-02-14,Indiana,UCLA,102,1,8:34,1714,1714,Lazar Stefanovic subbing in for UCLA,away,15,22,-7,0,FALSE,FALSE,0.2553677411012649,0.2986744558856696,3,4,-1.5,141.5,Earl Walton/Kipp Kissinger/Doug Sirmons,"Bloomington, IN",Simon Skjodt Assembly Hall,NA,17222,NA,NA,NA,NA,NA,NA,NA,NA,Indiana,UCLA,FALSE
401721427,2025-02-14,Indiana,UCLA,103,1,8:34,1714,1714,Oumar Ballo missed Free Throw.,home,15,22,-7,0,FALSE,FALSE,0.2553677411012649,0.2986744558856696,3,4,-1.5,141.5,Earl Walton/Kipp Kissinger/Doug Sirmons,"Bloomington, IN",Simon Skjodt Assembly Hall,NA,17222,NA,NA,Indiana,missed,Oumar Ballo,NA,NA,TRUE,Indiana,UCLA,FALSE
401721427,2025-02-14,Indiana,UCLA,104,1,8:32,1712,1712,William Kyle III Defensive Rebound.,away,15,22,-7,2,FALSE,FALSE,0.2552327062778999,0.29850649917908123,3,4,-1.5,141.5,Earl Walton/Kipp Kissinger/Doug Sirmons,"Bloomington, IN",Simon Skjodt Assembly Hall,NA,17222,NA,NA,NA,NA,NA,NA,NA,NA,Indiana,UCLA,FALSE
401721427,2025-02-14,Indiana,UCLA,105,1,8:07,1687,1687,William Kyle III made Layup. Assisted by Tyler Bilodeau.,away,15,24,-9,25,TRUE,FALSE,0.20966812646347616,0.2475720087057455,3,4,-1.5,141.5,Earl Walton/Kipp Kissinger/Doug Sirmons,"Bloomington, IN",Simon Skjodt Assembly Hall,NA,17222,-40.75,-2,UCLA,made,William Kyle III,Tyler Bilodeau,FALSE,FALSE,UCLA,Indiana,FALSE
401721427,2025-02-14,Indiana,UCLA,106,1,7:55,1675,1675,Anthony Leal missed Three Point Jumper.,home,15,24,-9,12,FALSE,FALSE,0.20872743270110694,0.2464096388632754,3,4,-1.5,141.5,Earl Walton/Kipp Kissinger/Doug Sirmons,"Bloomington, IN",Simon Skjodt Assembly Hall,NA,17222,40.75,-22,Indiana,missed,Anthony Leal,NA,TRUE,FALSE,Indiana,UCLA,FALSE
401721427,2025-02-14,Indiana,UCLA,107,1,7:50,1670,1670,Tyler Bilodeau Defensive Rebound.,away,15,24,-9,5,FALSE,FALSE,0.20834206625722584,0.24593220979238525,3,4,-1.5,141.5,Earl Walton/Kipp Kissinger/Doug Sirmons,"Bloomington, IN",Simon Skjodt Assembly Hall,NA,17222,NA,NA,NA,NA,NA,NA,NA,NA,Indiana,UCLA,FALSE
401721427,2025-02-14,Indiana,UCLA,108,1,7:40,1660,1660,Foul on Anthony Leal.,home,15,24,-9,10,FALSE,TRUE,0.20758173958523018,0.24498820381081607,3,4,-1.5,141.5,Earl Walton/Kipp Kissinger/Doug Sirmons,"Bloomington, IN",Simon Skjodt Assembly Hall,NA,17222,NA,NA,NA,NA,NA,NA,NA,NA,UCLA,UCLA,FALSE
401721427,2025-02-14,Indiana,UCLA,109,1,7:40,1660,1660,Official TV Timeout,NA,15,24,-9,0,FALSE,FALSE,0.20758173958523018,0.24498820381081607,3,4,-1.5,141.5,Earl Walton/Kipp Kissinger/Doug Sirmons,"Bloomington, IN",Simon Skjodt Assembly Hall,NA,17222,NA,NA,NA,NA,NA,NA,NA,NA,UCLA,UCLA,FALSE
401721427,2025-02-14,Indiana,UCLA,110,1,7:40,1660,1660,Bryson Tucker subbing out for Indiana,home,15,24,-9,0,FALSE,FALSE,0.20758173958523018,0.24498820381081607,3,4,-1.5,141.5,Earl Walton/Kipp Kissinger/Doug Sirmons,"Bloomington, IN",Simon Skjodt Assembly Hall,NA,17222,NA,NA,NA,NA,NA,NA,NA,NA,UCLA,UCLA,FALSE
401721427,2025-02-14,Indiana,UCLA,111,1,7:40,1660,1660,Luke Goode subbing in for Indiana,home,15,24,-9,0,FALSE,FALSE,0.20758173958523018,0.24498820381081607,3,4,-1.5,141.5,Earl Walton/Kipp Kissinger/Doug Sirmons,"Bloomington, IN",Simon Skjodt Assembly Hall,NA,17222,NA,NA,NA,NA,NA,NA,NA,NA,UCLA,UCLA,FALSE
401721427,2025-02-14,Indiana,UCLA,112,1,7:40,1660,1660,William Kyle III subbing out for UCLA,away,15,24,-9,0,FALSE,FALSE,0.20758173958523018,0.24498820381081607,3,4,-1.5,141.5,Earl Walton/Kipp Kissinger/Doug Sirmons,"Bloomington, IN",Simon Skjodt Assembly Hall,NA,17222,NA,NA,NA,NA,NA,NA,NA,NA,UCLA,UCLA,FALSE
401721427,2025-02-14,Indiana,UCLA,113,1,7:40,1660,1660,Aday Mara subbing in for UCLA,away,15,24,-9,0,FALSE,FALSE,0.20758173958523018,0.24498820381081607,3,4,-1.5,141.5,Earl Walton/Kipp Kissinger/Doug Sirmons,"Bloomington, IN",Simon Skjodt Assembly Hall,NA,17222,NA,NA,NA,NA,NA,NA,NA,NA,UCLA,UCLA,FALSE
401721427,2025-02-14,Indiana,UCLA,114,1,7:40,1660,1660,Dylan Andrews missed Free Throw.,away,15,24,-9,0,FALSE,FALSE,0.20758173958523018,0.24498820381081607,3,4,-1.5,141.5,Earl Walton/Kipp Kissinger/Doug Sirmons,"Bloomington, IN",Simon Skjodt Assembly Hall,NA,17222,NA,NA,UCLA,missed,Dylan Andrews,NA,NA,TRUE,UCLA,UCLA,FALSE
401721427,2025-02-14,Indiana,UCLA,115,1,7:40,1660,1660,UCLA Deadball Team Rebound.,away,15,24,-9,0,FALSE,FALSE,0.20758173958523018,0.24498820381081607,3,4,-1.5,141.5,Earl Walton/Kipp Kissinger/Doug Sirmons,"Bloomington, IN",Simon Skjodt Assembly Hall,NA,17222,NA,NA,NA,NA,NA,NA,NA,NA,UCLA,UCLA,FALSE
401721427,2025-02-14,Indiana,UCLA,116,1,7:40,1660,1660,Anthony Leal subbing out for Indiana,home,15,24,-9,0,FALSE,FALSE,0.20758173958523018,0.24498820381081607,3,4,-1.5,141.5,Earl Walton/Kipp Kissinger/Doug Sirmons,"Bloomington, IN",Simon Skjodt Assembly Hall,NA,17222,NA,NA,NA,NA,NA,NA,NA,NA,UCLA,UCLA,FALSE
401721427,2025-02-14,Indiana,UCLA,117,1,7:40,1660,1660,Trey Galloway subbing in for Indiana,home,15,24,-9,0,FALSE,FALSE,0.20758173958523018,0.24498820381081607,3,4,-1.5,141.5,Earl Walton/Kipp Kissinger/Doug Sirmons,"Bloomington, IN",Simon Skjodt Assembly Hall,NA,17222,NA,NA,NA,NA,NA,NA,NA,NA,UCLA,UCLA,FALSE
401721427,2025-02-14,Indiana,UCLA,118,1,7:40,1660,1660,Dylan Andrews made Free Throw.,away,15,25,-10,0,TRUE,FALSE,0.1877613717264913,0.22259950201756873,3,4,-1.5,141.5,Earl Walton/Kipp Kissinger/Doug Sirmons,"Bloomington, IN",Simon Skjodt Assembly Hall,NA,17222,NA,NA,UCLA,made,Dylan Andrews,NA,NA,TRUE,UCLA,Indiana,FALSE
401721427,2025-02-14,Indiana,UCLA,119,1,7:22,1642,1642,Oumar Ballo missed Layup.,home,15,25,-10,18,FALSE,FALSE,0.1863681798443879,0.22086637206567075,3,4,-1.5,141.5,Earl Walton/Kipp Kissinger/Doug Sirmons,"Bloomington, IN",Simon Skjodt Assembly Hall,NA,17222,36.75,-4,Indiana,missed,Oumar Ballo,NA,FALSE,FALSE,Indiana,UCLA,FALSE
401721427,2025-02-14,Indiana,UCLA,120,1,7:22,1642,1642,Aday Mara Block.,away,15,25,-10,0,FALSE,FALSE,0.1863681798443879,0.22086637206567075,3,4,-1.5,141.5,Earl Walton/Kipp Kissinger/Doug Sirmons,"Bloomington, IN",Simon Skjodt Assembly Hall,NA,17222,NA,NA,NA,NA,NA,NA,NA,NA,Indiana,UCLA,FALSE
401721427,2025-02-14,Indiana,UCLA,121,1,7:18,1638,1638,Tyler Bilodeau Defensive Rebound.,away,15,25,-10,4,FALSE,FALSE,0.1860632641490284,0.22048618036924644,3,4,-1.5,141.5,Earl Walton/Kipp Kissinger/Doug Sirmons,"Bloomington, IN",Simon Skjodt Assembly Hall,NA,17222,NA,NA,NA,NA,NA,NA,NA,NA,Indiana,UCLA,FALSE
401721427,2025-02-14,Indiana,UCLA,122,1,7:11,1631,1631,Aday Mara made Dunk. Assisted by Tyler Bilodeau.,away,15,27,-12,7,TRUE,FALSE,0.15025039437611895,0.1794574442677116,3,4,-1.5,141.5,Earl Walton/Kipp Kissinger/Doug Sirmons,"Bloomington, IN",Simon Skjodt Assembly Hall,NA,17222,-39.75,1,UCLA,made,Aday Mara,Tyler Bilodeau,FALSE,FALSE,UCLA,Indiana,FALSE
401721427,2025-02-14,Indiana,UCLA,123,1,6:50,1610,1610,Luke Goode missed Three Point Jumper.,home,15,27,-12,21,FALSE,FALSE,0.14863342193779644,0.17743649649926563,3,4,-1.5,141.5,Earl Walton/Kipp Kissinger/Doug Sirmons,"Bloomington, IN",Simon Skjodt Assembly Hall,NA,17222,25.75,17,Indiana,missed,Luke Goode,NA,TRUE,FALSE,Indiana,UCLA,FALSE
401721427,2025-02-14,Indiana,UCLA,124,1,6:47,1607,1607,Dylan Andrews Defensive Rebound.,away,15,27,-12,3,FALSE,FALSE,0.14840459140395063,0.17715014655226233,3,4,-1.5,141.5,Earl Walton/Kipp Kissinger/Doug Sirmons,"Bloomington, IN",Simon Skjodt Assembly Hall,NA,17222,NA,NA,NA,NA,NA,NA,NA,NA,Indiana,UCLA,FALSE
401721427,2025-02-14,Indiana,UCLA,125,1,6:28,1588,1588,Dylan Andrews missed Jumper.,away,15,27,-12,19,FALSE,FALSE,0.14696265249444831,0.17534443750800252,3,4,-1.5,141.5,Earl Walton/Kipp Kissinger/Doug Sirmons,"Bloomington, IN",Simon Skjodt Assembly Hall,NA,17222,-28.75,10,UCLA,missed,Dylan Andrews,NA,FALSE,FALSE,UCLA,Indiana,FALSE
401721427,2025-02-14,Indiana,UCLA,126,1,6:25,1585,1585,Trey Galloway Defensive Rebound.,home,15,27,-12,3,FALSE,FALSE,0.1467356611164727,0.17506003749982088,3,4,-1.5,141.5,Earl Walton/Kipp Kissinger/Doug Sirmons,"Bloomington, IN",Simon Skjodt Assembly Hall,NA,17222,NA,NA,NA,NA,NA,NA,NA,NA,UCLA,Indiana,FALSE
401721427,2025-02-14,Indiana,UCLA,127,1,6:04,1564,1564,Luke Goode made Jumper.,home,17,27,-10,21,TRUE,FALSE,0.18056582547876793,0.21359915551891,3,4,-1.5,141.5,Earl Walton/Kipp Kissinger/Doug Sirmons,"Bloomington, IN",Simon Skjodt Assembly Hall,NA,17222,26.75,5,Indiana,made,Luke Goode,NA,FALSE,FALSE,Indiana,UCLA,FALSE
401721427,2025-02-14,Indiana,UCLA,128,1,5:36,1536,1536,Sebastian Mack missed Layup.,away,17,27,-10,28,FALSE,FALSE,0.17847071572349948,0.21097212126509246,3,4,-1.5,141.5,Earl Walton/Kipp Kissinger/Doug Sirmons,"Bloomington, IN",Simon Skjodt Assembly Hall,NA,17222,-35.75,4,UCLA,missed,Sebastian Mack,NA,FALSE,FALSE,UCLA,Indiana,FALSE
401721427,2025-02-14,Indiana,UCLA,129,1,5:33,1533,1533,Oumar Ballo Defensive Rebound.,home,17,27,-10,3,FALSE,FALSE,0.1782430735084602,0.21068704928345944,3,4,-1.5,141.5,Earl Walton/Kipp Kissinger/Doug Sirmons,"Bloomington, IN",Simon Skjodt Assembly Hall,NA,17222,NA,NA,NA,NA,NA,NA,NA,NA,UCLA,Indiana,FALSE
401721427,2025-02-14,Indiana,UCLA,130,1,5:17,1517,1517,Malik Reneau Turnover.,home,17,27,-10,16,FALSE,FALSE,0.17701487564199886,0.20915079408529533,3,4,-1.5,141.5,Earl Walton/Kipp Kissinger/Doug Sirmons,"Bloomington, IN",Simon Skjodt Assembly Hall,NA,17222,NA,NA,NA,NA,NA,NA,NA,NA,Indiana,UCLA,FALSE
401721427,2025-02-14,Indiana,UCLA,131,1,5:17,1517,1517,Sebastian Mack Steal.,away,17,27,-10,0,FALSE,FALSE,0.17701487564199886,0.20915079408529533,3,4,-1.5,141.5,Earl Walton/Kipp Kissinger/Doug Sirmons,"Bloomington, IN",Simon Skjodt Assembly Hall,NA,17222,NA,NA,NA,NA,NA,NA,NA,NA,Indiana,UCLA,FALSE
401721427,2025-02-14,Indiana,UCLA,132,1,5:12,1512,1512,Sebastian Mack missed Three Point Jumper.,away,17,27,-10,5,FALSE,FALSE,0.17662554213845552,0.20866452523339285,3,4,-1.5,141.5,Earl Walton/Kipp Kissinger/Doug Sirmons,"Bloomington, IN",Simon Skjodt Assembly Hall,NA,17222,-22.75,-14,UCLA,missed,Sebastian Mack,NA,TRUE,FALSE,UCLA,Indiana,FALSE
401721427,2025-02-14,Indiana,UCLA,133,1,5:08,1508,1508,Luke Goode Defensive Rebound.,home,17,27,-10,4,FALSE,FALSE,0.1763119528194104,0.20827313841775455,3,4,-1.5,141.5,Earl Walton/Kipp Kissinger/Doug Sirmons,"Bloomington, IN",Simon Skjodt Assembly Hall,NA,17222,NA,NA,NA,NA,NA,NA,NA,NA,UCLA,Indiana,FALSE
401721427,2025-02-14,Indiana,UCLA,134,1,5:02,1502,1502,Myles Rice missed Three Point Jumper.,home,17,27,-10,6,FALSE,FALSE,0.17583780489003406,0.20768185875781725,3,4,-1.5,141.5,Earl Walton/Kipp Kissinger/Doug Sirmons,"Bloomington, IN",Simon Skjodt Assembly Hall,NA,17222,37.75,23,Indiana,missed,Myles Rice,NA,TRUE,FALSE,Indiana,UCLA,FALSE
401721427,2025-02-14,Indiana,UCLA,135,1,4:58,1498,1498,Tyler Bilodeau Defensive Rebound.,away,17,27,-10,4,FALSE,FALSE,0.17551905723924088,0.20728472054346295,3,4,-1.5,141.5,Earl Walton/Kipp Kissinger/Doug Sirmons,"Bloomington, IN",Simon Skjodt Assembly Hall,NA,17222,NA,NA,NA,NA,NA,NA,NA,NA,Indiana,UCLA,FALSE
401721427,2025-02-14,Indiana,UCLA,136,1,4:40,1480,1480,Aday Mara made Jumper.,away,17,29,-12,18,TRUE,FALSE,0.13851876593306237,0.1647950431542669,3,4,-1.5,141.5,Earl Walton/Kipp Kissinger/Doug Sirmons,"Bloomington, IN",Simon Skjodt Assembly Hall,NA,17222,-35.75,-4,UCLA,made,Aday Mara,NA,FALSE,FALSE,UCLA,Indiana,FALSE
401721427,2025-02-14,Indiana,UCLA,137,1,4:22,1462,1462,Trey Galloway made Three Point Jumper. Assisted by Malik Reneau.,home,20,29,-9,18,TRUE,FALSE,0.19289040004068325,0.22659753404061855,3,4,-1.5,141.5,Earl Walton/Kipp Kissinger/Doug Sirmons,"Bloomington, IN",Simon Skjodt Assembly Hall,NA,17222,21.75,-15,Indiana,made,Trey Galloway,Malik Reneau,TRUE,FALSE,Indiana,UCLA,FALSE
401721427,2025-02-14,Indiana,UCLA,138,1,3:53,1433,1433,Aday Mara missed Jumper.,away,20,29,-9,29,FALSE,FALSE,0.1904485179148147,0.22357909657937736,3,4,-1.5,141.5,Earl Walton/Kipp Kissinger/Doug Sirmons,"Bloomington, IN",Simon Skjodt Assembly Hall,NA,17222,-31.75,5,UCLA,missed,Aday Mara,NA,FALSE,FALSE,UCLA,Indiana,FALSE
401721427,2025-02-14,Indiana,UCLA,139,1,3:53,1433,1433,Oumar Ballo Block.,home,20,29,-9,0,FALSE,FALSE,0.1904485179148147,0.22357909657937736,3,4,-1.5,141.5,Earl Walton/Kipp Kissinger/Doug Sirmons,"Bloomington, IN",Simon Skjodt Assembly Hall,NA,17222,NA,NA,NA,NA,NA,NA,NA,NA,UCLA,Indiana,FALSE
401721427,2025-02-14,Indiana,UCLA,140,1,3:49,1429,1429,Trey Galloway Defensive Rebound.,home,20,29,-9,4,FALSE,FALSE,0.19012229039833023,0.2231743902032135,3,4,-1.5,141.5,Earl Walton/Kipp Kissinger/Doug Sirmons,"Bloomington, IN",Simon Skjodt Assembly Hall,NA,17222,NA,NA,NA,NA,NA,NA,NA,NA,UCLA,Indiana,FALSE
401721427,2025-02-14,Indiana,UCLA,141,1,3:40,1420,1420,Trey Galloway Turnover.,home,20,29,-9,9,FALSE,FALSE,0.18939940173940495,0.2222760099164397,3,4,-1.5,141.5,Earl Walton/Kipp Kissinger/Doug Sirmons,"Bloomington, IN",Simon Skjodt Assembly Hall,NA,17222,NA,NA,NA,NA,NA,NA,NA,NA,Indiana,UCLA,FALSE
401721427,2025-02-14,Indiana,UCLA,142,1,3:40,1420,1420,Sebastian Mack Steal.,away,20,29,-9,0,FALSE,FALSE,0.18939940173940495,0.2222760099164397,3,4,-1.5,141.5,Earl Walton/Kipp Kissinger/Doug Sirmons,"Bloomington, IN",Simon Skjodt Assembly Hall,NA,17222,NA,NA,NA,NA,NA,NA,NA,NA,Indiana,UCLA,FALSE
401721427,2025-02-14,Indiana,UCLA,143,1,3:38,1418,1418,Foul on Myles Rice.,home,20,29,-9,2,FALSE,TRUE,0.18924069057133092,0.22207848805572256,3,4,-1.5,141.5,Earl Walton/Kipp Kissinger/Doug Sirmons,"Bloomington, IN",Simon Skjodt Assembly Hall,NA,17222,NA,NA,NA,NA,NA,NA,NA,NA,UCLA,UCLA,FALSE
401721427,2025-02-14,Indiana,UCLA,144,1,3:38,1418,1418,Official TV Timeout,NA,20,29,-9,0,FALSE,FALSE,0.18924069057133092,0.22207848805572256,3,4,-1.5,141.5,Earl Walton/Kipp Kissinger/Doug Sirmons,"Bloomington, IN",Simon Skjodt Assembly Hall,NA,17222,NA,NA,NA,NA,NA,NA,NA,NA,UCLA,UCLA,FALSE
401721427,2025-02-14,Indiana,UCLA,145,1,3:38,1418,1418,Malik Reneau subbing out for Indiana,home,20,29,-9,0,FALSE,FALSE,0.18924069057133092,0.22207848805572256,3,4,-1.5,141.5,Earl Walton/Kipp Kissinger/Doug Sirmons,"Bloomington, IN",Simon Skjodt Assembly Hall,NA,17222,NA,NA,NA,NA,NA,NA,NA,NA,UCLA,UCLA,FALSE
401721427,2025-02-14,Indiana,UCLA,146,1,3:38,1418,1418,Kanaan Carlyle subbing in for Indiana,home,20,29,-9,0,FALSE,FALSE,0.18924069057133092,0.22207848805572256,3,4,-1.5,141.5,Earl Walton/Kipp Kissinger/Doug Sirmons,"Bloomington, IN",Simon Skjodt Assembly Hall,NA,17222,NA,NA,NA,NA,NA,NA,NA,NA,UCLA,UCLA,FALSE
401721427,2025-02-14,Indiana,UCLA,147,1,3:38,1418,1418,Dylan Andrews subbing out for UCLA,away,20,29,-9,0,FALSE,FALSE,0.18924069057133092,0.22207848805572256,3,4,-1.5,141.5,Earl Walton/Kipp Kissinger/Doug Sirmons,"Bloomington, IN",Simon Skjodt Assembly Hall,NA,17222,NA,NA,NA,NA,NA,NA,NA,NA,UCLA,UCLA,FALSE
401721427,2025-02-14,Indiana,UCLA,148,1,3:38,1418,1418,Sebastian Mack subbing out for UCLA,away,20,29,-9,0,FALSE,FALSE,0.18924069057133092,0.22207848805572256,3,4,-1.5,141.5,Earl Walton/Kipp Kissinger/Doug Sirmons,"Bloomington, IN",Simon Skjodt Assembly Hall,NA,17222,NA,NA,NA,NA,NA,NA,NA,NA,UCLA,UCLA,FALSE
401721427,2025-02-14,Indiana,UCLA,149,1,3:38,1418,1418,Tyler Bilodeau subbing out for UCLA,away,20,29,-9,0,FALSE,FALSE,0.18924069057133092,0.22207848805572256,3,4,-1.5,141.5,Earl Walton/Kipp Kissinger/Doug Sirmons,"Bloomington, IN",Simon Skjodt Assembly Hall,NA,17222,NA,NA,NA,NA,NA,NA,NA,NA,UCLA,UCLA,FALSE
401721427,2025-02-14,Indiana,UCLA,150,1,3:38,1418,1418,Trent Perry subbing in for UCLA,away,20,29,-9,0,FALSE,FALSE,0.18924069057133092,0.22207848805572256,3,4,-1.5,141.5,Earl Walton/Kipp Kissinger/Doug Sirmons,"Bloomington, IN",Simon Skjodt Assembly Hall,NA,17222,NA,NA,NA,NA,NA,NA,NA,NA,UCLA,UCLA,FALSE
401721427,2025-02-14,Indiana,UCLA,151,1,3:38,1418,1418,Eric Dailey Jr. subbing in for UCLA,away,20,29,-9,0,FALSE,FALSE,0.18924069057133092,0.22207848805572256,3,4,-1.5,141.5,Earl Walton/Kipp Kissinger/Doug Sirmons,"Bloomington, IN",Simon Skjodt Assembly Hall,NA,17222,NA,NA,NA,NA,NA,NA,NA,NA,UCLA,UCLA,FALSE
401721427,2025-02-14,Indiana,UCLA,152,1,3:38,1418,1418,Skyy Clark subbing in for UCLA,away,20,29,-9,0,FALSE,FALSE,0.18924069057133092,0.22207848805572256,3,4,-1.5,141.5,Earl Walton/Kipp Kissinger/Doug Sirmons,"Bloomington, IN",Simon Skjodt Assembly Hall,NA,17222,NA,NA,NA,NA,NA,NA,NA,NA,UCLA,UCLA,FALSE
401721427,2025-02-14,Indiana,UCLA,153,1,3:18,1398,1398,Trent Perry made Layup.,away,20,31,-11,20,TRUE,FALSE,0.14852724233353587,0.17567340388933456,3,4,-1.5,141.5,Earl Walton/Kipp Kissinger/Doug Sirmons,"Bloomington, IN",Simon Skjodt Assembly Hall,NA,17222,-36.75,5,UCLA,made,Trent Perry,NA,FALSE,FALSE,UCLA,Indiana,FALSE
401721427,2025-02-14,Indiana,UCLA,154,1,3:01,1381,1381,Luke Goode missed Three Point Jumper.,home,20,31,-11,17,FALSE,FALSE,0.14719671271511656,0.17401356429811365,3,4,-1.5,141.5,Earl Walton/Kipp Kissinger/Doug Sirmons,"Bloomington, IN",Simon Skjodt Assembly Hall,NA,17222,26.75,20,Indiana,missed,Luke Goode,NA,TRUE,FALSE,Indiana,UCLA,FALSE
401721427,2025-02-14,Indiana,UCLA,155,1,2:57,1377,1377,Skyy Clark Defensive Rebound.,away,20,31,-11,4,FALSE,FALSE,0.146887026605318,0.17362683996344963,3,4,-1.5,141.5,Earl Walton/Kipp Kissinger/Doug Sirmons,"Bloomington, IN",Simon Skjodt Assembly Hall,NA,17222,NA,NA,NA,NA,NA,NA,NA,NA,Indiana,UCLA,FALSE
401721427,2025-02-14,Indiana,UCLA,156,1,2:26,1346,1346,Kanaan Carlyle made Three Point Jumper. Assisted by Luke Goode.,home,23,33,-10,31,TRUE,FALSE,0.1631956579709175,0.19196383437791914,3,4,-1.5,141.5,Earl Walton/Kipp Kissinger/Doug Sirmons,"Bloomington, IN",Simon Skjodt Assembly Hall,NA,17222,38.75,-23,Indiana,made,Kanaan Carlyle,Luke Goode,TRUE,FALSE,Indiana,UCLA,FALSE
401721427,2025-02-14,Indiana,UCLA,157,1,1:52,1312,1312,Trent Perry made Layup. Assisted by Aday Mara.,away,23,35,-12,34,TRUE,FALSE,0.12501181968186278,0.14799621749396571,3,4,-1.5,141.5,Earl Walton/Kipp Kissinger/Doug Sirmons,"Bloomington, IN",Simon Skjodt Assembly Hall,NA,17222,-39.75,-2,UCLA,made,Trent Perry,Aday Mara,FALSE,FALSE,UCLA,Indiana,FALSE
401721427,2025-02-14,Indiana,UCLA,158,1,1:42,1302,1302,Luke Goode missed Three Point Jumper.,home,23,35,-12,10,FALSE,FALSE,0.12422346374266349,0.14701521827785055,3,4,-1.5,141.5,Earl Walton/Kipp Kissinger/Doug Sirmons,"Bloomington, IN",Simon Skjodt Assembly Hall,NA,17222,13.75,-3,Indiana,missed,Luke Goode,NA,TRUE,FALSE,Indiana,Indiana,FALSE
401721427,2025-02-14,Indiana,UCLA,159,1,1:41,1301,1301,Oumar Ballo Offensive Rebound.,home,23,35,-12,1,FALSE,FALSE,0.12414395363713282,0.14691635968631112,3,4,-1.5,141.5,Earl Walton/Kipp Kissinger/Doug Sirmons,"Bloomington, IN",Simon Skjodt Assembly Hall,NA,17222,NA,NA,NA,NA,NA,NA,NA,NA,Indiana,Indiana,FALSE
401721427,2025-02-14,Indiana,UCLA,160,1,1:41,1301,1301,Foul on Aday Mara.,away,23,35,-12,0,FALSE,TRUE,0.12414395363713282,0.14691635968631112,3,4,-1.5,141.5,Earl Walton/Kipp Kissinger/Doug Sirmons,"Bloomington, IN",Simon Skjodt Assembly Hall,NA,17222,NA,NA,NA,NA,NA,NA,NA,NA,Indiana,Indiana,FALSE
401721427,2025-02-14,Indiana,UCLA,161,1,1:30,1290,1290,Trey Galloway missed Three Point Jumper.,home,23,35,-12,11,FALSE,FALSE,0.1232601226731463,0.14581853541639533,3,4,-1.5,141.5,Earl Walton/Kipp Kissinger/Doug Sirmons,"Bloomington, IN",Simon Skjodt Assembly Hall,NA,17222,28.75,-20,Indiana,missed,Trey Galloway,NA,TRUE,FALSE,Indiana,UCLA,FALSE
401721427,2025-02-14,Indiana,UCLA,162,1,1:26,1286,1286,Aday Mara Defensive Rebound.,away,23,35,-12,4,FALSE,FALSE,0.12293417313870166,0.14541419425448024,3,4,-1.5,141.5,Earl Walton/Kipp Kissinger/Doug Sirmons,"Bloomington, IN",Simon Skjodt Assembly Hall,NA,17222,NA,NA,NA,NA,NA,NA,NA,NA,Indiana,UCLA,FALSE
401721427,2025-02-14,Indiana,UCLA,163,1,1:14,1274,1274,Foul on Myles Rice.,home,23,35,-12,12,FALSE,TRUE,0.12193980843205018,0.14418255510580963,3,4,-1.5,141.5,Earl Walton/Kipp Kissinger/Doug Sirmons,"Bloomington, IN",Simon Skjodt Assembly Hall,NA,17222,NA,NA,NA,NA,NA,NA,NA,NA,UCLA,UCLA,FALSE
401721427,2025-02-14,Indiana,UCLA,164,1,1:14,1274,1274,Myles Rice subbing out for Indiana,home,23,35,-12,0,FALSE,FALSE,0.12193980843205018,0.14418255510580963,3,4,-1.5,141.5,Earl Walton/Kipp Kissinger/Doug Sirmons,"Bloomington, IN",Simon Skjodt Assembly Hall,NA,17222,NA,NA,NA,NA,NA,NA,NA,NA,UCLA,UCLA,FALSE
401721427,2025-02-14,Indiana,UCLA,165,1,1:14,1274,1274,Anthony Leal subbing in for Indiana,home,23,35,-12,0,FALSE,FALSE,0.12193980843205018,0.14418255510580963,3,4,-1.5,141.5,Earl Walton/Kipp Kissinger/Doug Sirmons,"Bloomington, IN",Simon Skjodt Assembly Hall,NA,17222,NA,NA,NA,NA,NA,NA,NA,NA,UCLA,UCLA,FALSE
401721427,2025-02-14,Indiana,UCLA,166,1,1:12,1272,1272,Lazar Stefanovic missed Three Point Jumper.,away,23,35,-12,2,FALSE,FALSE,0.12177148825363782,0.1439743586381797,3,4,-1.5,141.5,Earl Walton/Kipp Kissinger/Doug Sirmons,"Bloomington, IN",Simon Skjodt Assembly Hall,NA,17222,-35.75,-22,UCLA,missed,Lazar Stefanovic,NA,TRUE,FALSE,UCLA,UCLA,FALSE
401721427,2025-02-14,Indiana,UCLA,167,1,1:09,1269,1269,Aday Mara Offensive Rebound.,away,23,35,-12,3,FALSE,FALSE,0.12151752739110197,0.14366039415906104,3,4,-1.5,141.5,Earl Walton/Kipp Kissinger/Doug Sirmons,"Bloomington, IN",Simon Skjodt Assembly Hall,NA,17222,NA,NA,NA,NA,NA,NA,NA,NA,UCLA,UCLA,FALSE
401721427,2025-02-14,Indiana,UCLA,168,1,1:08,1268,1268,Aday Mara missed Dunk.,away,23,35,-12,1,FALSE,FALSE,0.12143247044648685,0.14355528443937202,3,4,-1.5,141.5,Earl Walton/Kipp Kissinger/Doug Sirmons,"Bloomington, IN",Simon Skjodt Assembly Hall,NA,17222,-38.75,1,UCLA,missed,Aday Mara,NA,FALSE,FALSE,UCLA,Indiana,FALSE
401721427,2025-02-14,Indiana,UCLA,169,1,1:05,1265,1265,Luke Goode Defensive Rebound.,home,23,35,-12,3,FALSE,FALSE,0.12117606012185042,0.14323855719049913,3,4,-1.5,141.5,Earl Walton/Kipp Kissinger/Doug Sirmons,"Bloomington, IN",Simon Skjodt Assembly Hall,NA,17222,NA,NA,NA,NA,NA,NA,NA,NA,UCLA,Indiana,FALSE
401721427,2025-02-14,Indiana,UCLA,170,1,0:57,1257,1257,Kanaan Carlyle missed Layup.,home,23,35,-12,8,FALSE,FALSE,0.12048284335681773,0.14238328401524517,3,4,-1.5,141.5,Earl Walton/Kipp Kissinger/Doug Sirmons,"Bloomington, IN",Simon Skjodt Assembly Hall,NA,17222,33.75,-4,Indiana,missed,Kanaan Carlyle,NA,FALSE,FALSE,Indiana,UCLA,FALSE
401721427,2025-02-14,Indiana,UCLA,171,1,0:57,1257,1257,Aday Mara Block.,away,23,35,-12,0,FALSE,FALSE,0.12048284335681773,0.14238328401524517,3,4,-1.5,141.5,Earl Walton/Kipp Kissinger/Doug Sirmons,"Bloomington, IN",Simon Skjodt Assembly Hall,NA,17222,NA,NA,NA,NA,NA,NA,NA,NA,Indiana,UCLA,FALSE
401721427,2025-02-14,Indiana,UCLA,172,1,0:53,1253,1253,Trent Perry Defensive Rebound.,away,23,35,-12,4,FALSE,FALSE,0.12013083102435138,0.1419495504102187,3,4,-1.5,141.5,Earl Walton/Kipp Kissinger/Doug Sirmons,"Bloomington, IN",Simon Skjodt Assembly Hall,NA,17222,NA,NA,NA,NA,NA,NA,NA,NA,Indiana,UCLA,FALSE
401721427,2025-02-14,Indiana,UCLA,173,1,0:47,1247,1247,Foul on Eric Dailey Jr..,away,23,35,-12,6,FALSE,TRUE,0.11959569549176077,0.1412909190936071,3,4,-1.5,141.5,Earl Walton/Kipp Kissinger/Doug Sirmons,"Bloomington, IN",Simon Skjodt Assembly Hall,NA,17222,NA,NA,NA,NA,NA,NA,NA,NA,Indiana,Indiana,FALSE
401721427,2025-02-14,Indiana,UCLA,174,1,0:47,1247,1247,Eric Dailey Jr. Turnover.,away,23,35,-12,0,FALSE,FALSE,0.11959569549176077,0.1412909190936071,3,4,-1.5,141.5,Earl Walton/Kipp Kissinger/Doug Sirmons,"Bloomington, IN",Simon Skjodt Assembly Hall,NA,17222,NA,NA,NA,NA,NA,NA,NA,NA,Indiana,Indiana,FALSE
401721427,2025-02-14,Indiana,UCLA,175,1,0:47,1247,1247,Skyy Clark subbing out for UCLA,away,23,35,-12,0,FALSE,FALSE,0.11959569549176077,0.1412909190936071,3,4,-1.5,141.5,Earl Walton/Kipp Kissinger/Doug Sirmons,"Bloomington, IN",Simon Skjodt Assembly Hall,NA,17222,NA,NA,NA,NA,NA,NA,NA,NA,Indiana,Indiana,FALSE
401721427,2025-02-14,Indiana,UCLA,176,1,0:47,1247,1247,Dylan Andrews subbing in for UCLA,away,23,35,-12,0,FALSE,FALSE,0.11959569549176077,0.1412909190936071,3,4,-1.5,141.5,Earl Walton/Kipp Kissinger/Doug Sirmons,"Bloomington, IN",Simon Skjodt Assembly Hall,NA,17222,NA,NA,NA,NA,NA,NA,NA,NA,Indiana,Indiana,FALSE
401721427,2025-02-14,Indiana,UCLA,177,1,0:40,1240,1240,Trey Galloway made Layup.,home,25,35,-10,7,TRUE,FALSE,0.15440371998285865,0.18105460453037278,3,4,-1.5,141.5,Earl Walton/Kipp Kissinger/Doug Sirmons,"Bloomington, IN",Simon Skjodt Assembly Hall,NA,17222,36.75,-5,Indiana,made,Trey Galloway,NA,FALSE,FALSE,Indiana,UCLA,FALSE
401721427,2025-02-14,Indiana,UCLA,178,1,0:25,1225,1225,UCLA Timeout,away,25,35,-10,15,FALSE,FALSE,0.15296095127813508,0.17928889552034957,3,3,-1.5,141.5,Earl Walton/Kipp Kissinger/Doug Sirmons,"Bloomington, IN",Simon Skjodt Assembly Hall,NA,17222,NA,NA,NA,NA,NA,NA,NA,NA,UCLA,UCLA,FALSE
401721427,2025-02-14,Indiana,UCLA,179,1,0:25,1225,1225,Eric Dailey Jr. subbing out for UCLA,away,25,35,-10,0,FALSE,FALSE,0.15296095127813508,0.17928889552034957,3,3,-1.5,141.5,Earl Walton/Kipp Kissinger/Doug Sirmons,"Bloomington, IN",Simon Skjodt Assembly Hall,NA,17222,NA,NA,NA,NA,NA,NA,NA,NA,UCLA,UCLA,FALSE
401721427,2025-02-14,Indiana,UCLA,180,1,0:25,1225,1225,Tyler Bilodeau subbing in for UCLA,away,25,35,-10,0,FALSE,FALSE,0.15296095127813508,0.17928889552034957,3,3,-1.5,141.5,Earl Walton/Kipp Kissinger/Doug Sirmons,"Bloomington, IN",Simon Skjodt Assembly Hall,NA,17222,NA,NA,NA,NA,NA,NA,NA,NA,UCLA,UCLA,FALSE
401721427,2025-02-14,Indiana,UCLA,181,1,0:11,1211,1211,Dylan Andrews missed Jumper.,away,25,35,-10,14,FALSE,FALSE,0.1515497605072964,0.17756875910131376,3,3,-1.5,141.5,Earl Walton/Kipp Kissinger/Doug Sirmons,"Bloomington, IN",Simon Skjodt Assembly Hall,NA,17222,-25.75,5,UCLA,missed,Dylan Andrews,NA,FALSE,FALSE,UCLA,Indiana,FALSE
401721427,2025-02-14,Indiana,UCLA,182,1,0:08,1208,1208,Kanaan Carlyle Defensive Rebound.,home,25,35,-10,3,FALSE,FALSE,0.15124001116930225,0.17719197979846132,3,3,-1.5,141.5,Earl Walton/Kipp Kissinger/Doug Sirmons,"Bloomington, IN",Simon Skjodt Assembly Hall,NA,17222,NA,NA,NA,NA,NA,NA,NA,NA,UCLA,Indiana,FALSE
401721427,2025-02-14,Indiana,UCLA,183,1,0:02,1202,1202,Luke Goode missed Three Point Jumper.,home,25,35,-10,6,FALSE,FALSE,0.15062777209839606,0.17644690197202484,3,3,-1.5,141.5,Earl Walton/Kipp Kissinger/Doug Sirmons,"Bloomington, IN",Simon Skjodt Assembly Hall,NA,17222,22.75,14,Indiana,missed,Luke Goode,NA,TRUE,FALSE,Indiana,Indiana,FALSE
401721427,2025-02-14,Indiana,UCLA,184,1,0:00,1200,1200,Anthony Leal Offensive Rebound.,home,25,35,-10,2,FALSE,FALSE,0.15042592424260298,0.17620114634698997,3,3,-1.5,141.5,Earl Walton/Kipp Kissinger/Doug Sirmons,"Bloomington, IN",Simon Skjodt Assembly Hall,NA,17222,NA,NA,NA,NA,NA,NA,NA,NA,Indiana,Indiana,FALSE
401721427,2025-02-14,Indiana,UCLA,185,1,0:00,1200,1200,End of 1st half,NA,25,35,-10,0,FALSE,FALSE,0.15042592424260298,0.17620114634698997,3,3,-1.5,141.5,Earl Walton/Kipp Kissinger/Doug Sirmons,"Bloomington, IN",Simon Skjodt Assembly Hall,NA,17222,NA,NA,NA,NA,NA,NA,NA,NA,Indiana,NA,FALSE
401721427,2025-02-14,Indiana,UCLA,186,2,20:00,1200,1200,Kanaan Carlyle subbing out for Indiana,home,25,35,-10,0,FALSE,FALSE,0.15042592424260298,0.17620114634698997,4,4,-1.5,141.5,Earl Walton/Kipp Kissinger/Doug Sirmons,"Bloomington, IN",Simon Skjodt Assembly Hall,NA,17222,NA,NA,NA,NA,NA,NA,NA,NA,Indiana,Indiana,FALSE
401721427,2025-02-14,Indiana,UCLA,187,2,20:00,1200,1200,Mackenzie Mgbako subbing in for Indiana,home,25,35,-10,0,FALSE,FALSE,0.15042592424260298,0.17620114634698997,4,4,-1.5,141.5,Earl Walton/Kipp Kissinger/Doug Sirmons,"Bloomington, IN",Simon Skjodt Assembly Hall,NA,17222,NA,NA,NA,NA,NA,NA,NA,NA,Indiana,Indiana,FALSE
401721427,2025-02-14,Indiana,UCLA,188,2,20:00,1200,1200,Trent Perry subbing out for UCLA,away,25,35,-10,0,FALSE,FALSE,0.15042592424260298,0.17620114634698997,4,4,-1.5,141.5,Earl Walton/Kipp Kissinger/Doug Sirmons,"Bloomington, IN",Simon Skjodt Assembly Hall,NA,17222,NA,NA,NA,NA,NA,NA,NA,NA,Indiana,Indiana,FALSE
401721427,2025-02-14,Indiana,UCLA,189,2,20:00,1200,1200,Lazar Stefanovic subbing out for UCLA,away,25,35,-10,0,FALSE,FALSE,0.15042592424260298,0.17620114634698997,4,4,-1.5,141.5,Earl Walton/Kipp Kissinger/Doug Sirmons,"Bloomington, IN",Simon Skjodt Assembly Hall,NA,17222,NA,NA,NA,NA,NA,NA,NA,NA,Indiana,Indiana,FALSE
401721427,2025-02-14,Indiana,UCLA,190,2,20:00,1200,1200,Aday Mara subbing out for UCLA,away,25,35,-10,0,FALSE,FALSE,0.15042592424260298,0.17620114634698997,4,4,-1.5,141.5,Earl Walton/Kipp Kissinger/Doug Sirmons,"Bloomington, IN",Simon Skjodt Assembly Hall,NA,17222,NA,NA,NA,NA,NA,NA,NA,NA,Indiana,Indiana,FALSE
401721427,2025-02-14,Indiana,UCLA,191,2,20:00,1200,1200,Kobe Johnson subbing in for UCLA,away,25,35,-10,0,FALSE,FALSE,0.15042592424260298,0.17620114634698997,4,4,-1.5,141.5,Earl Walton/Kipp Kissinger/Doug Sirmons,"Bloomington, IN",Simon Skjodt Assembly Hall,NA,17222,NA,NA,NA,NA,NA,NA,NA,NA,Indiana,Indiana,FALSE
401721427,2025-02-14,Indiana,UCLA,192,2,20:00,1200,1200,Eric Dailey Jr. subbing in for UCLA,away,25,35,-10,0,FALSE,FALSE,0.15042592424260298,0.17620114634698997,4,4,-1.5,141.5,Earl Walton/Kipp Kissinger/Doug Sirmons,"Bloomington, IN",Simon Skjodt Assembly Hall,NA,17222,NA,NA,NA,NA,NA,NA,NA,NA,Indiana,Indiana,FALSE
401721427,2025-02-14,Indiana,UCLA,193,2,20:00,1200,1200,Skyy Clark subbing in for UCLA,away,25,35,-10,0,FALSE,FALSE,0.15042592424260298,0.17620114634698997,4,4,-1.5,141.5,Earl Walton/Kipp Kissinger/Doug Sirmons,"Bloomington, IN",Simon Skjodt Assembly Hall,NA,17222,NA,NA,NA,NA,NA,NA,NA,NA,Indiana,Indiana,FALSE
401721427,2025-02-14,Indiana,UCLA,194,2,19:42,1182,1182,Dylan Andrews Turnover.,away,25,35,-10,18,FALSE,FALSE,0.14865360344772774,0.1740411299566513,4,4,-1.5,141.5,Earl Walton/Kipp Kissinger/Doug Sirmons,"Bloomington, IN",Simon Skjodt Assembly Hall,NA,17222,NA,NA,NA,NA,NA,NA,NA,NA,UCLA,Indiana,FALSE
401721427,2025-02-14,Indiana,UCLA,195,2,19:42,1182,1182,Anthony Leal Steal.,home,25,35,-10,0,FALSE,FALSE,0.14865360344772774,0.1740411299566513,4,4,-1.5,141.5,Earl Walton/Kipp Kissinger/Doug Sirmons,"Bloomington, IN",Simon Skjodt Assembly Hall,NA,17222,NA,NA,NA,NA,NA,NA,NA,NA,UCLA,Indiana,FALSE
401721427,2025-02-14,Indiana,UCLA,196,2,19:26,1166,1166,Mackenzie Mgbako made Three Point Jumper. Assisted by Trey Galloway.,home,28,35,-7,16,TRUE,FALSE,0.21649654216019626,0.24989883721386852,4,4,-1.5,141.5,Earl Walton/Kipp Kissinger/Doug Sirmons,"Bloomington, IN",Simon Skjodt Assembly Hall,NA,17222,26.75,18,Indiana,made,Mackenzie Mgbako,Trey Galloway,TRUE,FALSE,Indiana,UCLA,FALSE
401721427,2025-02-14,Indiana,UCLA,197,2,19:07,1147,1147,Eric Dailey Jr. made Jumper.,away,28,37,-9,19,TRUE,FALSE,0.16619723143095763,0.1935925041030366,4,4,-1.5,141.5,Earl Walton/Kipp Kissinger/Doug Sirmons,"Bloomington, IN",Simon Skjodt Assembly Hall,NA,17222,-25.75,-8,UCLA,made,Eric Dailey Jr.,NA,FALSE,FALSE,UCLA,Indiana,FALSE
401721427,2025-02-14,Indiana,UCLA,198,2,18:44,1124,1124,Luke Goode made Layup.,home,30,37,-7,23,TRUE,FALSE,0.2129487596282185,0.2455414774570654,4,4,-1.5,141.5,Earl Walton/Kipp Kissinger/Doug Sirmons,"Bloomington, IN",Simon Skjodt Assembly Hall,NA,17222,39.75,-4,Indiana,made,Luke Goode,NA,FALSE,FALSE,Indiana,UCLA,FALSE
401721427,2025-02-14,Indiana,UCLA,199,2,18:31,1111,1111,Skyy Clark made Three Point Jumper. Assisted by Kobe Johnson.,away,30,40,-10,13,TRUE,FALSE,0.1420958046183568,0.16603301215449057,4,4,-1.5,141.5,Earl Walton/Kipp Kissinger/Doug Sirmons,"Bloomington, IN",Simon Skjodt Assembly Hall,NA,17222,-41.75,-23,UCLA,made,Skyy Clark,Kobe Johnson,TRUE,FALSE,UCLA,Indiana,FALSE
401721427,2025-02-14,Indiana,UCLA,200,2,17:58,1078,1078,Mackenzie Mgbako missed Three Point Jumper.,home,30,40,-10,33,FALSE,FALSE,0.1390476740674779,0.16231790696294127,4,4,-1.5,141.5,Earl Walton/Kipp Kissinger/Doug Sirmons,"Bloomington, IN",Simon Skjodt Assembly Hall,NA,17222,28.75,-20,Indiana,missed,Mackenzie Mgbako,NA,TRUE,FALSE,Indiana,Indiana,FALSE
401721427,2025-02-14,Indiana,UCLA,201,2,17:54,1074,1074,Trey Galloway Offensive Rebound.,home,30,40,-10,4,FALSE,FALSE,0.13866980922763117,0.16185823012398662,4,4,-1.5,141.5,Earl Walton/Kipp Kissinger/Doug Sirmons,"Bloomington, IN",Simon Skjodt Assembly Hall,NA,17222,NA,NA,NA,NA,NA,NA,NA,NA,Indiana,Indiana,FALSE
401721427,2025-02-14,Indiana,UCLA,202,2,17:51,1071,1071,Luke Goode made Three Point Jumper. Assisted by Trey Galloway.,home,33,40,-7,3,TRUE,FALSE,0.20838901094037673,0.23995681419049233,4,4,-1.5,141.5,Earl Walton/Kipp Kissinger/Doug Sirmons,"Bloomington, IN",Simon Skjodt Assembly Hall,NA,17222,19.75,8,Indiana,made,Luke Goode,Trey Galloway,TRUE,FALSE,Indiana,UCLA,FALSE
401721427,2025-02-14,Indiana,UCLA,203,2,17:23,1043,1043,Tyler Bilodeau missed Jumper.,away,33,40,-7,28,FALSE,FALSE,0.2058028880856068,0.2368097235938818,4,4,-1.5,141.5,Earl Walton/Kipp Kissinger/Doug Sirmons,"Bloomington, IN",Simon Skjodt Assembly Hall,NA,17222,-28.75,2,UCLA,missed,Tyler Bilodeau,NA,FALSE,FALSE,UCLA,UCLA,FALSE
401721427,2025-02-14,Indiana,UCLA,204,2,17:20,1040,1040,Kobe Johnson Offensive Rebound.,away,33,40,-7,3,FALSE,FALSE,0.20551478663291387,0.23646023314684808,4,4,-1.5,141.5,Earl Walton/Kipp Kissinger/Doug Sirmons,"Bloomington, IN",Simon Skjodt Assembly Hall,NA,17222,NA,NA,NA,NA,NA,NA,NA,NA,UCLA,UCLA,FALSE
401721427,2025-02-14,Indiana,UCLA,205,2,17:18,1038,1038,Kobe Johnson Turnover.,away,33,40,-7,2,FALSE,FALSE,0.2053213813563528,0.2362257437582196,4,4,-1.5,141.5,Earl Walton/Kipp Kissinger/Doug Sirmons,"Bloomington, IN",Simon Skjodt Assembly Hall,NA,17222,NA,NA,NA,NA,NA,NA,NA,NA,UCLA,Indiana,FALSE
401721427,2025-02-14,Indiana,UCLA,206,2,17:18,1038,1038,Anthony Leal Steal.,home,33,40,-7,0,FALSE,FALSE,0.2053213813563528,0.2362257437582196,4,4,-1.5,141.5,Earl Walton/Kipp Kissinger/Doug Sirmons,"Bloomington, IN",Simon Skjodt Assembly Hall,NA,17222,NA,NA,NA,NA,NA,NA,NA,NA,UCLA,Indiana,FALSE
401721427,2025-02-14,Indiana,UCLA,207,2,17:12,1032,1032,Luke Goode made Three Point Jumper.,home,36,40,-4,6,TRUE,FALSE,0.29894019844243525,0.337866479147556,4,4,-1.5,141.5,Earl Walton/Kipp Kissinger/Doug Sirmons,"Bloomington, IN",Simon Skjodt Assembly Hall,NA,17222,29.75,21,Indiana,made,Luke Goode,NA,TRUE,FALSE,Indiana,UCLA,FALSE
401721427,2025-02-14,Indiana,UCLA,208,2,16:52,1012,1012,Kobe Johnson missed Three Point Jumper.,away,36,40,-4,20,FALSE,FALSE,0.29754358508708034,0.3361172623689507,4,4,-1.5,141.5,Earl Walton/Kipp Kissinger/Doug Sirmons,"Bloomington, IN",Simon Skjodt Assembly Hall,NA,17222,-39.75,22,UCLA,missed,Kobe Johnson,NA,TRUE,FALSE,UCLA,Indiana,FALSE
401721427,2025-02-14,Indiana,UCLA,209,2,16:49,1009,1009,Anthony Leal Defensive Rebound.,home,36,40,-4,3,FALSE,FALSE,0.29732521126669736,0.33584510404110646,4,4,-1.5,141.5,Earl Walton/Kipp Kissinger/Doug Sirmons,"Bloomington, IN",Simon Skjodt Assembly Hall,NA,17222,NA,NA,NA,NA,NA,NA,NA,NA,UCLA,Indiana,FALSE
401721427,2025-02-14,Indiana,UCLA,210,2,16:37,997,997,Trey Galloway missed Three Point Jumper.,home,36,40,-4,12,FALSE,FALSE,0.29642636105593484,0.3347285419095309,4,4,-1.5,141.5,Earl Walton/Kipp Kissinger/Doug Sirmons,"Bloomington, IN",Simon Skjodt Assembly Hall,NA,17222,41.75,22,Indiana,missed,Trey Galloway,NA,TRUE,FALSE,Indiana,Indiana,FALSE
401721427,2025-02-14,Indiana,UCLA,211,2,16:33,993,993,Mackenzie Mgbako Offensive Rebound.,home,36,40,-4,4,FALSE,FALSE,0.29611731102328714,0.33434595956615004,4,4,-1.5,141.5,Earl Walton/Kipp Kissinger/Doug Sirmons,"Bloomington, IN",Simon Skjodt Assembly Hall,NA,17222,NA,NA,NA,NA,NA,NA,NA,NA,Indiana,Indiana,FALSE
401721427,2025-02-14,Indiana,UCLA,212,2,16:20,980,980,Mackenzie Mgbako missed Layup.,home,36,40,-4,13,FALSE,FALSE,0.2950781363455206,0.3330642396441944,4,4,-1.5,141.5,Earl Walton/Kipp Kissinger/Doug Sirmons,"Bloomington, IN",Simon Skjodt Assembly Hall,NA,17222,39.75,-2,Indiana,missed,Mackenzie Mgbako,NA,FALSE,FALSE,Indiana,UCLA,FALSE
401721427,2025-02-14,Indiana,UCLA,213,2,16:20,980,980,Eric Dailey Jr. Block.,away,36,40,-4,0,FALSE,FALSE,0.2950781363455206,0.3330642396441944,4,4,-1.5,141.5,Earl Walton/Kipp Kissinger/Doug Sirmons,"Bloomington, IN",Simon Skjodt Assembly Hall,NA,17222,NA,NA,NA,NA,NA,NA,NA,NA,Indiana,UCLA,FALSE
401721427,2025-02-14,Indiana,UCLA,214,2,16:16,976,976,Kobe Johnson Defensive Rebound.,away,36,40,-4,4,FALSE,FALSE,0.29474721081591226,0.33265753350017035,4,4,-1.5,141.5,Earl Walton/Kipp Kissinger/Doug Sirmons,"Bloomington, IN",Simon Skjodt Assembly Hall,NA,17222,NA,NA,NA,NA,NA,NA,NA,NA,Indiana,UCLA,FALSE
401721427,2025-02-14,Indiana,UCLA,215,2,16:14,974,974,Foul on Trey Galloway.,home,36,40,-4,2,FALSE,TRUE,0.2945796984814,0.33245191903242566,4,4,-1.5,141.5,Earl Walton/Kipp Kissinger/Doug Sirmons,"Bloomington, IN",Simon Skjodt Assembly Hall,NA,17222,NA,NA,NA,NA,NA,NA,NA,NA,UCLA,UCLA,FALSE
401721427,2025-02-14,Indiana,UCLA,216,2,16:14,974,974,Tyler Bilodeau made Free Throw.,away,36,41,-5,0,TRUE,FALSE,0.2597009880584559,0.2949640692529525,4,4,-1.5,141.5,Earl Walton/Kipp Kissinger/Doug Sirmons,"Bloomington, IN",Simon Skjodt Assembly Hall,NA,17222,NA,NA,UCLA,made,Tyler Bilodeau,NA,NA,TRUE,UCLA,UCLA,FALSE
401721427,2025-02-14,Indiana,UCLA,217,2,16:14,974,974,Dylan Andrews subbing out for UCLA,away,36,41,-5,0,FALSE,FALSE,0.2597009880584559,0.2949640692529525,4,4,-1.5,141.5,Earl Walton/Kipp Kissinger/Doug Sirmons,"Bloomington, IN",Simon Skjodt Assembly Hall,NA,17222,NA,NA,NA,NA,NA,NA,NA,NA,UCLA,UCLA,FALSE
401721427,2025-02-14,Indiana,UCLA,218,2,16:14,974,974,Eric Dailey Jr. subbing out for UCLA,away,36,41,-5,0,FALSE,FALSE,0.2597009880584559,0.2949640692529525,4,4,-1.5,141.5,Earl Walton/Kipp Kissinger/Doug Sirmons,"Bloomington, IN",Simon Skjodt Assembly Hall,NA,17222,NA,NA,NA,NA,NA,NA,NA,NA,UCLA,UCLA,FALSE
401721427,2025-02-14,Indiana,UCLA,219,2,16:14,974,974,Lazar Stefanovic subbing in for UCLA,away,36,41,-5,0,FALSE,FALSE,0.2597009880584559,0.2949640692529525,4,4,-1.5,141.5,Earl Walton/Kipp Kissinger/Doug Sirmons,"Bloomington, IN",Simon Skjodt Assembly Hall,NA,17222,NA,NA,NA,NA,NA,NA,NA,NA,UCLA,UCLA,FALSE
401721427,2025-02-14,Indiana,UCLA,220,2,16:14,974,974,Sebastian Mack subbing in for UCLA,away,36,41,-5,0,FALSE,FALSE,0.2597009880584559,0.2949640692529525,4,4,-1.5,141.5,Earl Walton/Kipp Kissinger/Doug Sirmons,"Bloomington, IN",Simon Skjodt Assembly Hall,NA,17222,NA,NA,NA,NA,NA,NA,NA,NA,UCLA,UCLA,FALSE
401721427,2025-02-14,Indiana,UCLA,221,2,16:14,974,974,Tyler Bilodeau made Free Throw.,away,36,42,-6,0,TRUE,FALSE,0.2276194356672969,0.26005662623843445,4,4,-1.5,141.5,Earl Walton/Kipp Kissinger/Doug Sirmons,"Bloomington, IN",Simon Skjodt Assembly Hall,NA,17222,NA,NA,UCLA,made,Tyler Bilodeau,NA,NA,TRUE,UCLA,Indiana,FALSE
401721427,2025-02-14,Indiana,UCLA,222,2,15:54,954,954,Luke Goode made Jumper.,home,38,42,-4,20,TRUE,FALSE,0.2929390448992351,0.33043739252722143,4,4,-1.5,141.5,Earl Walton/Kipp Kissinger/Doug Sirmons,"Bloomington, IN",Simon Skjodt Assembly Hall,NA,17222,25.75,-1,Indiana,made,Luke Goode,NA,FALSE,FALSE,Indiana,UCLA,FALSE
401721427,2025-02-14,Indiana,UCLA,223,2,15:40,940,940,Sebastian Mack Turnover.,away,38,42,-4,14,FALSE,FALSE,0.2918960874274621,0.32914962735934505,4,4,-1.5,141.5,Earl Walton/Kipp Kissinger/Doug Sirmons,"Bloomington, IN",Simon Skjodt Assembly Hall,NA,17222,NA,NA,NA,NA,NA,NA,NA,NA,UCLA,Indiana,FALSE
401721427,2025-02-14,Indiana,UCLA,224,2,15:40,940,940,Oumar Ballo Steal.,home,38,42,-4,0,FALSE,FALSE,0.2918960874274621,0.32914962735934505,4,4,-1.5,141.5,Earl Walton/Kipp Kissinger/Doug Sirmons,"Bloomington, IN",Simon Skjodt Assembly Hall,NA,17222,NA,NA,NA,NA,NA,NA,NA,NA,UCLA,Indiana,FALSE
401721427,2025-02-14,Indiana,UCLA,225,2,15:40,940,940,Official TV Timeout,NA,38,42,-4,0,FALSE,FALSE,0.2918960874274621,0.32914962735934505,4,4,-1.5,141.5,Earl Walton/Kipp Kissinger/Doug Sirmons,"Bloomington, IN",Simon Skjodt Assembly Hall,NA,17222,NA,NA,NA,NA,NA,NA,NA,NA,UCLA,Indiana,FALSE
401721427,2025-02-14,Indiana,UCLA,226,2,15:40,940,940,Sebastian Mack subbing out for UCLA,away,38,42,-4,0,FALSE,FALSE,0.2918960874274621,0.32914962735934505,4,4,-1.5,141.5,Earl Walton/Kipp Kissinger/Doug Sirmons,"Bloomington, IN",Simon Skjodt Assembly Hall,NA,17222,NA,NA,NA,NA,NA,NA,NA,NA,UCLA,Indiana,FALSE
401721427,2025-02-14,Indiana,UCLA,227,2,15:40,940,940,Trent Perry subbing in for UCLA,away,38,42,-4,0,FALSE,FALSE,0.2918960874274621,0.32914962735934505,4,4,-1.5,141.5,Earl Walton/Kipp Kissinger/Doug Sirmons,"Bloomington, IN",Simon Skjodt Assembly Hall,NA,17222,NA,NA,NA,NA,NA,NA,NA,NA,UCLA,Indiana,FALSE
401721427,2025-02-14,Indiana,UCLA,228,2,15:28,928,928,Mackenzie Mgbako missed Three Point Jumper.,home,38,42,-4,12,FALSE,FALSE,0.2910593481761929,0.3281124069897964,4,4,-1.5,141.5,Earl Walton/Kipp Kissinger/Doug Sirmons,"Bloomington, IN",Simon Skjodt Assembly Hall,NA,17222,32.75,21,Indiana,missed,Mackenzie Mgbako,NA,TRUE,FALSE,Indiana,UCLA,FALSE
401721427,2025-02-14,Indiana,UCLA,229,2,15:24,924,924,Tyler Bilodeau Defensive Rebound.,away,38,42,-4,4,FALSE,FALSE,0.29079014580172713,0.32777800546141295,4,4,-1.5,141.5,Earl Walton/Kipp Kissinger/Doug Sirmons,"Bloomington, IN",Simon Skjodt Assembly Hall,NA,17222,NA,NA,NA,NA,NA,NA,NA,NA,Indiana,UCLA,FALSE
401721427,2025-02-14,Indiana,UCLA,230,2,15:13,913,913,Kobe Johnson made Three Point Jumper. Assisted by Tyler Bilodeau.,away,38,45,-7,11,TRUE,FALSE,0.1920439825399942,0.22027574823596432,4,4,-1.5,141.5,Earl Walton/Kipp Kissinger/Doug Sirmons,"Bloomington, IN",Simon Skjodt Assembly Hall,NA,17222,-19.75,8,UCLA,made,Kobe Johnson,Tyler Bilodeau,TRUE,FALSE,UCLA,Indiana,FALSE
401721427,2025-02-14,Indiana,UCLA,231,2,14:42,882,882,Mackenzie Mgbako made Jumper.,home,40,45,-5,31,TRUE,FALSE,0.2520408825985756,0.2856508998749515,4,4,-1.5,141.5,Earl Walton/Kipp Kissinger/Doug Sirmons,"Bloomington, IN",Simon Skjodt Assembly Hall,NA,17222,35.75,-12,Indiana,made,Mackenzie Mgbako,NA,FALSE,FALSE,Indiana,UCLA,FALSE
401721427,2025-02-14,Indiana,UCLA,232,2,14:26,866,866,Tyler Bilodeau missed Three Point Jumper.,away,40,45,-5,16,FALSE,FALSE,0.25087285100359247,0.28422463768123807,4,4,-1.5,141.5,Earl Walton/Kipp Kissinger/Doug Sirmons,"Bloomington, IN",Simon Skjodt Assembly Hall,NA,17222,-27.75,19,UCLA,missed,Tyler Bilodeau,NA,TRUE,FALSE,UCLA,Indiana,FALSE
401721427,2025-02-14,Indiana,UCLA,233,2,14:22,862,862,Trey Galloway Defensive Rebound.,home,40,45,-5,4,FALSE,FALSE,0.2505776920209941,0.28386473614477187,4,4,-1.5,141.5,Earl Walton/Kipp Kissinger/Doug Sirmons,"Bloomington, IN",Simon Skjodt Assembly Hall,NA,17222,NA,NA,NA,NA,NA,NA,NA,NA,UCLA,Indiana,FALSE
401721427,2025-02-14,Indiana,UCLA,234,2,14:18,858,858,Foul on Tyler Bilodeau.,away,40,45,-5,4,FALSE,TRUE,0.25028036634467093,0.2835024635445386,4,4,-1.5,141.5,Earl Walton/Kipp Kissinger/Doug Sirmons,"Bloomington, IN",Simon Skjodt Assembly Hall,NA,17222,NA,NA,NA,NA,NA,NA,NA,NA,Indiana,Indiana,FALSE
401721427,2025-02-14,Indiana,UCLA,235,2,14:18,858,858,Oumar Ballo made Free Throw.,home,41,45,-4,0,TRUE,FALSE,0.28665479787025816,0.32262744303925395,4,4,-1.5,141.5,Earl Walton/Kipp Kissinger/Doug Sirmons,"Bloomington, IN",Simon Skjodt Assembly Hall,NA,17222,NA,NA,Indiana,made,Oumar Ballo,NA,NA,TRUE,Indiana,Indiana,FALSE
401721427,2025-02-14,Indiana,UCLA,236,2,14:18,858,858,Tyler Bilodeau subbing out for UCLA,away,41,45,-4,0,FALSE,FALSE,0.28665479787025816,0.32262744303925395,4,4,-1.5,141.5,Earl Walton/Kipp Kissinger/Doug Sirmons,"Bloomington, IN",Simon Skjodt Assembly Hall,NA,17222,NA,NA,NA,NA,NA,NA,NA,NA,Indiana,Indiana,FALSE
401721427,2025-02-14,Indiana,UCLA,237,2,14:18,858,858,Aday Mara subbing in for UCLA,away,41,45,-4,0,FALSE,FALSE,0.28665479787025816,0.32262744303925395,4,4,-1.5,141.5,Earl Walton/Kipp Kissinger/Doug Sirmons,"Bloomington, IN",Simon Skjodt Assembly Hall,NA,17222,NA,NA,NA,NA,NA,NA,NA,NA,Indiana,Indiana,FALSE
401721427,2025-02-14,Indiana,UCLA,238,2,14:18,858,858,Oumar Ballo missed Free Throw.,home,41,45,-4,0,FALSE,FALSE,0.28665479787025816,0.32262744303925395,4,4,-1.5,141.5,Earl Walton/Kipp Kissinger/Doug Sirmons,"Bloomington, IN",Simon Skjodt Assembly Hall,NA,17222,NA,NA,Indiana,missed,Oumar Ballo,NA,NA,TRUE,Indiana,UCLA,FALSE
401721427,2025-02-14,Indiana,UCLA,239,2,14:16,856,856,Lazar Stefanovic Defensive Rebound.,away,41,45,-4,2,FALSE,FALSE,0.286528422898467,0.3224706261472662,4,4,-1.5,141.5,Earl Walton/Kipp Kissinger/Doug Sirmons,"Bloomington, IN",Simon Skjodt Assembly Hall,NA,17222,NA,NA,NA,NA,NA,NA,NA,NA,Indiana,UCLA,FALSE
401721427,2025-02-14,Indiana,UCLA,240,2,14:04,844,844,Trent Perry made Three Point Jumper.,away,41,48,-7,12,TRUE,FALSE,0.18600049130410465,0.21299820599165087,4,4,-1.5,141.5,Earl Walton/Kipp Kissinger/Doug Sirmons,"Bloomington, IN",Simon Skjodt Assembly Hall,NA,17222,-19.75,10,UCLA,made,Trent Perry,NA,TRUE,FALSE,UCLA,Indiana,FALSE
401721427,2025-02-14,Indiana,UCLA,241,2,13:50,830,830,Trey Galloway missed Jumper.,home,41,48,-7,14,FALSE,FALSE,0.18469552423804086,0.21143456658856374,4,4,-1.5,141.5,Earl Walton/Kipp Kissinger/Doug Sirmons,"Bloomington, IN",Simon Skjodt Assembly Hall,NA,17222,32.75,-5,Indiana,missed,Trey Galloway,NA,FALSE,FALSE,Indiana,Indiana,FALSE
401721427,2025-02-14,Indiana,UCLA,242,2,13:45,825,825,Oumar Ballo Offensive Rebound.,home,41,48,-7,5,FALSE,FALSE,0.18421195814537902,0.21085626253601586,4,4,-1.5,141.5,Earl Walton/Kipp Kissinger/Doug Sirmons,"Bloomington, IN",Simon Skjodt Assembly Hall,NA,17222,NA,NA,NA,NA,NA,NA,NA,NA,Indiana,Indiana,FALSE
401721427,2025-02-14,Indiana,UCLA,243,2,13:45,825,825,Oumar Ballo made Two Point Tip Shot.,home,43,48,-5,0,TRUE,FALSE,0.24768639217797433,0.28035645967313005,4,4,-1.5,141.5,Earl Walton/Kipp Kissinger/Doug Sirmons,"Bloomington, IN",Simon Skjodt Assembly Hall,NA,17222,40.75,-0,Indiana,made,Oumar Ballo,NA,FALSE,FALSE,Indiana,UCLA,FALSE
401721427,2025-02-14,Indiana,UCLA,244,2,13:20,800,800,Foul on Trey Galloway.,home,43,48,-5,25,FALSE,TRUE,0.24545062844200888,0.27766829588969216,4,4,-1.5,141.5,Earl Walton/Kipp Kissinger/Doug Sirmons,"Bloomington, IN",Simon Skjodt Assembly Hall,NA,17222,NA,NA,NA,NA,NA,NA,NA,NA,UCLA,UCLA,FALSE
401721427,2025-02-14,Indiana,UCLA,245,2,13:20,800,800,Aday Mara made Free Throw.,away,43,49,-6,0,TRUE,FALSE,0.21177881482384017,0.24098832269975948,4,4,-1.5,141.5,Earl Walton/Kipp Kissinger/Doug Sirmons,"Bloomington, IN",Simon Skjodt Assembly Hall,NA,17222,NA,NA,UCLA,made,Aday Mara,NA,NA,TRUE,UCLA,UCLA,FALSE
401721427,2025-02-14,Indiana,UCLA,246,2,13:20,800,800,Aday Mara made Free Throw.,away,43,50,-7,0,TRUE,FALSE,0.18161441116760307,0.20776011159447158,4,4,-1.5,141.5,Earl Walton/Kipp Kissinger/Doug Sirmons,"Bloomington, IN",Simon Skjodt Assembly Hall,NA,17222,NA,NA,UCLA,made,Aday Mara,NA,NA,TRUE,UCLA,Indiana,FALSE
401721427,2025-02-14,Indiana,UCLA,247,2,13:06,786,786,Luke Goode missed Three Point Jumper.,home,43,50,-7,14,FALSE,FALSE,0.17999974557737675,0.20584362280594706,4,4,-1.5,141.5,Earl Walton/Kipp Kissinger/Doug Sirmons,"Bloomington, IN",Simon Skjodt Assembly Hall,NA,17222,35.75,22,Indiana,missed,Luke Goode,NA,TRUE,FALSE,Indiana,UCLA,FALSE
401721427,2025-02-14,Indiana,UCLA,248,2,13:01,781,781,Kobe Johnson Defensive Rebound.,away,43,50,-7,5,FALSE,FALSE,0.17939032140773842,0.2051217165821227,4,4,-1.5,141.5,Earl Walton/Kipp Kissinger/Doug Sirmons,"Bloomington, IN",Simon Skjodt Assembly Hall,NA,17222,NA,NA,NA,NA,NA,NA,NA,NA,Indiana,UCLA,FALSE
401721427,2025-02-14,Indiana,UCLA,249,2,12:47,767,767,Skyy Clark made Layup.,away,43,52,-9,14,TRUE,FALSE,0.12746082957671512,0.14697438635615842,4,4,-1.5,141.5,Earl Walton/Kipp Kissinger/Doug Sirmons,"Bloomington, IN",Simon Skjodt Assembly Hall,NA,17222,-39.75,-4,UCLA,made,Skyy Clark,NA,FALSE,FALSE,UCLA,Indiana,FALSE
401721427,2025-02-14,Indiana,UCLA,250,2,12:19,739,739,Anthony Leal subbing out for Indiana,home,43,52,-9,28,FALSE,FALSE,0.12338654108869203,0.14215890816180882,4,4,-1.5,141.5,Earl Walton/Kipp Kissinger/Doug Sirmons,"Bloomington, IN",Simon Skjodt Assembly Hall,NA,17222,NA,NA,NA,NA,NA,NA,NA,NA,Indiana,Indiana,FALSE
401721427,2025-02-14,Indiana,UCLA,251,2,12:19,739,739,Oumar Ballo subbing out for Indiana,home,43,52,-9,0,FALSE,FALSE,0.12338654108869203,0.14215890816180882,4,4,-1.5,141.5,Earl Walton/Kipp Kissinger/Doug Sirmons,"Bloomington, IN",Simon Skjodt Assembly Hall,NA,17222,NA,NA,NA,NA,NA,NA,NA,NA,Indiana,Indiana,FALSE
401721427,2025-02-14,Indiana,UCLA,252,2,12:19,739,739,Myles Rice subbing in for Indiana,home,43,52,-9,0,FALSE,FALSE,0.12338654108869203,0.14215890816180882,4,4,-1.5,141.5,Earl Walton/Kipp Kissinger/Doug Sirmons,"Bloomington, IN",Simon Skjodt Assembly Hall,NA,17222,NA,NA,NA,NA,NA,NA,NA,NA,Indiana,Indiana,FALSE
401721427,2025-02-14,Indiana,UCLA,253,2,12:19,739,739,Malik Reneau subbing in for Indiana,home,43,52,-9,0,FALSE,FALSE,0.12338654108869203,0.14215890816180882,4,4,-1.5,141.5,Earl Walton/Kipp Kissinger/Doug Sirmons,"Bloomington, IN",Simon Skjodt Assembly Hall,NA,17222,NA,NA,NA,NA,NA,NA,NA,NA,Indiana,Indiana,FALSE
401721427,2025-02-14,Indiana,UCLA,254,2,12:19,739,739,Skyy Clark subbing out for UCLA,away,43,52,-9,0,FALSE,FALSE,0.12338654108869203,0.14215890816180882,4,4,-1.5,141.5,Earl Walton/Kipp Kissinger/Doug Sirmons,"Bloomington, IN",Simon Skjodt Assembly Hall,NA,17222,NA,NA,NA,NA,NA,NA,NA,NA,Indiana,Indiana,FALSE
401721427,2025-02-14,Indiana,UCLA,255,2,12:19,739,739,Dylan Andrews subbing in for UCLA,away,43,52,-9,0,FALSE,FALSE,0.12338654108869203,0.14215890816180882,4,4,-1.5,141.5,Earl Walton/Kipp Kissinger/Doug Sirmons,"Bloomington, IN",Simon Skjodt Assembly Hall,NA,17222,NA,NA,NA,NA,NA,NA,NA,NA,Indiana,Indiana,FALSE
401721427,2025-02-14,Indiana,UCLA,256,2,12:13,733,733,Luke Goode made Jumper. Assisted by Trey Galloway.,home,45,52,-7,6,TRUE,FALSE,0.1724782974219121,0.196975638165915,4,4,-1.5,141.5,Earl Walton/Kipp Kissinger/Doug Sirmons,"Bloomington, IN",Simon Skjodt Assembly Hall,NA,17222,42.75,-15,Indiana,made,Luke Goode,Trey Galloway,FALSE,FALSE,Indiana,UCLA,FALSE
401721427,2025-02-14,Indiana,UCLA,257,2,11:50,710,710,Kobe Johnson missed Layup.,away,45,52,-7,23,FALSE,FALSE,0.16885577301571925,0.19271227877833091,4,4,-1.5,141.5,Earl Walton/Kipp Kissinger/Doug Sirmons,"Bloomington, IN",Simon Skjodt Assembly Hall,NA,17222,-35.75,-1,UCLA,missed,Kobe Johnson,NA,FALSE,FALSE,UCLA,Indiana,FALSE
401721427,2025-02-14,Indiana,UCLA,258,2,11:47,707,707,Trey Galloway Defensive Rebound.,home,45,52,-7,3,FALSE,FALSE,0.16842925542875456,0.1922082696839007,4,4,-1.5,141.5,Earl Walton/Kipp Kissinger/Doug Sirmons,"Bloomington, IN",Simon Skjodt Assembly Hall,NA,17222,NA,NA,NA,NA,NA,NA,NA,NA,UCLA,Indiana,FALSE
401721427,2025-02-14,Indiana,UCLA,259,2,11:46,706,706,Official TV Timeout,NA,45,52,-7,1,FALSE,FALSE,0.16828909725796878,0.19204254897936832,4,4,-1.5,141.5,Earl Walton/Kipp Kissinger/Doug Sirmons,"Bloomington, IN",Simon Skjodt Assembly Hall,NA,17222,NA,NA,NA,NA,NA,NA,NA,NA,Indiana,Indiana,FALSE
401721427,2025-02-14,Indiana,UCLA,260,2,11:40,700,700,Mackenzie Mgbako missed Three Point Jumper.,home,45,52,-7,6,FALSE,FALSE,0.16746769899089298,0.19107037769653357,4,4,-1.5,141.5,Earl Walton/Kipp Kissinger/Doug Sirmons,"Bloomington, IN",Simon Skjodt Assembly Hall,NA,17222,38.75,22,Indiana,missed,Mackenzie Mgbako,NA,TRUE,FALSE,Indiana,UCLA,FALSE
401721427,2025-02-14,Indiana,UCLA,261,2,11:35,695,695,Aday Mara Defensive Rebound.,away,45,52,-7,5,FALSE,FALSE,0.16680631534899568,0.19028642809706156,4,4,-1.5,141.5,Earl Walton/Kipp Kissinger/Doug Sirmons,"Bloomington, IN",Simon Skjodt Assembly Hall,NA,17222,NA,NA,NA,NA,NA,NA,NA,NA,Indiana,UCLA,FALSE
401721427,2025-02-14,Indiana,UCLA,262,2,11:22,682,682,Kobe Johnson missed Jumper.,away,45,52,-7,13,FALSE,FALSE,0.16516425436416546,0.18833602957724052,4,4,-1.5,141.5,Earl Walton/Kipp Kissinger/Doug Sirmons,"Bloomington, IN",Simon Skjodt Assembly Hall,NA,17222,-28.75,12,UCLA,missed,Kobe Johnson,NA,FALSE,FALSE,UCLA,UCLA,FALSE
401721427,2025-02-14,Indiana,UCLA,263,2,11:19,679,679,Aday Mara Offensive Rebound.,away,45,52,-7,3,FALSE,FALSE,0.16479755255082118,0.18789980456058994,4,4,-1.5,141.5,Earl Walton/Kipp Kissinger/Doug Sirmons,"Bloomington, IN",Simon Skjodt Assembly Hall,NA,17222,NA,NA,NA,NA,NA,NA,NA,NA,UCLA,UCLA,FALSE
401721427,2025-02-14,Indiana,UCLA,264,2,11:17,677,677,Aday Mara Turnover.,away,45,52,-7,2,FALSE,FALSE,0.1645549877424435,0.18761114483733457,4,4,-1.5,141.5,Earl Walton/Kipp Kissinger/Doug Sirmons,"Bloomington, IN",Simon Skjodt Assembly Hall,NA,17222,NA,NA,NA,NA,NA,NA,NA,NA,UCLA,Indiana,FALSE
401721427,2025-02-14,Indiana,UCLA,265,2,11:17,677,677,Luke Goode Steal.,home,45,52,-7,0,FALSE,FALSE,0.1645549877424435,0.18761114483733457,4,4,-1.5,141.5,Earl Walton/Kipp Kissinger/Doug Sirmons,"Bloomington, IN",Simon Skjodt Assembly Hall,NA,17222,NA,NA,NA,NA,NA,NA,NA,NA,UCLA,Indiana,FALSE
401721427,2025-02-14,Indiana,UCLA,266,2,10:56,656,656,Malik Reneau made Layup. Assisted by Myles Rice.,home,47,52,-5,21,TRUE,FALSE,0.22817407261232442,0.25713773163286674,4,4,-1.5,141.5,Earl Walton/Kipp Kissinger/Doug Sirmons,"Bloomington, IN",Simon Skjodt Assembly Hall,NA,17222,38.75,1,Indiana,made,Malik Reneau,Myles Rice,FALSE,FALSE,Indiana,UCLA,FALSE
401721427,2025-02-14,Indiana,UCLA,267,2,10:39,639,639,Dylan Andrews missed Jumper.,away,47,52,-5,17,FALSE,FALSE,0.22632930979632004,0.25492374510026566,4,4,-1.5,141.5,Earl Walton/Kipp Kissinger/Doug Sirmons,"Bloomington, IN",Simon Skjodt Assembly Hall,NA,17222,-26.75,-7,UCLA,missed,Dylan Andrews,NA,FALSE,FALSE,UCLA,Indiana,FALSE
401721427,2025-02-14,Indiana,UCLA,268,2,10:36,636,636,Mackenzie Mgbako Defensive Rebound.,home,47,52,-5,3,FALSE,FALSE,0.22599324324360245,0.2545211793979273,4,4,-1.5,141.5,Earl Walton/Kipp Kissinger/Doug Sirmons,"Bloomington, IN",Simon Skjodt Assembly Hall,NA,17222,NA,NA,NA,NA,NA,NA,NA,NA,UCLA,Indiana,FALSE
401721427,2025-02-14,Indiana,UCLA,269,2,10:27,627,627,Trey Galloway missed Three Point Jumper.,home,47,52,-5,9,FALSE,FALSE,0.2249566047048912,0.25328149305760167,4,4,-1.5,141.5,Earl Walton/Kipp Kissinger/Doug Sirmons,"Bloomington, IN",Simon Skjodt Assembly Hall,NA,17222,25.75,21,Indiana,missed,Trey Galloway,NA,TRUE,FALSE,Indiana,UCLA,FALSE
401721427,2025-02-14,Indiana,UCLA,270,2,10:22,622,622,Trent Perry Defensive Rebound.,away,47,52,-5,5,FALSE,FALSE,0.22435870052375947,0.2525680575778237,4,4,-1.5,141.5,Earl Walton/Kipp Kissinger/Doug Sirmons,"Bloomington, IN",Simon Skjodt Assembly Hall,NA,17222,NA,NA,NA,NA,NA,NA,NA,NA,Indiana,UCLA,FALSE
401721427,2025-02-14,Indiana,UCLA,271,2,10:17,617,617,Kobe Johnson made Layup. Assisted by Dylan Andrews.,away,47,54,-7,5,TRUE,FALSE,0.15715744052845376,0.17881479995654231,4,4,-1.5,141.5,Earl Walton/Kipp Kissinger/Doug Sirmons,"Bloomington, IN",Simon Skjodt Assembly Hall,NA,17222,-40.75,-3,UCLA,made,Kobe Johnson,Dylan Andrews,FALSE,FALSE,UCLA,Indiana,FALSE
401721427,2025-02-14,Indiana,UCLA,272,2,9:53,593,593,Malik Reneau missed Jumper.,home,47,54,-7,24,FALSE,FALSE,0.1535726104268757,0.1745872340965851,4,4,-1.5,141.5,Earl Walton/Kipp Kissinger/Doug Sirmons,"Bloomington, IN",Simon Skjodt Assembly Hall,NA,17222,38.75,4,Indiana,missed,Malik Reneau,NA,FALSE,FALSE,Indiana,UCLA,FALSE
401721427,2025-02-14,Indiana,UCLA,273,2,9:50,590,590,Aday Mara Defensive Rebound.,away,47,54,-7,3,FALSE,FALSE,0.15307817578303798,0.1740062973532191,4,4,-1.5,141.5,Earl Walton/Kipp Kissinger/Doug Sirmons,"Bloomington, IN",Simon Skjodt Assembly Hall,NA,17222,NA,NA,NA,NA,NA,NA,NA,NA,Indiana,UCLA,FALSE
401721427,2025-02-14,Indiana,UCLA,274,2,9:36,576,576,Dylan Andrews made Three Point Jumper. Assisted by Aday Mara.,away,47,57,-10,14,TRUE,FALSE,0.08271450532921348,0.09500855257097647,4,4,-1.5,141.5,Earl Walton/Kipp Kissinger/Doug Sirmons,"Bloomington, IN",Simon Skjodt Assembly Hall,NA,17222,-22.75,-17,UCLA,made,Dylan Andrews,Aday Mara,TRUE,FALSE,UCLA,Indiana,FALSE
401721427,2025-02-14,Indiana,UCLA,275,2,9:28,568,568,Indiana Timeout,home,47,57,-10,8,FALSE,FALSE,0.08139075399939617,0.09345247003492117,3,4,-1.5,141.5,Earl Walton/Kipp Kissinger/Doug Sirmons,"Bloomington, IN",Simon Skjodt Assembly Hall,NA,17222,NA,NA,NA,NA,NA,NA,NA,NA,Indiana,Indiana,FALSE
401721427,2025-02-14,Indiana,UCLA,276,2,9:28,568,568,Official TV Timeout,NA,47,57,-10,0,FALSE,FALSE,0.08139075399939617,0.09345247003492117,3,4,-1.5,141.5,Earl Walton/Kipp Kissinger/Doug Sirmons,"Bloomington, IN",Simon Skjodt Assembly Hall,NA,17222,NA,NA,NA,NA,NA,NA,NA,NA,Indiana,Indiana,FALSE
401721427,2025-02-14,Indiana,UCLA,277,2,9:28,568,568,Malik Reneau subbing out for Indiana,home,47,57,-10,0,FALSE,FALSE,0.08139075399939617,0.09345247003492117,3,4,-1.5,141.5,Earl Walton/Kipp Kissinger/Doug Sirmons,"Bloomington, IN",Simon Skjodt Assembly Hall,NA,17222,NA,NA,NA,NA,NA,NA,NA,NA,Indiana,Indiana,FALSE
401721427,2025-02-14,Indiana,UCLA,278,2,9:28,568,568,Oumar Ballo subbing in for Indiana,home,47,57,-10,0,FALSE,FALSE,0.08139075399939617,0.09345247003492117,3,4,-1.5,141.5,Earl Walton/Kipp Kissinger/Doug Sirmons,"Bloomington, IN",Simon Skjodt Assembly Hall,NA,17222,NA,NA,NA,NA,NA,NA,NA,NA,Indiana,Indiana,FALSE
401721427,2025-02-14,Indiana,UCLA,279,2,9:28,568,568,Dylan Andrews subbing out for UCLA,away,47,57,-10,0,FALSE,FALSE,0.08139075399939617,0.09345247003492117,3,4,-1.5,141.5,Earl Walton/Kipp Kissinger/Doug Sirmons,"Bloomington, IN",Simon Skjodt Assembly Hall,NA,17222,NA,NA,NA,NA,NA,NA,NA,NA,Indiana,Indiana,FALSE
401721427,2025-02-14,Indiana,UCLA,280,2,9:28,568,568,Lazar Stefanovic subbing out for UCLA,away,47,57,-10,0,FALSE,FALSE,0.08139075399939617,0.09345247003492117,3,4,-1.5,141.5,Earl Walton/Kipp Kissinger/Doug Sirmons,"Bloomington, IN",Simon Skjodt Assembly Hall,NA,17222,NA,NA,NA,NA,NA,NA,NA,NA,Indiana,Indiana,FALSE
401721427,2025-02-14,Indiana,UCLA,281,2,9:28,568,568,Aday Mara subbing out for UCLA,away,47,57,-10,0,FALSE,FALSE,0.08139075399939617,0.09345247003492117,3,4,-1.5,141.5,Earl Walton/Kipp Kissinger/Doug Sirmons,"Bloomington, IN",Simon Skjodt Assembly Hall,NA,17222,NA,NA,NA,NA,NA,NA,NA,NA,Indiana,Indiana,FALSE
401721427,2025-02-14,Indiana,UCLA,282,2,9:28,568,568,Sebastian Mack subbing in for UCLA,away,47,57,-10,0,FALSE,FALSE,0.08139075399939617,0.09345247003492117,3,4,-1.5,141.5,Earl Walton/Kipp Kissinger/Doug Sirmons,"Bloomington, IN",Simon Skjodt Assembly Hall,NA,17222,NA,NA,NA,NA,NA,NA,NA,NA,Indiana,Indiana,FALSE
401721427,2025-02-14,Indiana,UCLA,283,2,9:28,568,568,Tyler Bilodeau subbing in for UCLA,away,47,57,-10,0,FALSE,FALSE,0.08139075399939617,0.09345247003492117,3,4,-1.5,141.5,Earl Walton/Kipp Kissinger/Doug Sirmons,"Bloomington, IN",Simon Skjodt Assembly Hall,NA,17222,NA,NA,NA,NA,NA,NA,NA,NA,Indiana,Indiana,FALSE
401721427,2025-02-14,Indiana,UCLA,284,2,9:28,568,568,Skyy Clark subbing in for UCLA,away,47,57,-10,0,FALSE,FALSE,0.08139075399939617,0.09345247003492117,3,4,-1.5,141.5,Earl Walton/Kipp Kissinger/Doug Sirmons,"Bloomington, IN",Simon Skjodt Assembly Hall,NA,17222,NA,NA,NA,NA,NA,NA,NA,NA,Indiana,Indiana,FALSE
401721427,2025-02-14,Indiana,UCLA,285,2,9:16,556,556,Mackenzie Mgbako made Three Point Jumper. Assisted by Trey Galloway.,home,50,57,-7,12,TRUE,FALSE,0.1465561670828989,0.16638172632711232,3,4,-1.5,141.5,Earl Walton/Kipp Kissinger/Doug Sirmons,"Bloomington, IN",Simon Skjodt Assembly Hall,NA,17222,34.75,-23,Indiana,made,Mackenzie Mgbako,Trey Galloway,TRUE,FALSE,Indiana,UCLA,FALSE
401721427,2025-02-14,Indiana,UCLA,286,2,8:48,528,528,Sebastian Mack missed Three Point Jumper.,away,50,57,-7,28,FALSE,FALSE,0.140804971829636,0.1596688071048909,3,4,-1.5,141.5,Earl Walton/Kipp Kissinger/Doug Sirmons,"Bloomington, IN",Simon Skjodt Assembly Hall,NA,17222,-13.75,2,UCLA,missed,Sebastian Mack,NA,TRUE,FALSE,UCLA,UCLA,FALSE
401721427,2025-02-14,Indiana,UCLA,287,2,8:44,524,524,Tyler Bilodeau Offensive Rebound.,away,50,57,-7,4,FALSE,FALSE,0.14011482362015662,0.15885820300170897,3,4,-1.5,141.5,Earl Walton/Kipp Kissinger/Doug Sirmons,"Bloomington, IN",Simon Skjodt Assembly Hall,NA,17222,NA,NA,NA,NA,NA,NA,NA,NA,UCLA,UCLA,FALSE
401721427,2025-02-14,Indiana,UCLA,288,2,8:44,524,524,Tyler Bilodeau missed Two Point Tip Shot.,away,50,57,-7,0,FALSE,FALSE,0.14011482362015662,0.15885820300170897,3,4,-1.5,141.5,Earl Walton/Kipp Kissinger/Doug Sirmons,"Bloomington, IN",Simon Skjodt Assembly Hall,NA,17222,-40.75,0,UCLA,missed,Tyler Bilodeau,NA,FALSE,FALSE,UCLA,Indiana,FALSE
401721427,2025-02-14,Indiana,UCLA,289,2,8:44,524,524,Indiana Defensive Rebound.,home,50,57,-7,0,FALSE,FALSE,0.14011482362015662,0.15885820300170897,3,4,-1.5,141.5,Earl Walton/Kipp Kissinger/Doug Sirmons,"Bloomington, IN",Simon Skjodt Assembly Hall,NA,17222,NA,NA,NA,NA,NA,NA,NA,NA,UCLA,Indiana,FALSE
401721427,2025-02-14,Indiana,UCLA,290,2,8:27,507,507,Foul on Skyy Clark.,away,50,57,-7,17,FALSE,TRUE,0.13738094025686917,0.15563834461882953,3,4,-1.5,141.5,Earl Walton/Kipp Kissinger/Doug Sirmons,"Bloomington, IN",Simon Skjodt Assembly Hall,NA,17222,NA,NA,NA,NA,NA,NA,NA,NA,Indiana,Indiana,FALSE
401721427,2025-02-14,Indiana,UCLA,291,2,8:27,507,507,Oumar Ballo made Free Throw.,home,51,57,-6,0,TRUE,FALSE,0.16859221195870122,0.1900834690397297,3,4,-1.5,141.5,Earl Walton/Kipp Kissinger/Doug Sirmons,"Bloomington, IN",Simon Skjodt Assembly Hall,NA,17222,NA,NA,Indiana,made,Oumar Ballo,NA,NA,TRUE,Indiana,Indiana,FALSE
401721427,2025-02-14,Indiana,UCLA,292,2,8:27,507,507,Sebastian Mack subbing out for UCLA,away,51,57,-6,0,FALSE,FALSE,0.16859221195870122,0.1900834690397297,3,4,-1.5,141.5,Earl Walton/Kipp Kissinger/Doug Sirmons,"Bloomington, IN",Simon Skjodt Assembly Hall,NA,17222,NA,NA,NA,NA,NA,NA,NA,NA,Indiana,Indiana,FALSE
401721427,2025-02-14,Indiana,UCLA,293,2,8:27,507,507,Eric Dailey Jr. subbing in for UCLA,away,51,57,-6,0,FALSE,FALSE,0.16859221195870122,0.1900834690397297,3,4,-1.5,141.5,Earl Walton/Kipp Kissinger/Doug Sirmons,"Bloomington, IN",Simon Skjodt Assembly Hall,NA,17222,NA,NA,NA,NA,NA,NA,NA,NA,Indiana,Indiana,FALSE
401721427,2025-02-14,Indiana,UCLA,294,2,8:27,507,507,Oumar Ballo made Free Throw.,home,52,57,-5,0,TRUE,FALSE,0.20520747627116515,0.23007461767280063,3,4,-1.5,141.5,Earl Walton/Kipp Kissinger/Doug Sirmons,"Bloomington, IN",Simon Skjodt Assembly Hall,NA,17222,NA,NA,Indiana,made,Oumar Ballo,NA,NA,TRUE,Indiana,UCLA,FALSE
401721427,2025-02-14,Indiana,UCLA,295,2,8:09,489,489,Skyy Clark made Three Point Jumper. Assisted by Kobe Johnson.,away,52,60,-8,18,TRUE,FALSE,0.1084801143664114,0.12328273782870659,3,4,-1.5,141.5,Earl Walton/Kipp Kissinger/Doug Sirmons,"Bloomington, IN",Simon Skjodt Assembly Hall,NA,17222,-17.75,-1,UCLA,made,Skyy Clark,Kobe Johnson,TRUE,FALSE,UCLA,Indiana,FALSE
401721427,2025-02-14,Indiana,UCLA,296,2,7:55,475,475,Foul on Oumar Ballo.,home,52,60,-8,14,FALSE,TRUE,0.10623178036688422,0.12063986585950509,3,4,-1.5,141.5,Earl Walton/Kipp Kissinger/Doug Sirmons,"Bloomington, IN",Simon Skjodt Assembly Hall,NA,17222,NA,NA,NA,NA,NA,NA,NA,NA,Indiana,UCLA,FALSE
401721427,2025-02-14,Indiana,UCLA,297,2,7:55,475,475,Oumar Ballo Turnover.,home,52,60,-8,0,FALSE,FALSE,0.10623178036688422,0.12063986585950509,3,4,-1.5,141.5,Earl Walton/Kipp Kissinger/Doug Sirmons,"Bloomington, IN",Simon Skjodt Assembly Hall,NA,17222,NA,NA,NA,NA,NA,NA,NA,NA,Indiana,UCLA,FALSE
401721427,2025-02-14,Indiana,UCLA,298,2,7:55,475,475,Official TV Timeout,NA,52,60,-8,0,FALSE,FALSE,0.10623178036688422,0.12063986585950509,3,4,-1.5,141.5,Earl Walton/Kipp Kissinger/Doug Sirmons,"Bloomington, IN",Simon Skjodt Assembly Hall,NA,17222,NA,NA,NA,NA,NA,NA,NA,NA,Indiana,UCLA,FALSE
401721427,2025-02-14,Indiana,UCLA,299,2,7:43,463,463,Tyler Bilodeau made Jumper. Assisted by Skyy Clark.,away,52,62,-10,12,TRUE,FALSE,0.06565970661958516,0.07495106278622557,3,4,-1.5,141.5,Earl Walton/Kipp Kissinger/Doug Sirmons,"Bloomington, IN",Simon Skjodt Assembly Hall,NA,17222,-28.75,-7,UCLA,made,Tyler Bilodeau,Skyy Clark,FALSE,FALSE,UCLA,Indiana,FALSE
401721427,2025-02-14,Indiana,UCLA,300,2,7:30,450,450,Foul on Tyler Bilodeau.,away,52,62,-10,13,FALSE,TRUE,0.06344583235130608,0.07236374540859918,3,4,-1.5,141.5,Earl Walton/Kipp Kissinger/Doug Sirmons,"Bloomington, IN",Simon Skjodt Assembly Hall,NA,17222,NA,NA,NA,NA,NA,NA,NA,NA,Indiana,Indiana,FALSE
401721427,2025-02-14,Indiana,UCLA,301,2,7:30,450,450,Trent Perry subbing out for UCLA,away,52,62,-10,0,FALSE,FALSE,0.06344583235130608,0.07236374540859918,3,4,-1.5,141.5,Earl Walton/Kipp Kissinger/Doug Sirmons,"Bloomington, IN",Simon Skjodt Assembly Hall,NA,17222,NA,NA,NA,NA,NA,NA,NA,NA,Indiana,Indiana,FALSE
401721427,2025-02-14,Indiana,UCLA,302,2,7:30,450,450,Dylan Andrews subbing in for UCLA,away,52,62,-10,0,FALSE,FALSE,0.06344583235130608,0.07236374540859918,3,4,-1.5,141.5,Earl Walton/Kipp Kissinger/Doug Sirmons,"Bloomington, IN",Simon Skjodt Assembly Hall,NA,17222,NA,NA,NA,NA,NA,NA,NA,NA,Indiana,Indiana,FALSE
401721427,2025-02-14,Indiana,UCLA,303,2,7:20,440,440,Foul on Skyy Clark.,away,52,62,-10,10,FALSE,TRUE,0.061512631591922176,0.07011195872631754,3,4,-1.5,141.5,Earl Walton/Kipp Kissinger/Doug Sirmons,"Bloomington, IN",Simon Skjodt Assembly Hall,NA,17222,NA,NA,NA,NA,NA,NA,NA,NA,Indiana,Indiana,FALSE
401721427,2025-02-14,Indiana,UCLA,304,2,7:20,440,440,Oumar Ballo subbing out for Indiana,home,52,62,-10,0,FALSE,FALSE,0.061512631591922176,0.07011195872631754,3,4,-1.5,141.5,Earl Walton/Kipp Kissinger/Doug Sirmons,"Bloomington, IN",Simon Skjodt Assembly Hall,NA,17222,NA,NA,NA,NA,NA,NA,NA,NA,Indiana,Indiana,FALSE
401721427,2025-02-14,Indiana,UCLA,305,2,7:20,440,440,Malik Reneau subbing in for Indiana,home,52,62,-10,0,FALSE,FALSE,0.061512631591922176,0.07011195872631754,3,4,-1.5,141.5,Earl Walton/Kipp Kissinger/Doug Sirmons,"Bloomington, IN",Simon Skjodt Assembly Hall,NA,17222,NA,NA,NA,NA,NA,NA,NA,NA,Indiana,Indiana,FALSE
401721427,2025-02-14,Indiana,UCLA,306,2,7:12,432,432,Mackenzie Mgbako Turnover.,home,52,62,-10,8,FALSE,FALSE,0.059804129385090936,0.06812664992386244,3,4,-1.5,141.5,Earl Walton/Kipp Kissinger/Doug Sirmons,"Bloomington, IN",Simon Skjodt Assembly Hall,NA,17222,NA,NA,NA,NA,NA,NA,NA,NA,Indiana,UCLA,FALSE
401721427,2025-02-14,Indiana,UCLA,307,2,7:12,432,432,Eric Dailey Jr. Steal.,away,52,62,-10,0,FALSE,FALSE,0.059804129385090936,0.06812664992386244,3,4,-1.5,141.5,Earl Walton/Kipp Kissinger/Doug Sirmons,"Bloomington, IN",Simon Skjodt Assembly Hall,NA,17222,NA,NA,NA,NA,NA,NA,NA,NA,Indiana,UCLA,FALSE
401721427,2025-02-14,Indiana,UCLA,308,2,7:05,425,425,Dylan Andrews missed Three Point Jumper.,away,52,62,-10,7,FALSE,FALSE,0.05824667519132435,0.06631846709236837,3,4,-1.5,141.5,Earl Walton/Kipp Kissinger/Doug Sirmons,"Bloomington, IN",Simon Skjodt Assembly Hall,NA,17222,-16.75,-5,UCLA,missed,Dylan Andrews,NA,TRUE,FALSE,UCLA,Indiana,FALSE
401721427,2025-02-14,Indiana,UCLA,309,2,7:03,423,423,Malik Reneau Defensive Rebound.,home,52,62,-10,2,FALSE,FALSE,0.05782089855425425,0.06582359089476081,3,4,-1.5,141.5,Earl Walton/Kipp Kissinger/Doug Sirmons,"Bloomington, IN",Simon Skjodt Assembly Hall,NA,17222,NA,NA,NA,NA,NA,NA,NA,NA,UCLA,Indiana,FALSE
401721427,2025-02-14,Indiana,UCLA,310,2,7:03,423,423,Foul on Tyler Bilodeau.,away,52,62,-10,0,FALSE,TRUE,0.05782089855425425,0.06582359089476081,3,4,-1.5,141.5,Earl Walton/Kipp Kissinger/Doug Sirmons,"Bloomington, IN",Simon Skjodt Assembly Hall,NA,17222,NA,NA,NA,NA,NA,NA,NA,NA,Indiana,Indiana,FALSE
401721427,2025-02-14,Indiana,UCLA,311,2,6:37,397,397,Myles Rice made Three Point Jumper.,home,55,62,-7,26,TRUE,FALSE,0.11303093197549988,0.1272889458346483,3,4,-1.5,141.5,Earl Walton/Kipp Kissinger/Doug Sirmons,"Bloomington, IN",Simon Skjodt Assembly Hall,NA,17222,16.75,-1,Indiana,made,Myles Rice,NA,TRUE,FALSE,Indiana,UCLA,FALSE
401721427,2025-02-14,Indiana,UCLA,312,2,6:17,377,377,Tyler Bilodeau made Layup.,away,55,64,-9,20,TRUE,FALSE,0.06451882561682772,0.07298531703508983,3,4,-1.5,141.5,Earl Walton/Kipp Kissinger/Doug Sirmons,"Bloomington, IN",Simon Skjodt Assembly Hall,NA,17222,-36.75,-1,UCLA,made,Tyler Bilodeau,NA,FALSE,FALSE,UCLA,Indiana,FALSE
401721427,2025-02-14,Indiana,UCLA,313,2,6:17,377,377,Foul on Malik Reneau.,home,55,64,-9,0,FALSE,TRUE,0.06451882561682772,0.07298531703508983,3,4,-1.5,141.5,Earl Walton/Kipp Kissinger/Doug Sirmons,"Bloomington, IN",Simon Skjodt Assembly Hall,NA,17222,NA,NA,NA,NA,NA,NA,NA,NA,UCLA,UCLA,FALSE
401721427,2025-02-14,Indiana,UCLA,314,2,6:17,377,377,Tyler Bilodeau made Free Throw.,away,55,65,-10,0,TRUE,FALSE,0.0494294342822498,0.056034424860349145,3,4,-1.5,141.5,Earl Walton/Kipp Kissinger/Doug Sirmons,"Bloomington, IN",Simon Skjodt Assembly Hall,NA,17222,NA,NA,UCLA,made,Tyler Bilodeau,NA,NA,TRUE,UCLA,Indiana,FALSE
401721427,2025-02-14,Indiana,UCLA,315,2,6:06,366,366,Myles Rice made Layup.,home,57,65,-8,11,TRUE,FALSE,0.08128621166586714,0.09161207225935096,3,4,-1.5,141.5,Earl Walton/Kipp Kissinger/Doug Sirmons,"Bloomington, IN",Simon Skjodt Assembly Hall,NA,17222,40.75,-2,Indiana,made,Myles Rice,NA,FALSE,FALSE,Indiana,UCLA,FALSE
401721427,2025-02-14,Indiana,UCLA,316,2,5:36,336,336,Dylan Andrews missed Three Point Jumper.,away,57,65,-8,30,FALSE,FALSE,0.07351365170036764,0.08261205434341785,3,4,-1.5,141.5,Earl Walton/Kipp Kissinger/Doug Sirmons,"Bloomington, IN",Simon Skjodt Assembly Hall,NA,17222,-18.75,-13,UCLA,missed,Dylan Andrews,NA,TRUE,FALSE,UCLA,Indiana,FALSE
401721427,2025-02-14,Indiana,UCLA,317,2,5:32,332,332,Luke Goode Defensive Rebound.,home,57,65,-8,4,FALSE,FALSE,0.07234083036934895,0.08126171212328677,3,4,-1.5,141.5,Earl Walton/Kipp Kissinger/Doug Sirmons,"Bloomington, IN",Simon Skjodt Assembly Hall,NA,17222,NA,NA,NA,NA,NA,NA,NA,NA,UCLA,Indiana,FALSE
401721427,2025-02-14,Indiana,UCLA,318,2,5:32,332,332,Foul on Kobe Johnson.,away,57,65,-8,0,FALSE,TRUE,0.07234083036934895,0.08126171212328677,3,4,-1.5,141.5,Earl Walton/Kipp Kissinger/Doug Sirmons,"Bloomington, IN",Simon Skjodt Assembly Hall,NA,17222,NA,NA,NA,NA,NA,NA,NA,NA,UCLA,Indiana,FALSE
401721427,2025-02-14,Indiana,UCLA,319,2,5:32,332,332,Eric Dailey Jr. subbing out for UCLA,away,57,65,-8,0,FALSE,FALSE,0.07234083036934895,0.08126171212328677,3,4,-1.5,141.5,Earl Walton/Kipp Kissinger/Doug Sirmons,"Bloomington, IN",Simon Skjodt Assembly Hall,NA,17222,NA,NA,NA,NA,NA,NA,NA,NA,UCLA,Indiana,FALSE
401721427,2025-02-14,Indiana,UCLA,320,2,5:32,332,332,Lazar Stefanovic subbing in for UCLA,away,57,65,-8,0,FALSE,FALSE,0.07234083036934895,0.08126171212328677,3,4,-1.5,141.5,Earl Walton/Kipp Kissinger/Doug Sirmons,"Bloomington, IN",Simon Skjodt Assembly Hall,NA,17222,NA,NA,NA,NA,NA,NA,NA,NA,UCLA,Indiana,FALSE
401721427,2025-02-14,Indiana,UCLA,321,2,5:18,318,318,Malik Reneau made Layup.,home,59,65,-6,14,TRUE,FALSE,0.11971996395313757,0.133391787835768,3,4,-1.5,141.5,Earl Walton/Kipp Kissinger/Doug Sirmons,"Bloomington, IN",Simon Skjodt Assembly Hall,NA,17222,39.75,2,Indiana,made,Malik Reneau,NA,FALSE,FALSE,Indiana,UCLA,FALSE
401721427,2025-02-14,Indiana,UCLA,322,2,4:48,288,288,Lazar Stefanovic missed Jumper.,away,59,65,-6,30,FALSE,FALSE,0.11222570178746079,0.12464552475057349,3,4,-1.5,141.5,Earl Walton/Kipp Kissinger/Doug Sirmons,"Bloomington, IN",Simon Skjodt Assembly Hall,NA,17222,-41.75,-18,UCLA,missed,Lazar Stefanovic,NA,FALSE,FALSE,UCLA,Indiana,FALSE
401721427,2025-02-14,Indiana,UCLA,323,2,4:44,284,284,Luke Goode Defensive Rebound.,home,59,65,-6,4,FALSE,FALSE,0.11240133084854016,0.12476945839888391,3,4,-1.5,141.5,Earl Walton/Kipp Kissinger/Doug Sirmons,"Bloomington, IN",Simon Skjodt Assembly Hall,NA,17222,NA,NA,NA,NA,NA,NA,NA,NA,UCLA,Indiana,FALSE
401721427,2025-02-14,Indiana,UCLA,324,2,4:20,260,260,Myles Rice missed Three Point Jumper.,home,59,65,-6,24,FALSE,FALSE,0.11631655444232103,0.12862703528959998,3,4,-1.5,141.5,Earl Walton/Kipp Kissinger/Doug Sirmons,"Bloomington, IN",Simon Skjodt Assembly Hall,NA,17222,15.75,1,Indiana,missed,Myles Rice,NA,TRUE,FALSE,Indiana,UCLA,FALSE
401721427,2025-02-14,Indiana,UCLA,325,2,4:15,255,255,Skyy Clark Defensive Rebound.,away,59,65,-6,5,FALSE,FALSE,0.11732060140702578,0.1296305688355807,3,4,-1.5,141.5,Earl Walton/Kipp Kissinger/Doug Sirmons,"Bloomington, IN",Simon Skjodt Assembly Hall,NA,17222,NA,NA,NA,NA,NA,NA,NA,NA,Indiana,UCLA,FALSE
401721427,2025-02-14,Indiana,UCLA,326,2,3:59,239,239,Foul on Skyy Clark.,away,59,65,-6,16,FALSE,TRUE,0.11953148298599217,0.1317346187679022,3,4,-1.5,141.5,Earl Walton/Kipp Kissinger/Doug Sirmons,"Bloomington, IN",Simon Skjodt Assembly Hall,NA,17222,NA,NA,NA,NA,NA,NA,NA,NA,Indiana,Indiana,FALSE
401721427,2025-02-14,Indiana,UCLA,327,2,3:59,239,239,Skyy Clark Turnover.,away,59,65,-6,0,FALSE,FALSE,0.11953148298599217,0.1317346187679022,3,4,-1.5,141.5,Earl Walton/Kipp Kissinger/Doug Sirmons,"Bloomington, IN",Simon Skjodt Assembly Hall,NA,17222,NA,NA,NA,NA,NA,NA,NA,NA,Indiana,Indiana,FALSE
401721427,2025-02-14,Indiana,UCLA,328,2,3:59,239,239,Official TV Timeout,NA,59,65,-6,0,FALSE,FALSE,0.11953148298599217,0.1317346187679022,3,4,-1.5,141.5,Earl Walton/Kipp Kissinger/Doug Sirmons,"Bloomington, IN",Simon Skjodt Assembly Hall,NA,17222,NA,NA,NA,NA,NA,NA,NA,NA,Indiana,Indiana,FALSE
401721427,2025-02-14,Indiana,UCLA,329,2,3:59,239,239,Lazar Stefanovic subbing out for UCLA,away,59,65,-6,0,FALSE,FALSE,0.11953148298599217,0.1317346187679022,3,4,-1.5,141.5,Earl Walton/Kipp Kissinger/Doug Sirmons,"Bloomington, IN",Simon Skjodt Assembly Hall,NA,17222,NA,NA,NA,NA,NA,NA,NA,NA,Indiana,Indiana,FALSE
401721427,2025-02-14,Indiana,UCLA,330,2,3:59,239,239,Skyy Clark subbing out for UCLA,away,59,65,-6,0,FALSE,FALSE,0.11953148298599217,0.1317346187679022,3,4,-1.5,141.5,Earl Walton/Kipp Kissinger/Doug Sirmons,"Bloomington, IN",Simon Skjodt Assembly Hall,NA,17222,NA,NA,NA,NA,NA,NA,NA,NA,Indiana,Indiana,FALSE
401721427,2025-02-14,Indiana,UCLA,331,2,3:59,239,239,Trent Perry subbing in for UCLA,away,59,65,-6,0,FALSE,FALSE,0.11953148298599217,0.1317346187679022,3,4,-1.5,141.5,Earl Walton/Kipp Kissinger/Doug Sirmons,"Bloomington, IN",Simon Skjodt Assembly Hall,NA,17222,NA,NA,NA,NA,NA,NA,NA,NA,Indiana,Indiana,FALSE
401721427,2025-02-14,Indiana,UCLA,332,2,3:59,239,239,Sebastian Mack subbing in for UCLA,away,59,65,-6,0,FALSE,FALSE,0.11953148298599217,0.1317346187679022,3,4,-1.5,141.5,Earl Walton/Kipp Kissinger/Doug Sirmons,"Bloomington, IN",Simon Skjodt Assembly Hall,NA,17222,NA,NA,NA,NA,NA,NA,NA,NA,Indiana,Indiana,FALSE
401721427,2025-02-14,Indiana,UCLA,333,2,3:46,226,226,Malik Reneau made Layup. Assisted by Trey Galloway.,home,61,65,-4,13,TRUE,FALSE,0.20239990846239075,0.22055090732331803,3,4,-1.5,141.5,Earl Walton/Kipp Kissinger/Doug Sirmons,"Bloomington, IN",Simon Skjodt Assembly Hall,NA,17222,41.75,2,Indiana,made,Malik Reneau,Trey Galloway,FALSE,FALSE,Indiana,UCLA,FALSE
401721427,2025-02-14,Indiana,UCLA,334,2,3:29,209,209,Foul on Myles Rice.,home,61,65,-4,17,FALSE,TRUE,0.19618705857946128,0.21340121024322106,3,4,-1.5,141.5,Earl Walton/Kipp Kissinger/Doug Sirmons,"Bloomington, IN",Simon Skjodt Assembly Hall,NA,17222,NA,NA,NA,NA,NA,NA,NA,NA,UCLA,UCLA,FALSE
401721427,2025-02-14,Indiana,UCLA,335,2,3:29,209,209,Myles Rice subbing out for Indiana,home,61,65,-4,0,FALSE,FALSE,0.19618705857946128,0.21340121024322106,3,4,-1.5,141.5,Earl Walton/Kipp Kissinger/Doug Sirmons,"Bloomington, IN",Simon Skjodt Assembly Hall,NA,17222,NA,NA,NA,NA,NA,NA,NA,NA,UCLA,UCLA,FALSE
401721427,2025-02-14,Indiana,UCLA,336,2,3:29,209,209,Anthony Leal subbing in for Indiana,home,61,65,-4,0,FALSE,FALSE,0.19618705857946128,0.21340121024322106,3,4,-1.5,141.5,Earl Walton/Kipp Kissinger/Doug Sirmons,"Bloomington, IN",Simon Skjodt Assembly Hall,NA,17222,NA,NA,NA,NA,NA,NA,NA,NA,UCLA,UCLA,FALSE
401721427,2025-02-14,Indiana,UCLA,337,2,3:26,206,206,Kobe Johnson made Jumper. Assisted by Dylan Andrews.,away,61,67,-6,3,TRUE,FALSE,0.1109429381151339,0.12174869158104407,3,4,-1.5,141.5,Earl Walton/Kipp Kissinger/Doug Sirmons,"Bloomington, IN",Simon Skjodt Assembly Hall,NA,17222,-33.75,0,UCLA,made,Kobe Johnson,Dylan Andrews,FALSE,FALSE,UCLA,Indiana,FALSE
401721427,2025-02-14,Indiana,UCLA,338,2,3:07,187,187,Malik Reneau Turnover.,home,61,67,-6,19,FALSE,FALSE,0.09384069126093914,0.10281386547231951,3,4,-1.5,141.5,Earl Walton/Kipp Kissinger/Doug Sirmons,"Bloomington, IN",Simon Skjodt Assembly Hall,NA,17222,NA,NA,NA,NA,NA,NA,NA,NA,Indiana,UCLA,FALSE
401721427,2025-02-14,Indiana,UCLA,339,2,2:51,171,171,Kobe Johnson Turnover.,away,61,67,-6,16,FALSE,FALSE,0.07810611595367505,0.08544575499694795,3,4,-1.5,141.5,Earl Walton/Kipp Kissinger/Doug Sirmons,"Bloomington, IN",Simon Skjodt Assembly Hall,NA,17222,NA,NA,NA,NA,NA,NA,NA,NA,UCLA,Indiana,FALSE
401721427,2025-02-14,Indiana,UCLA,340,2,2:51,171,171,Trey Galloway Steal.,home,61,67,-6,0,FALSE,FALSE,0.07810611595367505,0.08544575499694795,3,4,-1.5,141.5,Earl Walton/Kipp Kissinger/Doug Sirmons,"Bloomington, IN",Simon Skjodt Assembly Hall,NA,17222,NA,NA,NA,NA,NA,NA,NA,NA,UCLA,Indiana,FALSE
401721427,2025-02-14,Indiana,UCLA,341,2,2:45,165,165,Mackenzie Mgbako missed Three Point Jumper.,home,61,67,-6,6,FALSE,FALSE,0.07262645341569782,0.07939844315167503,3,4,-1.5,141.5,Earl Walton/Kipp Kissinger/Doug Sirmons,"Bloomington, IN",Simon Skjodt Assembly Hall,NA,17222,22.75,14,Indiana,missed,Mackenzie Mgbako,NA,TRUE,FALSE,Indiana,Indiana,FALSE
401721427,2025-02-14,Indiana,UCLA,342,2,2:42,162,162,Malik Reneau Offensive Rebound.,home,61,67,-6,3,FALSE,FALSE,0.0699543894747501,0.07645043800192039,3,4,-1.5,141.5,Earl Walton/Kipp Kissinger/Doug Sirmons,"Bloomington, IN",Simon Skjodt Assembly Hall,NA,17222,NA,NA,NA,NA,NA,NA,NA,NA,Indiana,Indiana,FALSE
401721427,2025-02-14,Indiana,UCLA,343,2,2:42,162,162,Malik Reneau made Two Point Tip Shot.,home,63,67,-4,0,TRUE,FALSE,0.14718367370920313,0.15962048880537008,3,4,-1.5,141.5,Earl Walton/Kipp Kissinger/Doug Sirmons,"Bloomington, IN",Simon Skjodt Assembly Hall,NA,17222,40.75,-0,Indiana,made,Malik Reneau,NA,FALSE,FALSE,Indiana,UCLA,FALSE
401721427,2025-02-14,Indiana,UCLA,344,2,2:33,153,153,UCLA Timeout,away,63,67,-4,9,FALSE,FALSE,0.13701519755362201,0.14848486303218564,3,3,-1.5,141.5,Earl Walton/Kipp Kissinger/Doug Sirmons,"Bloomington, IN",Simon Skjodt Assembly Hall,NA,17222,NA,NA,NA,NA,NA,NA,NA,NA,UCLA,UCLA,FALSE
401721427,2025-02-14,Indiana,UCLA,345,2,2:26,146,146,Sebastian Mack made Layup.,away,63,69,-6,7,TRUE,FALSE,0.05635599117971262,0.06146205536989709,3,3,-1.5,141.5,Earl Walton/Kipp Kissinger/Doug Sirmons,"Bloomington, IN",Simon Skjodt Assembly Hall,NA,17222,-34.75,2,UCLA,made,Sebastian Mack,NA,FALSE,FALSE,UCLA,UCLA,FALSE
401721427,2025-02-14,Indiana,UCLA,346,2,2:26,146,146,Foul on Mackenzie Mgbako.,home,63,69,-6,0,FALSE,TRUE,0.05635599117971262,0.06146205536989709,3,3,-1.5,141.5,Earl Walton/Kipp Kissinger/Doug Sirmons,"Bloomington, IN",Simon Skjodt Assembly Hall,NA,17222,NA,NA,NA,NA,NA,NA,NA,NA,UCLA,UCLA,FALSE
401721427,2025-02-14,Indiana,UCLA,347,2,2:26,146,146,Tyler Bilodeau subbing out for UCLA,away,63,69,-6,0,FALSE,FALSE,0.05635599117971262,0.06146205536989709,3,3,-1.5,141.5,Earl Walton/Kipp Kissinger/Doug Sirmons,"Bloomington, IN",Simon Skjodt Assembly Hall,NA,17222,NA,NA,NA,NA,NA,NA,NA,NA,UCLA,UCLA,FALSE
401721427,2025-02-14,Indiana,UCLA,348,2,2:26,146,146,Aday Mara subbing in for UCLA,away,63,69,-6,0,FALSE,FALSE,0.05635599117971262,0.06146205536989709,3,3,-1.5,141.5,Earl Walton/Kipp Kissinger/Doug Sirmons,"Bloomington, IN",Simon Skjodt Assembly Hall,NA,17222,NA,NA,NA,NA,NA,NA,NA,NA,UCLA,UCLA,FALSE
401721427,2025-02-14,Indiana,UCLA,349,2,2:26,146,146,Anthony Leal subbing out for Indiana,home,63,69,-6,0,FALSE,FALSE,0.05635599117971262,0.06146205536989709,3,3,-1.5,141.5,Earl Walton/Kipp Kissinger/Doug Sirmons,"Bloomington, IN",Simon Skjodt Assembly Hall,NA,17222,NA,NA,NA,NA,NA,NA,NA,NA,UCLA,UCLA,FALSE
401721427,2025-02-14,Indiana,UCLA,350,2,2:26,146,146,Malik Reneau subbing out for Indiana,home,63,69,-6,0,FALSE,FALSE,0.05635599117971262,0.06146205536989709,3,3,-1.5,141.5,Earl Walton/Kipp Kissinger/Doug Sirmons,"Bloomington, IN",Simon Skjodt Assembly Hall,NA,17222,NA,NA,NA,NA,NA,NA,NA,NA,UCLA,UCLA,FALSE
401721427,2025-02-14,Indiana,UCLA,351,2,2:26,146,146,Myles Rice subbing in for Indiana,home,63,69,-6,0,FALSE,FALSE,0.05635599117971262,0.06146205536989709,3,3,-1.5,141.5,Earl Walton/Kipp Kissinger/Doug Sirmons,"Bloomington, IN",Simon Skjodt Assembly Hall,NA,17222,NA,NA,NA,NA,NA,NA,NA,NA,UCLA,UCLA,FALSE
401721427,2025-02-14,Indiana,UCLA,352,2,2:26,146,146,Oumar Ballo subbing in for Indiana,home,63,69,-6,0,FALSE,FALSE,0.05635599117971262,0.06146205536989709,3,3,-1.5,141.5,Earl Walton/Kipp Kissinger/Doug Sirmons,"Bloomington, IN",Simon Skjodt Assembly Hall,NA,17222,NA,NA,NA,NA,NA,NA,NA,NA,UCLA,UCLA,FALSE
401721427,2025-02-14,Indiana,UCLA,353,2,2:26,146,146,Sebastian Mack made Free Throw.,away,63,70,-7,0,TRUE,FALSE,0.03653105114417941,0.03991688266439577,3,3,-1.5,141.5,Earl Walton/Kipp Kissinger/Doug Sirmons,"Bloomington, IN",Simon Skjodt Assembly Hall,NA,17222,NA,NA,UCLA,made,Sebastian Mack,NA,NA,TRUE,UCLA,UCLA,FALSE
401721427,2025-02-14,Indiana,UCLA,354,2,2:26,146,146,Sebastian Mack subbing out for UCLA,away,63,70,-7,0,FALSE,FALSE,0.03653105114417941,0.03991688266439577,3,3,-1.5,141.5,Earl Walton/Kipp Kissinger/Doug Sirmons,"Bloomington, IN",Simon Skjodt Assembly Hall,NA,17222,NA,NA,NA,NA,NA,NA,NA,NA,UCLA,UCLA,FALSE
401721427,2025-02-14,Indiana,UCLA,355,2,2:26,146,146,Skyy Clark subbing in for UCLA,away,63,70,-7,0,FALSE,FALSE,0.03653105114417941,0.03991688266439577,3,3,-1.5,141.5,Earl Walton/Kipp Kissinger/Doug Sirmons,"Bloomington, IN",Simon Skjodt Assembly Hall,NA,17222,NA,NA,NA,NA,NA,NA,NA,NA,UCLA,UCLA,FALSE
401721427,2025-02-14,Indiana,UCLA,356,2,2:18,138,138,Oumar Ballo subbing out for Indiana,home,63,70,-7,8,FALSE,FALSE,0.031626523883111095,0.03451147117608358,3,3,-1.5,141.5,Earl Walton/Kipp Kissinger/Doug Sirmons,"Bloomington, IN",Simon Skjodt Assembly Hall,NA,17222,NA,NA,NA,NA,NA,NA,NA,NA,Indiana,UCLA,FALSE
401721427,2025-02-14,Indiana,UCLA,357,2,2:18,138,138,Mackenzie Mgbako subbing out for Indiana,home,63,70,-7,0,FALSE,FALSE,0.031626523883111095,0.03451147117608358,3,3,-1.5,141.5,Earl Walton/Kipp Kissinger/Doug Sirmons,"Bloomington, IN",Simon Skjodt Assembly Hall,NA,17222,NA,NA,NA,NA,NA,NA,NA,NA,Indiana,UCLA,FALSE
401721427,2025-02-14,Indiana,UCLA,358,2,2:18,138,138,Anthony Leal subbing in for Indiana,home,63,70,-7,0,FALSE,FALSE,0.031626523883111095,0.03451147117608358,3,3,-1.5,141.5,Earl Walton/Kipp Kissinger/Doug Sirmons,"Bloomington, IN",Simon Skjodt Assembly Hall,NA,17222,NA,NA,NA,NA,NA,NA,NA,NA,Indiana,UCLA,FALSE
401721427,2025-02-14,Indiana,UCLA,359,2,2:18,138,138,Malik Reneau subbing in for Indiana,home,63,70,-7,0,FALSE,FALSE,0.031626523883111095,0.03451147117608358,3,3,-1.5,141.5,Earl Walton/Kipp Kissinger/Doug Sirmons,"Bloomington, IN",Simon Skjodt Assembly Hall,NA,17222,NA,NA,NA,NA,NA,NA,NA,NA,Indiana,UCLA,FALSE
401721427,2025-02-14,Indiana,UCLA,360,2,2:18,138,138,Aday Mara subbing out for UCLA,away,63,70,-7,0,FALSE,FALSE,0.031626523883111095,0.03451147117608358,3,3,-1.5,141.5,Earl Walton/Kipp Kissinger/Doug Sirmons,"Bloomington, IN",Simon Skjodt Assembly Hall,NA,17222,NA,NA,NA,NA,NA,NA,NA,NA,Indiana,UCLA,FALSE
401721427,2025-02-14,Indiana,UCLA,361,2,2:18,138,138,Skyy Clark subbing out for UCLA,away,63,70,-7,0,FALSE,FALSE,0.031626523883111095,0.03451147117608358,3,3,-1.5,141.5,Earl Walton/Kipp Kissinger/Doug Sirmons,"Bloomington, IN",Simon Skjodt Assembly Hall,NA,17222,NA,NA,NA,NA,NA,NA,NA,NA,Indiana,UCLA,FALSE
401721427,2025-02-14,Indiana,UCLA,362,2,2:18,138,138,Sebastian Mack subbing in for UCLA,away,63,70,-7,0,FALSE,FALSE,0.031626523883111095,0.03451147117608358,3,3,-1.5,141.5,Earl Walton/Kipp Kissinger/Doug Sirmons,"Bloomington, IN",Simon Skjodt Assembly Hall,NA,17222,NA,NA,NA,NA,NA,NA,NA,NA,Indiana,UCLA,FALSE
401721427,2025-02-14,Indiana,UCLA,363,2,2:18,138,138,Tyler Bilodeau subbing in for UCLA,away,63,70,-7,0,FALSE,FALSE,0.031626523883111095,0.03451147117608358,3,3,-1.5,141.5,Earl Walton/Kipp Kissinger/Doug Sirmons,"Bloomington, IN",Simon Skjodt Assembly Hall,NA,17222,NA,NA,NA,NA,NA,NA,NA,NA,Indiana,UCLA,FALSE
401721427,2025-02-14,Indiana,UCLA,364,2,2:18,138,138,Trey Galloway Turnover.,home,63,70,-7,0,FALSE,FALSE,0.031626523883111095,0.03451147117608358,3,3,-1.5,141.5,Earl Walton/Kipp Kissinger/Doug Sirmons,"Bloomington, IN",Simon Skjodt Assembly Hall,NA,17222,NA,NA,NA,NA,NA,NA,NA,NA,Indiana,UCLA,FALSE
401721427,2025-02-14,Indiana,UCLA,365,2,2:07,127,127,Sebastian Mack Turnover.,away,63,70,-7,11,FALSE,FALSE,0.02541288457544574,0.027676011295514183,3,3,-1.5,141.5,Earl Walton/Kipp Kissinger/Doug Sirmons,"Bloomington, IN",Simon Skjodt Assembly Hall,NA,17222,NA,NA,NA,NA,NA,NA,NA,NA,UCLA,Indiana,FALSE
401721427,2025-02-14,Indiana,UCLA,366,2,2:07,127,127,Luke Goode Steal.,home,63,70,-7,0,FALSE,FALSE,0.02541288457544574,0.027676011295514183,3,3,-1.5,141.5,Earl Walton/Kipp Kissinger/Doug Sirmons,"Bloomington, IN",Simon Skjodt Assembly Hall,NA,17222,NA,NA,NA,NA,NA,NA,NA,NA,UCLA,Indiana,FALSE
401721427,2025-02-14,Indiana,UCLA,367,2,1:57,117,117,Myles Rice missed Jumper.,home,63,70,-7,10,FALSE,FALSE,0.020332314201294468,0.02209979414129658,3,3,-1.5,141.5,Earl Walton/Kipp Kissinger/Doug Sirmons,"Bloomington, IN",Simon Skjodt Assembly Hall,NA,17222,34.75,1,Indiana,missed,Myles Rice,NA,FALSE,FALSE,Indiana,UCLA,FALSE
401721427,2025-02-14,Indiana,UCLA,368,2,1:57,117,117,Trent Perry Block.,away,63,70,-7,0,FALSE,FALSE,0.020332314201294468,0.02209979414129658,3,3,-1.5,141.5,Earl Walton/Kipp Kissinger/Doug Sirmons,"Bloomington, IN",Simon Skjodt Assembly Hall,NA,17222,NA,NA,NA,NA,NA,NA,NA,NA,Indiana,UCLA,FALSE
401721427,2025-02-14,Indiana,UCLA,369,2,1:53,113,113,Trent Perry Defensive Rebound.,away,63,70,-7,4,FALSE,FALSE,0.01846204545229277,0.020050461362567575,3,3,-1.5,141.5,Earl Walton/Kipp Kissinger/Doug Sirmons,"Bloomington, IN",Simon Skjodt Assembly Hall,NA,17222,NA,NA,NA,NA,NA,NA,NA,NA,Indiana,UCLA,FALSE
401721427,2025-02-14,Indiana,UCLA,370,2,1:32,92,92,Tyler Bilodeau missed Jumper.,away,63,70,-7,21,FALSE,FALSE,0.010292053405205621,0.011125078027684978,3,3,-1.5,141.5,Earl Walton/Kipp Kissinger/Doug Sirmons,"Bloomington, IN",Simon Skjodt Assembly Hall,NA,17222,-40.75,9,UCLA,missed,Tyler Bilodeau,NA,FALSE,FALSE,UCLA,Indiana,FALSE
401721427,2025-02-14,Indiana,UCLA,371,2,1:29,89,89,Trey Galloway Defensive Rebound.,home,63,70,-7,3,FALSE,FALSE,0.00938763537462115,0.01014011764519036,3,3,-1.5,141.5,Earl Walton/Kipp Kissinger/Doug Sirmons,"Bloomington, IN",Simon Skjodt Assembly Hall,NA,17222,NA,NA,NA,NA,NA,NA,NA,NA,UCLA,Indiana,FALSE
401721427,2025-02-14,Indiana,UCLA,372,2,1:22,82,82,Luke Goode missed Three Point Jumper.,home,63,70,-7,7,FALSE,FALSE,0.007537600234284403,0.008127699903616928,3,3,-1.5,141.5,Earl Walton/Kipp Kissinger/Doug Sirmons,"Bloomington, IN",Simon Skjodt Assembly Hall,NA,17222,17.75,-8,Indiana,missed,Luke Goode,NA,TRUE,FALSE,Indiana,UCLA,FALSE
401721427,2025-02-14,Indiana,UCLA,373,2,1:18,78,78,Sebastian Mack Defensive Rebound.,away,63,70,-7,4,FALSE,FALSE,0.0066204227980655415,0.007131460508048685,3,3,-1.5,141.5,Earl Walton/Kipp Kissinger/Doug Sirmons,"Bloomington, IN",Simon Skjodt Assembly Hall,NA,17222,NA,NA,NA,NA,NA,NA,NA,NA,Indiana,Indiana,FALSE
401721427,2025-02-14,Indiana,UCLA,374,2,1:18,78,78,Foul on Anthony Leal.,home,63,70,-7,0,FALSE,TRUE,0.0066204227980655415,0.007131460508048685,3,3,-1.5,141.5,Earl Walton/Kipp Kissinger/Doug Sirmons,"Bloomington, IN",Simon Skjodt Assembly Hall,NA,17222,NA,NA,NA,NA,NA,NA,NA,NA,Indiana,Indiana,FALSE
401721427,2025-02-14,Indiana,UCLA,375,2,1:18,78,78,Sebastian Mack missed Free Throw.,away,63,70,-7,0,FALSE,FALSE,0.0066204227980655415,0.007131460508048685,3,3,-1.5,141.5,Earl Walton/Kipp Kissinger/Doug Sirmons,"Bloomington, IN",Simon Skjodt Assembly Hall,NA,17222,NA,NA,UCLA,missed,Sebastian Mack,NA,NA,TRUE,UCLA,UCLA,FALSE
401721427,2025-02-14,Indiana,UCLA,376,2,1:18,78,78,UCLA Deadball Team Rebound.,away,63,70,-7,0,FALSE,FALSE,0.0066204227980655415,0.007131460508048685,3,3,-1.5,141.5,Earl Walton/Kipp Kissinger/Doug Sirmons,"Bloomington, IN",Simon Skjodt Assembly Hall,NA,17222,NA,NA,NA,NA,NA,NA,NA,NA,Indiana,Indiana,FALSE
401721427,2025-02-14,Indiana,UCLA,377,2,1:18,78,78,Technical Foul on Sebastian Mack.,away,63,70,-7,0,FALSE,FALSE,0.0066204227980655415,0.007131460508048685,3,3,-1.5,141.5,Earl Walton/Kipp Kissinger/Doug Sirmons,"Bloomington, IN",Simon Skjodt Assembly Hall,NA,17222,NA,NA,NA,NA,NA,NA,NA,NA,Indiana,Indiana,FALSE
401721427,2025-02-14,Indiana,UCLA,378,2,1:18,78,78,Sebastian Mack Turnover.,away,63,70,-7,0,FALSE,FALSE,0.0066204227980655415,0.007131460508048685,3,3,-1.5,141.5,Earl Walton/Kipp Kissinger/Doug Sirmons,"Bloomington, IN",Simon Skjodt Assembly Hall,NA,17222,NA,NA,NA,NA,NA,NA,NA,NA,Indiana,Indiana,FALSE
401721427,2025-02-14,Indiana,UCLA,379,2,1:18,78,78,Luke Goode made Free Throw.,home,64,70,-6,0,TRUE,FALSE,0.013310541969622523,0.014330547460318184,3,3,-1.5,141.5,Earl Walton/Kipp Kissinger/Doug Sirmons,"Bloomington, IN",Simon Skjodt Assembly Hall,NA,17222,NA,NA,Indiana,made,Luke Goode,NA,NA,TRUE,Indiana,Indiana,FALSE
401721427,2025-02-14,Indiana,UCLA,380,2,1:18,78,78,Luke Goode made Free Throw.,home,65,70,-5,0,TRUE,FALSE,0.026580315280068684,0.028587739601403494,3,3,-1.5,141.5,Earl Walton/Kipp Kissinger/Doug Sirmons,"Bloomington, IN",Simon Skjodt Assembly Hall,NA,17222,NA,NA,Indiana,made,Luke Goode,NA,NA,TRUE,Indiana,Indiana,FALSE
401721427,2025-02-14,Indiana,UCLA,381,2,1:18,78,78,Anthony Leal subbing out for Indiana,home,65,70,-5,0,FALSE,FALSE,0.026580315280068684,0.028587739601403494,3,3,-1.5,141.5,Earl Walton/Kipp Kissinger/Doug Sirmons,"Bloomington, IN",Simon Skjodt Assembly Hall,NA,17222,NA,NA,NA,NA,NA,NA,NA,NA,Indiana,Indiana,FALSE
401721427,2025-02-14,Indiana,UCLA,382,2,1:18,78,78,Mackenzie Mgbako subbing in for Indiana,home,65,70,-5,0,FALSE,FALSE,0.026580315280068684,0.028587739601403494,3,3,-1.5,141.5,Earl Walton/Kipp Kissinger/Doug Sirmons,"Bloomington, IN",Simon Skjodt Assembly Hall,NA,17222,NA,NA,NA,NA,NA,NA,NA,NA,Indiana,Indiana,FALSE
401721427,2025-02-14,Indiana,UCLA,383,2,1:18,78,78,Sebastian Mack subbing out for UCLA,away,65,70,-5,0,FALSE,FALSE,0.026580315280068684,0.028587739601403494,3,3,-1.5,141.5,Earl Walton/Kipp Kissinger/Doug Sirmons,"Bloomington, IN",Simon Skjodt Assembly Hall,NA,17222,NA,NA,NA,NA,NA,NA,NA,NA,Indiana,Indiana,FALSE
401721427,2025-02-14,Indiana,UCLA,384,2,1:18,78,78,Tyler Bilodeau subbing out for UCLA,away,65,70,-5,0,FALSE,FALSE,0.026580315280068684,0.028587739601403494,3,3,-1.5,141.5,Earl Walton/Kipp Kissinger/Doug Sirmons,"Bloomington, IN",Simon Skjodt Assembly Hall,NA,17222,NA,NA,NA,NA,NA,NA,NA,NA,Indiana,Indiana,FALSE
401721427,2025-02-14,Indiana,UCLA,385,2,1:18,78,78,William Kyle III subbing in for UCLA,away,65,70,-5,0,FALSE,FALSE,0.026580315280068684,0.028587739601403494,3,3,-1.5,141.5,Earl Walton/Kipp Kissinger/Doug Sirmons,"Bloomington, IN",Simon Skjodt Assembly Hall,NA,17222,NA,NA,NA,NA,NA,NA,NA,NA,Indiana,Indiana,FALSE
401721427,2025-02-14,Indiana,UCLA,386,2,1:18,78,78,Skyy Clark subbing in for UCLA,away,65,70,-5,0,FALSE,FALSE,0.026580315280068684,0.028587739601403494,3,3,-1.5,141.5,Earl Walton/Kipp Kissinger/Doug Sirmons,"Bloomington, IN",Simon Skjodt Assembly Hall,NA,17222,NA,NA,NA,NA,NA,NA,NA,NA,Indiana,Indiana,FALSE
401721427,2025-02-14,Indiana,UCLA,387,2,1:09,69,69,Myles Rice missed Jumper.,home,65,70,-5,9,FALSE,FALSE,0.02143487588271917,0.023006337416853016,3,3,-1.5,141.5,Earl Walton/Kipp Kissinger/Doug Sirmons,"Bloomington, IN",Simon Skjodt Assembly Hall,NA,17222,25.75,13,Indiana,missed,Myles Rice,NA,FALSE,FALSE,Indiana,UCLA,FALSE
401721427,2025-02-14,Indiana,UCLA,388,2,1:05,65,65,Dylan Andrews Defensive Rebound.,away,65,70,-5,4,FALSE,FALSE,0.019395170011388033,0.020797160345407,3,3,-1.5,141.5,Earl Walton/Kipp Kissinger/Doug Sirmons,"Bloomington, IN",Simon Skjodt Assembly Hall,NA,17222,NA,NA,NA,NA,NA,NA,NA,NA,Indiana,UCLA,FALSE
401721427,2025-02-14,Indiana,UCLA,389,2,1:05,65,65,Foul on Luke Goode.,home,65,70,-5,0,FALSE,TRUE,0.019395170011388033,0.020797160345407,3,3,-1.5,141.5,Earl Walton/Kipp Kissinger/Doug Sirmons,"Bloomington, IN",Simon Skjodt Assembly Hall,NA,17222,NA,NA,NA,NA,NA,NA,NA,NA,Indiana,UCLA,FALSE
401721427,2025-02-14,Indiana,UCLA,390,2,1:05,65,65,Indiana Timeout,home,65,70,-5,0,FALSE,FALSE,0.019395170011388033,0.020797160345407,2,3,-1.5,141.5,Earl Walton/Kipp Kissinger/Doug Sirmons,"Bloomington, IN",Simon Skjodt Assembly Hall,NA,17222,NA,NA,NA,NA,NA,NA,NA,NA,Indiana,UCLA,FALSE
401721427,2025-02-14,Indiana,UCLA,391,2,1:05,65,65,Dylan Andrews missed Free Throw.,away,65,70,-5,0,FALSE,FALSE,0.019395170011388033,0.020797160345407,2,3,-1.5,141.5,Earl Walton/Kipp Kissinger/Doug Sirmons,"Bloomington, IN",Simon Skjodt Assembly Hall,NA,17222,NA,NA,UCLA,missed,Dylan Andrews,NA,NA,TRUE,UCLA,Indiana,FALSE
401721427,2025-02-14,Indiana,UCLA,392,2,1:03,63,63,Malik Reneau Defensive Rebound.,home,65,70,-5,2,FALSE,FALSE,0.018434751686682696,0.01975766397508009,2,3,-1.5,141.5,Earl Walton/Kipp Kissinger/Doug Sirmons,"Bloomington, IN",Simon Skjodt Assembly Hall,NA,17222,NA,NA,NA,NA,NA,NA,NA,NA,UCLA,Indiana,FALSE
401721427,2025-02-14,Indiana,UCLA,393,2,0:53,53,53,Malik Reneau made Layup. Assisted by Mackenzie Mgbako.,home,67,70,-3,10,TRUE,FALSE,0.07094516416407474,0.0755435039972039,2,3,-1.5,141.5,Earl Walton/Kipp Kissinger/Doug Sirmons,"Bloomington, IN",Simon Skjodt Assembly Hall,NA,17222,38.75,2,Indiana,made,Malik Reneau,Mackenzie Mgbako,FALSE,FALSE,Indiana,UCLA,FALSE
401721427,2025-02-14,Indiana,UCLA,394,2,0:53,53,53,Foul on Trent Perry.,away,67,70,-3,0,FALSE,TRUE,0.07094516416407474,0.0755435039972039,2,3,-1.5,141.5,Earl Walton/Kipp Kissinger/Doug Sirmons,"Bloomington, IN",Simon Skjodt Assembly Hall,NA,17222,NA,NA,NA,NA,NA,NA,NA,NA,Indiana,UCLA,FALSE
401721427,2025-02-14,Indiana,UCLA,395,2,0:53,53,53,Mackenzie Mgbako subbing out for Indiana,home,67,70,-3,0,FALSE,FALSE,0.07094516416407474,0.0755435039972039,2,3,-1.5,141.5,Earl Walton/Kipp Kissinger/Doug Sirmons,"Bloomington, IN",Simon Skjodt Assembly Hall,NA,17222,NA,NA,NA,NA,NA,NA,NA,NA,Indiana,UCLA,FALSE
401721427,2025-02-14,Indiana,UCLA,396,2,0:53,53,53,Anthony Leal subbing in for Indiana,home,67,70,-3,0,FALSE,FALSE,0.07094516416407474,0.0755435039972039,2,3,-1.5,141.5,Earl Walton/Kipp Kissinger/Doug Sirmons,"Bloomington, IN",Simon Skjodt Assembly Hall,NA,17222,NA,NA,NA,NA,NA,NA,NA,NA,Indiana,UCLA,FALSE
401721427,2025-02-14,Indiana,UCLA,397,2,0:53,53,53,William Kyle III subbing out for UCLA,away,67,70,-3,0,FALSE,FALSE,0.07094516416407474,0.0755435039972039,2,3,-1.5,141.5,Earl Walton/Kipp Kissinger/Doug Sirmons,"Bloomington, IN",Simon Skjodt Assembly Hall,NA,17222,NA,NA,NA,NA,NA,NA,NA,NA,Indiana,UCLA,FALSE
401721427,2025-02-14,Indiana,UCLA,398,2,0:53,53,53,Skyy Clark subbing out for UCLA,away,67,70,-3,0,FALSE,FALSE,0.07094516416407474,0.0755435039972039,2,3,-1.5,141.5,Earl Walton/Kipp Kissinger/Doug Sirmons,"Bloomington, IN",Simon Skjodt Assembly Hall,NA,17222,NA,NA,NA,NA,NA,NA,NA,NA,Indiana,UCLA,FALSE
401721427,2025-02-14,Indiana,UCLA,399,2,0:53,53,53,Sebastian Mack subbing in for UCLA,away,67,70,-3,0,FALSE,FALSE,0.07094516416407474,0.0755435039972039,2,3,-1.5,141.5,Earl Walton/Kipp Kissinger/Doug Sirmons,"Bloomington, IN",Simon Skjodt Assembly Hall,NA,17222,NA,NA,NA,NA,NA,NA,NA,NA,Indiana,UCLA,FALSE
401721427,2025-02-14,Indiana,UCLA,400,2,0:53,53,53,Tyler Bilodeau subbing in for UCLA,away,67,70,-3,0,FALSE,FALSE,0.07094516416407474,0.0755435039972039,2,3,-1.5,141.5,Earl Walton/Kipp Kissinger/Doug Sirmons,"Bloomington, IN",Simon Skjodt Assembly Hall,NA,17222,NA,NA,NA,NA,NA,NA,NA,NA,Indiana,UCLA,FALSE
401721427,2025-02-14,Indiana,UCLA,401,2,0:53,53,53,Malik Reneau made Free Throw.,home,68,70,-2,0,TRUE,FALSE,0.14963990954129483,0.15846886675583374,2,3,-1.5,141.5,Earl Walton/Kipp Kissinger/Doug Sirmons,"Bloomington, IN",Simon Skjodt Assembly Hall,NA,17222,NA,NA,Indiana,made,Malik Reneau,NA,NA,TRUE,Indiana,UCLA,FALSE
401721427,2025-02-14,Indiana,UCLA,402,2,0:46,46,46,Trent Perry subbing out for UCLA,away,68,70,-2,7,FALSE,FALSE,0.1400783945745067,0.14818116181049493,2,3,-1.5,141.5,Earl Walton/Kipp Kissinger/Doug Sirmons,"Bloomington, IN",Simon Skjodt Assembly Hall,NA,17222,NA,NA,NA,NA,NA,NA,NA,NA,UCLA,UCLA,FALSE
401721427,2025-02-14,Indiana,UCLA,403,2,0:46,46,46,Skyy Clark subbing in for UCLA,away,68,70,-2,0,FALSE,FALSE,0.1400783945745067,0.14818116181049493,2,3,-1.5,141.5,Earl Walton/Kipp Kissinger/Doug Sirmons,"Bloomington, IN",Simon Skjodt Assembly Hall,NA,17222,NA,NA,NA,NA,NA,NA,NA,NA,UCLA,UCLA,FALSE
401721427,2025-02-14,Indiana,UCLA,404,2,0:46,46,46,UCLA Timeout,away,68,70,-2,0,FALSE,FALSE,0.1400783945745067,0.14818116181049493,2,2,-1.5,141.5,Earl Walton/Kipp Kissinger/Doug Sirmons,"Bloomington, IN",Simon Skjodt Assembly Hall,NA,17222,NA,NA,NA,NA,NA,NA,NA,NA,UCLA,UCLA,FALSE
401721427,2025-02-14,Indiana,UCLA,405,2,0:32,32,32,Sebastian Mack missed Layup.,away,68,70,-2,14,FALSE,FALSE,0.121411748049458,0.1281229308212661,2,2,-1.5,141.5,Earl Walton/Kipp Kissinger/Doug Sirmons,"Bloomington, IN",Simon Skjodt Assembly Hall,NA,17222,-35.75,4,UCLA,missed,Sebastian Mack,NA,FALSE,FALSE,UCLA,UCLA,FALSE
401721427,2025-02-14,Indiana,UCLA,406,2,0:31,31,31,Skyy Clark Offensive Rebound.,away,68,70,-2,1,FALSE,FALSE,0.12011650047535015,0.12673243147109586,2,2,-1.5,141.5,Earl Walton/Kipp Kissinger/Doug Sirmons,"Bloomington, IN",Simon Skjodt Assembly Hall,NA,17222,NA,NA,NA,NA,NA,NA,NA,NA,UCLA,Indiana,FALSE
401721427,2025-02-14,Indiana,UCLA,407,2,0:31,31,31,Skyy Clark Turnover.,away,68,70,-2,0,FALSE,FALSE,0.12011650047535015,0.12673243147109586,2,2,-1.5,141.5,Earl Walton/Kipp Kissinger/Doug Sirmons,"Bloomington, IN",Simon Skjodt Assembly Hall,NA,17222,NA,NA,NA,NA,NA,NA,NA,NA,UCLA,Indiana,FALSE
401721427,2025-02-14,Indiana,UCLA,408,2,0:31,31,31,Anthony Leal Steal.,home,68,70,-2,0,FALSE,FALSE,0.12011650047535015,0.12673243147109586,2,2,-1.5,141.5,Earl Walton/Kipp Kissinger/Doug Sirmons,"Bloomington, IN",Simon Skjodt Assembly Hall,NA,17222,NA,NA,NA,NA,NA,NA,NA,NA,UCLA,Indiana,FALSE
401721427,2025-02-14,Indiana,UCLA,409,2,0:31,31,31,Anthony Leal subbing out for Indiana,home,68,70,-2,0,FALSE,FALSE,0.12011650047535015,0.12673243147109586,2,2,-1.5,141.5,Earl Walton/Kipp Kissinger/Doug Sirmons,"Bloomington, IN",Simon Skjodt Assembly Hall,NA,17222,NA,NA,NA,NA,NA,NA,NA,NA,UCLA,Indiana,FALSE
401721427,2025-02-14,Indiana,UCLA,410,2,0:31,31,31,Mackenzie Mgbako subbing in for Indiana,home,68,70,-2,0,FALSE,FALSE,0.12011650047535015,0.12673243147109586,2,2,-1.5,141.5,Earl Walton/Kipp Kissinger/Doug Sirmons,"Bloomington, IN",Simon Skjodt Assembly Hall,NA,17222,NA,NA,NA,NA,NA,NA,NA,NA,UCLA,Indiana,FALSE
401721427,2025-02-14,Indiana,UCLA,411,2,0:31,31,31,Tyler Bilodeau subbing out for UCLA,away,68,70,-2,0,FALSE,FALSE,0.12011650047535015,0.12673243147109586,2,2,-1.5,141.5,Earl Walton/Kipp Kissinger/Doug Sirmons,"Bloomington, IN",Simon Skjodt Assembly Hall,NA,17222,NA,NA,NA,NA,NA,NA,NA,NA,UCLA,Indiana,FALSE
401721427,2025-02-14,Indiana,UCLA,412,2,0:31,31,31,William Kyle III subbing in for UCLA,away,68,70,-2,0,FALSE,FALSE,0.12011650047535015,0.12673243147109586,2,2,-1.5,141.5,Earl Walton/Kipp Kissinger/Doug Sirmons,"Bloomington, IN",Simon Skjodt Assembly Hall,NA,17222,NA,NA,NA,NA,NA,NA,NA,NA,UCLA,Indiana,FALSE
401721427,2025-02-14,Indiana,UCLA,413,2,0:12,12,12,Myles Rice missed Jumper.,home,68,70,-2,19,FALSE,FALSE,0.096641354218368,0.10156902934448038,2,2,-1.5,141.5,Earl Walton/Kipp Kissinger/Doug Sirmons,"Bloomington, IN",Simon Skjodt Assembly Hall,NA,17222,42.75,-9,Indiana,missed,Myles Rice,NA,FALSE,FALSE,Indiana,Indiana,FALSE
401721427,2025-02-14,Indiana,UCLA,414,2,0:10,10,10,Mackenzie Mgbako Offensive Rebound.,home,68,70,-2,2,FALSE,FALSE,0.09427528288595075,0.09903802686638546,2,2,-1.5,141.5,Earl Walton/Kipp Kissinger/Doug Sirmons,"Bloomington, IN",Simon Skjodt Assembly Hall,NA,17222,NA,NA,NA,NA,NA,NA,NA,NA,Indiana,Indiana,FALSE
401721427,2025-02-14,Indiana,UCLA,415,2,0:09,9,9,Mackenzie Mgbako missed Layup.,home,68,70,-2,1,FALSE,FALSE,0.09310251459865607,0.09778387889114437,2,2,-1.5,141.5,Earl Walton/Kipp Kissinger/Doug Sirmons,"Bloomington, IN",Simon Skjodt Assembly Hall,NA,17222,36.75,-0,Indiana,missed,Mackenzie Mgbako,NA,FALSE,FALSE,Indiana,Indiana,FALSE
401721427,2025-02-14,Indiana,UCLA,416,2,0:09,9,9,Indiana Offensive Rebound.,home,68,70,-2,0,FALSE,FALSE,0.09310251459865607,0.09778387889114437,2,2,-1.5,141.5,Earl Walton/Kipp Kissinger/Doug Sirmons,"Bloomington, IN",Simon Skjodt Assembly Hall,NA,17222,NA,NA,NA,NA,NA,NA,NA,NA,Indiana,Indiana,FALSE
401721427,2025-02-14,Indiana,UCLA,417,2,0:09,9,9,Indiana Timeout,home,68,70,-2,0,FALSE,FALSE,0.09310251459865607,0.09778387889114437,1,2,-1.5,141.5,Earl Walton/Kipp Kissinger/Doug Sirmons,"Bloomington, IN",Simon Skjodt Assembly Hall,NA,17222,NA,NA,NA,NA,NA,NA,NA,NA,Indiana,Indiana,FALSE
401721427,2025-02-14,Indiana,UCLA,418,2,0:09,9,9,Sebastian Mack subbing out for UCLA,away,68,70,-2,0,FALSE,FALSE,0.09310251459865607,0.09778387889114437,1,2,-1.5,141.5,Earl Walton/Kipp Kissinger/Doug Sirmons,"Bloomington, IN",Simon Skjodt Assembly Hall,NA,17222,NA,NA,NA,NA,NA,NA,NA,NA,Indiana,Indiana,FALSE
401721427,2025-02-14,Indiana,UCLA,419,2,0:09,9,9,Aday Mara subbing in for UCLA,away,68,70,-2,0,FALSE,FALSE,0.09310251459865607,0.09778387889114437,1,2,-1.5,141.5,Earl Walton/Kipp Kissinger/Doug Sirmons,"Bloomington, IN",Simon Skjodt Assembly Hall,NA,17222,NA,NA,NA,NA,NA,NA,NA,NA,Indiana,Indiana,FALSE
401721427,2025-02-14,Indiana,UCLA,420,2,0:06,6,6,Mackenzie Mgbako missed Three Point Jumper.,home,68,70,-2,3,FALSE,FALSE,0.08962937493007732,0.09407117343194342,1,2,-1.5,141.5,Earl Walton/Kipp Kissinger/Doug Sirmons,"Bloomington, IN",Simon Skjodt Assembly Hall,NA,17222,42.75,22,Indiana,missed,Mackenzie Mgbako,NA,TRUE,FALSE,Indiana,UCLA,FALSE
401721427,2025-02-14,Indiana,UCLA,421,2,0:04,4,4,Dylan Andrews Defensive Rebound.,away,68,70,-2,2,FALSE,FALSE,0.08735472787955095,0.09164079872259238,1,2,-1.5,141.5,Earl Walton/Kipp Kissinger/Doug Sirmons,"Bloomington, IN",Simon Skjodt Assembly Hall,NA,17222,NA,NA,NA,NA,NA,NA,NA,NA,Indiana,UCLA,FALSE
401721427,2025-02-14,Indiana,UCLA,422,2,0:04,4,4,Foul on Luke Goode.,home,68,70,-2,0,FALSE,TRUE,0.08735472787955095,0.09164079872259238,1,2,-1.5,141.5,Earl Walton/Kipp Kissinger/Doug Sirmons,"Bloomington, IN",Simon Skjodt Assembly Hall,NA,17222,NA,NA,NA,NA,NA,NA,NA,NA,Indiana,UCLA,FALSE
401721427,2025-02-14,Indiana,UCLA,423,2,0:04,4,4,Aday Mara subbing out for UCLA,away,68,70,-2,0,FALSE,FALSE,0.08735472787955095,0.09164079872259238,1,2,-1.5,141.5,Earl Walton/Kipp Kissinger/Doug Sirmons,"Bloomington, IN",Simon Skjodt Assembly Hall,NA,17222,NA,NA,NA,NA,NA,NA,NA,NA,Indiana,UCLA,FALSE
401721427,2025-02-14,Indiana,UCLA,424,2,0:04,4,4,Sebastian Mack subbing in for UCLA,away,68,70,-2,0,FALSE,FALSE,0.08735472787955095,0.09164079872259238,1,2,-1.5,141.5,Earl Walton/Kipp Kissinger/Doug Sirmons,"Bloomington, IN",Simon Skjodt Assembly Hall,NA,17222,NA,NA,NA,NA,NA,NA,NA,NA,Indiana,UCLA,FALSE
401721427,2025-02-14,Indiana,UCLA,425,2,0:04,4,4,Dylan Andrews made Free Throw.,away,68,71,-3,0,TRUE,FALSE,0.02950484921901973,0.031049073908720345,1,2,-1.5,141.5,Earl Walton/Kipp Kissinger/Doug Sirmons,"Bloomington, IN",Simon Skjodt Assembly Hall,NA,17222,NA,NA,UCLA,made,Dylan Andrews,NA,NA,TRUE,UCLA,Indiana,FALSE
401721427,2025-02-14,Indiana,UCLA,426,2,0:04,4,4,UCLA Timeout,away,68,71,-3,0,FALSE,FALSE,0.02950484921901973,0.031049073908720345,1,1,-1.5,141.5,Earl Walton/Kipp Kissinger/Doug Sirmons,"Bloomington, IN",Simon Skjodt Assembly Hall,NA,17222,NA,NA,NA,NA,NA,NA,NA,NA,Indiana,UCLA,FALSE
401721427,2025-02-14,Indiana,UCLA,427,2,0:04,4,4,Dylan Andrews made Free Throw.,away,68,72,-4,0,TRUE,FALSE,0.009564054592729397,0.010075453092990695,1,1,-1.5,141.5,Earl Walton/Kipp Kissinger/Doug Sirmons,"Bloomington, IN",Simon Skjodt Assembly Hall,NA,17222,NA,NA,UCLA,made,Dylan Andrews,NA,NA,TRUE,UCLA,Indiana,FALSE
401721427,2025-02-14,Indiana,UCLA,428,2,0:01,1,1,Mackenzie Mgbako missed Three Point Jumper.,home,68,72,-4,3,FALSE,FALSE,0.008779423643810968,0.00924024840272953,1,1,-1.5,141.5,Earl Walton/Kipp Kissinger/Doug Sirmons,"Bloomington, IN",Simon Skjodt Assembly Hall,NA,17222,6.75,18,Indiana,missed,Mackenzie Mgbako,NA,TRUE,FALSE,Indiana,Indiana,FALSE
401721427,2025-02-14,Indiana,UCLA,429,2,0:01,1,1,Luke Goode Offensive Rebound.,home,68,72,-4,0,FALSE,FALSE,0.008779423643810968,0.00924024840272953,1,1,-1.5,141.5,Earl Walton/Kipp Kissinger/Doug Sirmons,"Bloomington, IN",Simon Skjodt Assembly Hall,NA,17222,NA,NA,NA,NA,NA,NA,NA,NA,Indiana,Indiana,FALSE
401721427,2025-02-14,Indiana,UCLA,430,2,0:00,0,0,End of 2nd half,NA,68,72,-4,1,FALSE,FALSE,0,0,1,1,-1.5,141.5,Earl Walton/Kipp Kissinger/Doug Sirmons,"Bloomington, IN",Simon Skjodt Assembly Hall,NA,17222,NA,NA,NA,NA,NA,NA,NA,NA,Indiana,NA,FALSE
401721427,2025-02-14,Indiana,UCLA,431,2,0:00,0,0,End of Game,NA,68,72,-4,0,FALSE,FALSE,0,0,1,1,-1.5,141.5,Earl Walton/Kipp Kissinger/Doug Sirmons,"Bloomington, IN",Simon Skjodt Assembly Hall,NA,17222,NA,NA,NA,NA,NA,NA,NA,NA,Indiana,NA,FALSE
