game_id,date,home,away,play_id,half,time_remaining_half,secs_remaining,secs_remaining_absolute,description,action_team,home_score,away_score,score_diff,play_length,scoring_play,foul,win_prob,naive_win_prob,home_time_out_remaining,away_time_out_remaining,home_favored_by,total_line,referees,arena_location,arena,capacity,attendance,shot_x,shot_y,shot_team,shot_outcome,shooter,assist,three_pt,free_throw,possession_before,possession_after,wrong_time
401725522,2025-01-05,Memphis,North Texas,1,1,19:43,2383,2383,Colby Rogers Turnover.,home,0,0,0,0,FALSE,FALSE,0.7687351527027022,0.5,6,6,7.5,136.5,Steven Anderson/A.J. Desai/Bart Lenox,"Memphis, TN",FedExForum,NA,10903,NA,NA,NA,NA,NA,NA,NA,NA,Memphis,North Texas,FALSE
401725522,2025-01-05,Memphis,North Texas,2,1,19:43,2383,2383,Rondel Walker Steal.,away,0,0,0,0,FALSE,FALSE,0.7687351527027022,0.5,6,6,7.5,136.5,Steven Anderson/A.J. Desai/Bart Lenox,"Memphis, TN",FedExForum,NA,10903,NA,NA,NA,NA,NA,NA,NA,NA,Memphis,North Texas,FALSE
401725522,2025-01-05,Memphis,North Texas,3,1,19:32,2372,2372,Atin Wright missed Three Point Jumper.,away,0,0,0,11,FALSE,FALSE,0.7684953054239627,0.5,6,6,7.5,136.5,Steven Anderson/A.J. Desai/Bart Lenox,"Memphis, TN",FedExForum,NA,10903,NA,NA,North Texas,missed,Atin Wright,NA,TRUE,FALSE,North Texas,Memphis,FALSE
401725522,2025-01-05,Memphis,North Texas,4,1,19:29,2369,2369,PJ Haggerty Defensive Rebound.,home,0,0,0,3,FALSE,FALSE,0.7684293129922385,0.5,6,6,7.5,136.5,Steven Anderson/A.J. Desai/Bart Lenox,"Memphis, TN",FedExForum,NA,10903,NA,NA,NA,NA,NA,NA,NA,NA,North Texas,Memphis,FALSE
401725522,2025-01-05,Memphis,North Texas,5,1,19:13,2353,2353,Colby Rogers made Jumper.,home,2,0,2,16,TRUE,FALSE,0.7986785314517378,0.545025919036486,6,6,7.5,136.5,Steven Anderson/A.J. Desai/Bart Lenox,"Memphis, TN",FedExForum,NA,10903,NA,NA,Memphis,made,Colby Rogers,NA,FALSE,FALSE,Memphis,North Texas,FALSE
401725522,2025-01-05,Memphis,North Texas,6,1,18:39,2319,2319,North Texas  Turnover.,away,2,0,2,34,FALSE,FALSE,0.7984547602751395,0.5457673174479175,6,6,7.5,136.5,Steven Anderson/A.J. Desai/Bart Lenox,"Memphis, TN",FedExForum,NA,10903,NA,NA,NA,NA,NA,NA,NA,NA,North Texas,Memphis,FALSE
401725522,2025-01-05,Memphis,North Texas,7,1,18:08,2288,2288,Colby Rogers missed Three Point Jumper.,home,2,0,2,31,FALSE,FALSE,0.7982324189733482,0.5464546722449519,6,6,7.5,136.5,Steven Anderson/A.J. Desai/Bart Lenox,"Memphis, TN",FedExForum,NA,10903,NA,NA,Memphis,missed,Colby Rogers,NA,TRUE,FALSE,Memphis,North Texas,FALSE
401725522,2025-01-05,Memphis,North Texas,8,1,18:04,2284,2284,Rondel Walker Defensive Rebound.,away,2,0,2,4,FALSE,FALSE,0.7982023476049906,0.5465440686962537,6,6,7.5,136.5,Steven Anderson/A.J. Desai/Bart Lenox,"Memphis, TN",FedExForum,NA,10903,NA,NA,NA,NA,NA,NA,NA,NA,Memphis,North Texas,FALSE
401725522,2025-01-05,Memphis,North Texas,9,1,17:42,2262,2262,Foul on Moussa Cisse.,home,2,0,2,22,FALSE,TRUE,0.7980309363303058,0.547038345861369,6,6,7.5,136.5,Steven Anderson/A.J. Desai/Bart Lenox,"Memphis, TN",FedExForum,NA,10903,NA,NA,NA,NA,NA,NA,NA,NA,North Texas,North Texas,FALSE
401725522,2025-01-05,Memphis,North Texas,10,1,17:42,2262,2262,Grant Newell made Free Throw.,away,2,1,1,0,TRUE,FALSE,0.7823948090806466,0.5235714431572539,6,6,7.5,136.5,Steven Anderson/A.J. Desai/Bart Lenox,"Memphis, TN",FedExForum,NA,10903,NA,NA,North Texas,made,Grant Newell,NA,FALSE,TRUE,North Texas,North Texas,FALSE
401725522,2025-01-05,Memphis,North Texas,11,1,17:42,2262,2262,Grant Newell made Free Throw.,away,2,2,0,0,TRUE,FALSE,0.7659032562363741,0.5,6,6,7.5,136.5,Steven Anderson/A.J. Desai/Bart Lenox,"Memphis, TN",FedExForum,NA,10903,NA,NA,North Texas,made,Grant Newell,NA,FALSE,TRUE,North Texas,Memphis,FALSE
401725522,2025-01-05,Memphis,North Texas,12,1,17:27,2247,2247,Nicholas Jourdain Turnover.,home,2,2,0,15,FALSE,FALSE,0.7655207277587555,0.5,6,6,7.5,136.5,Steven Anderson/A.J. Desai/Bart Lenox,"Memphis, TN",FedExForum,NA,10903,NA,NA,NA,NA,NA,NA,NA,NA,Memphis,North Texas,FALSE
401725522,2025-01-05,Memphis,North Texas,13,1,17:03,2223,2223,Rondel Walker made Three Point Jumper. Assisted by Grant Newell.,away,2,5,-3,24,TRUE,FALSE,0.7091515053434642,0.4283883988150674,6,6,7.5,136.5,Steven Anderson/A.J. Desai/Bart Lenox,"Memphis, TN",FedExForum,NA,10903,NA,NA,North Texas,made,Rondel Walker,Grant Newell,TRUE,FALSE,North Texas,Memphis,FALSE
401725522,2025-01-05,Memphis,North Texas,14,1,16:44,2204,2204,Foul on Jasper Floyd.,away,2,5,-3,19,FALSE,TRUE,0.7080214494237131,0.42774330585558984,6,6,7.5,136.5,Steven Anderson/A.J. Desai/Bart Lenox,"Memphis, TN",FedExForum,NA,10903,NA,NA,NA,NA,NA,NA,NA,NA,Memphis,Memphis,FALSE
401725522,2025-01-05,Memphis,North Texas,15,1,16:39,2199,2199,Moussa Cisse missed Layup.,home,2,5,-3,5,FALSE,FALSE,0.7077209702128002,0.427573083497328,6,6,7.5,136.5,Steven Anderson/A.J. Desai/Bart Lenox,"Memphis, TN",FedExForum,NA,10903,NA,NA,Memphis,missed,Moussa Cisse,NA,FALSE,FALSE,Memphis,North Texas,FALSE
401725522,2025-01-05,Memphis,North Texas,16,1,16:37,2197,2197,Johnathan Massie Defensive Rebound.,away,2,5,-3,2,FALSE,FALSE,0.7076004178363744,0.4275049455104304,6,6,7.5,136.5,Steven Anderson/A.J. Desai/Bart Lenox,"Memphis, TN",FedExForum,NA,10903,NA,NA,NA,NA,NA,NA,NA,NA,Memphis,North Texas,FALSE
401725522,2025-01-05,Memphis,North Texas,17,1,16:27,2187,2187,Johnathan Massie missed Three Point Jumper.,away,2,5,-3,10,FALSE,FALSE,0.7069945672208061,0.4271638617829107,6,6,7.5,136.5,Steven Anderson/A.J. Desai/Bart Lenox,"Memphis, TN",FedExForum,NA,10903,NA,NA,North Texas,missed,Johnathan Massie,NA,TRUE,FALSE,North Texas,North Texas,FALSE
401725522,2025-01-05,Memphis,North Texas,18,1,16:22,2182,2182,Latrell Jossell Offensive Rebound.,away,2,5,-3,5,FALSE,FALSE,0.7066897132821657,0.42699309040461036,6,6,7.5,136.5,Steven Anderson/A.J. Desai/Bart Lenox,"Memphis, TN",FedExForum,NA,10903,NA,NA,NA,NA,NA,NA,NA,NA,North Texas,North Texas,FALSE
401725522,2025-01-05,Memphis,North Texas,19,1,16:20,2180,2180,Atin Wright missed Three Point Jumper.,away,2,5,-3,2,FALSE,FALSE,0.7065674120379233,0.4269247421092792,6,6,7.5,136.5,Steven Anderson/A.J. Desai/Bart Lenox,"Memphis, TN",FedExForum,NA,10903,NA,NA,North Texas,missed,Atin Wright,NA,TRUE,FALSE,North Texas,Memphis,FALSE
401725522,2025-01-05,Memphis,North Texas,20,1,16:17,2177,2177,Moussa Cisse Defensive Rebound.,home,2,5,-3,3,FALSE,FALSE,0.7063835750286765,0.4268221790356408,6,6,7.5,136.5,Steven Anderson/A.J. Desai/Bart Lenox,"Memphis, TN",FedExForum,NA,10903,NA,NA,NA,NA,NA,NA,NA,NA,North Texas,Memphis,FALSE
401725522,2025-01-05,Memphis,North Texas,21,1,16:11,2171,2171,PJ Haggerty made Jumper.,home,4,5,-1,6,TRUE,FALSE,0.745208244668435,0.4753809576830629,6,6,7.5,136.5,Steven Anderson/A.J. Desai/Bart Lenox,"Memphis, TN",FedExForum,NA,10903,NA,NA,Memphis,made,PJ Haggerty,NA,FALSE,FALSE,Memphis,North Texas,FALSE
401725522,2025-01-05,Memphis,North Texas,22,1,15:52,2152,2152,Brenen Lorient made Three Point Jumper. Assisted by Latrell Jossell.,away,4,8,-4,19,TRUE,FALSE,0.6837320099045854,0.40184619018168427,6,6,7.5,136.5,Steven Anderson/A.J. Desai/Bart Lenox,"Memphis, TN",FedExForum,NA,10903,NA,NA,North Texas,made,Brenen Lorient,Latrell Jossell,TRUE,FALSE,North Texas,Memphis,FALSE
401725522,2025-01-05,Memphis,North Texas,23,1,15:39,2139,2139,Colby Rogers missed Jumper.,home,4,8,-4,13,FALSE,FALSE,0.6827478755102488,0.40125844918001197,6,6,7.5,136.5,Steven Anderson/A.J. Desai/Bart Lenox,"Memphis, TN",FedExForum,NA,10903,NA,NA,Memphis,missed,Colby Rogers,NA,FALSE,FALSE,Memphis,Memphis,FALSE
401725522,2025-01-05,Memphis,North Texas,24,1,15:36,2136,2136,Nicholas Jourdain Offensive Rebound.,home,4,8,-4,3,FALSE,FALSE,0.6825192858214122,0.40112246743920627,6,6,7.5,136.5,Steven Anderson/A.J. Desai/Bart Lenox,"Memphis, TN",FedExForum,NA,10903,NA,NA,NA,NA,NA,NA,NA,NA,Memphis,Memphis,FALSE
401725522,2025-01-05,Memphis,North Texas,25,1,15:34,2134,2134,Foul on Latrell Jossell.,away,4,8,-4,2,FALSE,TRUE,0.6823665827297808,0.40103173829419775,6,6,7.5,136.5,Steven Anderson/A.J. Desai/Bart Lenox,"Memphis, TN",FedExForum,NA,10903,NA,NA,NA,NA,NA,NA,NA,NA,Memphis,Memphis,FALSE
401725522,2025-01-05,Memphis,North Texas,26,1,15:34,2134,2134, Official TV Timeout,NA,4,8,-4,0,FALSE,FALSE,0.6823665827297808,0.40103173829419775,6,5,7.5,136.5,Steven Anderson/A.J. Desai/Bart Lenox,"Memphis, TN",FedExForum,NA,10903,NA,NA,NA,NA,NA,NA,NA,NA,Memphis,Memphis,FALSE
401725522,2025-01-05,Memphis,North Texas,27,1,15:27,2127,2127,Dain Dainja made Layup. Assisted by PJ Haggerty.,home,6,8,-2,7,TRUE,FALSE,0.7238102988171553,0.44985759065926184,6,5,7.5,136.5,Steven Anderson/A.J. Desai/Bart Lenox,"Memphis, TN",FedExForum,NA,10903,NA,NA,Memphis,made,Dain Dainja,PJ Haggerty,FALSE,FALSE,Memphis,North Texas,FALSE
401725522,2025-01-05,Memphis,North Texas,28,1,15:17,2117,2117,Latrell Jossell Turnover.,away,6,8,-2,10,FALSE,FALSE,0.7232890965701033,0.4496227638391357,6,5,7.5,136.5,Steven Anderson/A.J. Desai/Bart Lenox,"Memphis, TN",FedExForum,NA,10903,NA,NA,NA,NA,NA,NA,NA,NA,North Texas,Memphis,FALSE
401725522,2025-01-05,Memphis,North Texas,29,1,15:17,2117,2117,Tyrese Hunter Steal.,home,6,8,-2,0,FALSE,FALSE,0.7232890965701033,0.4496227638391357,6,5,7.5,136.5,Steven Anderson/A.J. Desai/Bart Lenox,"Memphis, TN",FedExForum,NA,10903,NA,NA,NA,NA,NA,NA,NA,NA,North Texas,Memphis,FALSE
401725522,2025-01-05,Memphis,North Texas,30,1,15:08,2108,2108,PJ Haggerty Turnover.,home,6,8,-2,9,FALSE,FALSE,0.7228159692003056,0.4494106518129116,6,5,7.5,136.5,Steven Anderson/A.J. Desai/Bart Lenox,"Memphis, TN",FedExForum,NA,10903,NA,NA,NA,NA,NA,NA,NA,NA,Memphis,North Texas,FALSE
401725522,2025-01-05,Memphis,North Texas,31,1,15:08,2108,2108,Latrell Jossell Steal.,away,6,8,-2,0,FALSE,FALSE,0.7228159692003056,0.4494106518129116,6,5,7.5,136.5,Steven Anderson/A.J. Desai/Bart Lenox,"Memphis, TN",FedExForum,NA,10903,NA,NA,NA,NA,NA,NA,NA,NA,Memphis,North Texas,FALSE
401725522,2025-01-05,Memphis,North Texas,32,1,14:40,2080,2080,Johnathan Massie missed Jumper.,away,6,8,-2,28,FALSE,FALSE,0.7213194322260297,0.44874582321189277,6,5,7.5,136.5,Steven Anderson/A.J. Desai/Bart Lenox,"Memphis, TN",FedExForum,NA,10903,NA,NA,North Texas,missed,Johnathan Massie,NA,FALSE,FALSE,North Texas,Memphis,FALSE
401725522,2025-01-05,Memphis,North Texas,33,1,14:38,2078,2078,Dain Dainja Defensive Rebound.,home,6,8,-2,2,FALSE,FALSE,0.7212111091760877,0.4486980371736651,6,5,7.5,136.5,Steven Anderson/A.J. Desai/Bart Lenox,"Memphis, TN",FedExForum,NA,10903,NA,NA,NA,NA,NA,NA,NA,NA,North Texas,Memphis,FALSE
401725522,2025-01-05,Memphis,North Texas,34,1,14:38,2078,2078,Foul on Brenen Lorient.,away,6,8,-2,0,FALSE,TRUE,0.7212111091760877,0.4486980371736651,6,5,7.5,136.5,Steven Anderson/A.J. Desai/Bart Lenox,"Memphis, TN",FedExForum,NA,10903,NA,NA,NA,NA,NA,NA,NA,NA,North Texas,Memphis,FALSE
401725522,2025-01-05,Memphis,North Texas,35,1,14:31,2071,2071,Foul on Grant Newell.,away,6,8,-2,7,FALSE,TRUE,0.7208304758630285,0.4485304598256185,6,5,7.5,136.5,Steven Anderson/A.J. Desai/Bart Lenox,"Memphis, TN",FedExForum,NA,10903,NA,NA,NA,NA,NA,NA,NA,NA,Memphis,Memphis,FALSE
401725522,2025-01-05,Memphis,North Texas,36,1,14:31,2071,2071,Nicholas Jourdain made Free Throw.,home,7,8,-1,0,TRUE,FALSE,0.741137623934489,0.4741966919711263,6,5,7.5,136.5,Steven Anderson/A.J. Desai/Bart Lenox,"Memphis, TN",FedExForum,NA,10903,NA,NA,Memphis,made,Nicholas Jourdain,NA,FALSE,TRUE,Memphis,Memphis,FALSE
401725522,2025-01-05,Memphis,North Texas,37,1,14:31,2071,2071,Nicholas Jourdain missed Free Throw.,home,7,8,-1,0,FALSE,FALSE,0.741137623934489,0.4741966919711263,6,5,7.5,136.5,Steven Anderson/A.J. Desai/Bart Lenox,"Memphis, TN",FedExForum,NA,10903,NA,NA,Memphis,missed,Nicholas Jourdain,NA,FALSE,TRUE,Memphis,North Texas,FALSE
401725522,2025-01-05,Memphis,North Texas,38,1,14:28,2068,2068,Johnathan Massie Defensive Rebound.,away,7,8,-1,3,FALSE,FALSE,0.7410093387246361,0.47416041489824323,6,5,7.5,136.5,Steven Anderson/A.J. Desai/Bart Lenox,"Memphis, TN",FedExForum,NA,10903,NA,NA,NA,NA,NA,NA,NA,NA,Memphis,North Texas,FALSE
401725522,2025-01-05,Memphis,North Texas,39,1,14:17,2057,2057,Foul on Nicholas Jourdain.,home,7,8,-1,11,FALSE,TRUE,0.7405359048385833,0.4740269757363088,6,5,7.5,136.5,Steven Anderson/A.J. Desai/Bart Lenox,"Memphis, TN",FedExForum,NA,10903,NA,NA,NA,NA,NA,NA,NA,NA,North Texas,North Texas,FALSE
401725522,2025-01-05,Memphis,North Texas,40,1,14:17,2057,2057,Brenen Lorient missed Free Throw.,away,7,8,-1,0,FALSE,FALSE,0.7405359048385833,0.4740269757363088,6,5,7.5,136.5,Steven Anderson/A.J. Desai/Bart Lenox,"Memphis, TN",FedExForum,NA,10903,NA,NA,North Texas,missed,Brenen Lorient,NA,FALSE,TRUE,North Texas,North Texas,FALSE
401725522,2025-01-05,Memphis,North Texas,41,1,14:17,2057,2057,North Texas Offensive Rebound.,away,7,8,-1,0,FALSE,FALSE,0.7405359048385833,0.4740269757363088,6,5,7.5,136.5,Steven Anderson/A.J. Desai/Bart Lenox,"Memphis, TN",FedExForum,NA,10903,NA,NA,NA,NA,NA,NA,NA,NA,North Texas,North Texas,FALSE
401725522,2025-01-05,Memphis,North Texas,42,1,14:17,2057,2057,Brenen Lorient made Free Throw.,away,7,9,-2,0,TRUE,FALSE,0.720062186097298,0.44819374505431697,6,5,7.5,136.5,Steven Anderson/A.J. Desai/Bart Lenox,"Memphis, TN",FedExForum,NA,10903,NA,NA,North Texas,made,Brenen Lorient,NA,FALSE,TRUE,North Texas,Memphis,FALSE
401725522,2025-01-05,Memphis,North Texas,43,1,13:51,2031,2031,Colby Rogers missed Three Point Jumper.,home,7,9,-2,26,FALSE,FALSE,0.7186104397654763,0.4475626263462905,6,5,7.5,136.5,Steven Anderson/A.J. Desai/Bart Lenox,"Memphis, TN",FedExForum,NA,10903,NA,NA,Memphis,missed,Colby Rogers,NA,TRUE,FALSE,Memphis,North Texas,FALSE
401725522,2025-01-05,Memphis,North Texas,44,1,13:48,2028,2028,Moulaye Sissoko Defensive Rebound.,away,7,9,-2,3,FALSE,FALSE,0.7184408396529505,0.44748929964234846,6,5,7.5,136.5,Steven Anderson/A.J. Desai/Bart Lenox,"Memphis, TN",FedExForum,NA,10903,NA,NA,NA,NA,NA,NA,NA,NA,Memphis,North Texas,FALSE
401725522,2025-01-05,Memphis,North Texas,45,1,13:25,2005,2005,Jasper Floyd made Jumper.,away,7,11,-4,23,TRUE,FALSE,0.6719773032627601,0.3950298166028172,6,5,7.5,136.5,Steven Anderson/A.J. Desai/Bart Lenox,"Memphis, TN",FedExForum,NA,10903,NA,NA,North Texas,made,Jasper Floyd,NA,FALSE,FALSE,North Texas,Memphis,FALSE
401725522,2025-01-05,Memphis,North Texas,46,1,13:07,1987,1987,Nicholas Jourdain missed Layup.,home,7,11,-4,18,FALSE,FALSE,0.6704402599507017,0.3941647694805162,6,5,7.5,136.5,Steven Anderson/A.J. Desai/Bart Lenox,"Memphis, TN",FedExForum,NA,10903,NA,NA,Memphis,missed,Nicholas Jourdain,NA,FALSE,FALSE,Memphis,North Texas,FALSE
401725522,2025-01-05,Memphis,North Texas,47,1,13:07,1987,1987,Rondel Walker Block.,away,7,11,-4,0,FALSE,FALSE,0.6704402599507017,0.3941647694805162,6,5,7.5,136.5,Steven Anderson/A.J. Desai/Bart Lenox,"Memphis, TN",FedExForum,NA,10903,NA,NA,NA,NA,NA,NA,NA,NA,Memphis,North Texas,FALSE
401725522,2025-01-05,Memphis,North Texas,48,1,13:06,1986,1986,Jasper Floyd Defensive Rebound.,away,7,11,-4,1,FALSE,FALSE,0.6703542208204175,0.39411648434140334,6,5,7.5,136.5,Steven Anderson/A.J. Desai/Bart Lenox,"Memphis, TN",FedExForum,NA,10903,NA,NA,NA,NA,NA,NA,NA,NA,Memphis,North Texas,FALSE
401725522,2025-01-05,Memphis,North Texas,49,1,12:36,1956,1956,Jasper Floyd missed Jumper.,away,7,11,-4,30,FALSE,FALSE,0.6677410029440365,0.39265635592605636,6,5,7.5,136.5,Steven Anderson/A.J. Desai/Bart Lenox,"Memphis, TN",FedExForum,NA,10903,NA,NA,North Texas,missed,Jasper Floyd,NA,FALSE,FALSE,North Texas,Memphis,FALSE
401725522,2025-01-05,Memphis,North Texas,50,1,12:30,1950,1950,PJ Haggerty Defensive Rebound.,home,7,11,-4,6,FALSE,FALSE,0.6672108581425776,0.39236156079653906,6,5,7.5,136.5,Steven Anderson/A.J. Desai/Bart Lenox,"Memphis, TN",FedExForum,NA,10903,NA,NA,NA,NA,NA,NA,NA,NA,North Texas,Memphis,FALSE
401725522,2025-01-05,Memphis,North Texas,51,1,12:15,1935,1935,Latrell Jossell Block.,away,7,11,-4,15,FALSE,FALSE,0.665874438467044,0.39162037147429984,6,5,7.5,136.5,Steven Anderson/A.J. Desai/Bart Lenox,"Memphis, TN",FedExForum,NA,10903,NA,NA,NA,NA,NA,NA,NA,NA,Memphis,North Texas,FALSE
401725522,2025-01-05,Memphis,North Texas,52,1,12:15,1935,1935,Moussa Cisse missed Layup.,home,7,11,-4,0,FALSE,FALSE,0.665874438467044,0.39162037147429984,6,5,7.5,136.5,Steven Anderson/A.J. Desai/Bart Lenox,"Memphis, TN",FedExForum,NA,10903,NA,NA,Memphis,missed,Moussa Cisse,NA,FALSE,FALSE,Memphis,North Texas,FALSE
401725522,2025-01-05,Memphis,North Texas,53,1,12:15,1935,1935,Moulaye Sissoko Defensive Rebound.,away,7,11,-4,0,FALSE,FALSE,0.665874438467044,0.39162037147429984,6,5,7.5,136.5,Steven Anderson/A.J. Desai/Bart Lenox,"Memphis, TN",FedExForum,NA,10903,NA,NA,NA,NA,NA,NA,NA,NA,Memphis,North Texas,FALSE
401725522,2025-01-05,Memphis,North Texas,54,1,11:54,1914,1914,Jasper Floyd made Three Point Jumper. Assisted by Brenen Lorient.,away,7,14,-7,21,TRUE,FALSE,0.5859901457005801,0.31463221700907057,6,5,7.5,136.5,Steven Anderson/A.J. Desai/Bart Lenox,"Memphis, TN",FedExForum,NA,10903,NA,NA,North Texas,made,Jasper Floyd,Brenen Lorient,TRUE,FALSE,North Texas,Memphis,FALSE
401725522,2025-01-05,Memphis,North Texas,55,1,11:45,1905,1905,Memphis  Timeout,home,7,14,-7,9,FALSE,FALSE,0.5847580876616199,0.3139252628571859,5,5,7.5,136.5,Steven Anderson/A.J. Desai/Bart Lenox,"Memphis, TN",FedExForum,NA,10903,NA,NA,NA,NA,NA,NA,NA,NA,Memphis,Memphis,FALSE
401725522,2025-01-05,Memphis,North Texas,56,1,11:45,1905,1905, Official TV Timeout,NA,7,14,-7,0,FALSE,FALSE,0.5847580876616199,0.3139252628571859,5,4,7.5,136.5,Steven Anderson/A.J. Desai/Bart Lenox,"Memphis, TN",FedExForum,NA,10903,NA,NA,NA,NA,NA,NA,NA,NA,Memphis,Memphis,FALSE
401725522,2025-01-05,Memphis,North Texas,57,1,11:28,1888,1888,Baraka Okojie made Three Point Jumper. Assisted by Colby Rogers.,home,10,14,-4,17,TRUE,FALSE,0.6616000006730536,0.38928942791554105,5,4,7.5,136.5,Steven Anderson/A.J. Desai/Bart Lenox,"Memphis, TN",FedExForum,NA,10903,NA,NA,Memphis,made,Baraka Okojie,Colby Rogers,TRUE,FALSE,Memphis,North Texas,FALSE
401725522,2025-01-05,Memphis,North Texas,58,1,11:04,1864,1864,Brenen Lorient missed Jumper.,away,10,14,-4,24,FALSE,FALSE,0.6593693715650166,0.38810066447083275,5,4,7.5,136.5,Steven Anderson/A.J. Desai/Bart Lenox,"Memphis, TN",FedExForum,NA,10903,NA,NA,North Texas,missed,Brenen Lorient,NA,FALSE,FALSE,North Texas,North Texas,FALSE
401725522,2025-01-05,Memphis,North Texas,59,1,11:00,1860,1860,Moulaye Sissoko Offensive Rebound.,away,10,14,-4,4,FALSE,FALSE,0.6589942129020606,0.38790224004075124,5,4,7.5,136.5,Steven Anderson/A.J. Desai/Bart Lenox,"Memphis, TN",FedExForum,NA,10903,NA,NA,NA,NA,NA,NA,NA,NA,North Texas,North Texas,FALSE
401725522,2025-01-05,Memphis,North Texas,60,1,11:00,1860,1860,Moulaye Sissoko made Layup.,away,10,16,-6,0,TRUE,FALSE,0.6060517863481474,0.3353227711935981,5,4,7.5,136.5,Steven Anderson/A.J. Desai/Bart Lenox,"Memphis, TN",FedExForum,NA,10903,NA,NA,North Texas,made,Moulaye Sissoko,NA,FALSE,FALSE,North Texas,Memphis,FALSE
401725522,2025-01-05,Memphis,North Texas,61,1,10:49,1849,1849,Foul on Atin Wright.,away,10,16,-6,11,FALSE,TRUE,0.6046753453795601,0.3345536165110439,5,4,7.5,136.5,Steven Anderson/A.J. Desai/Bart Lenox,"Memphis, TN",FedExForum,NA,10903,NA,NA,NA,NA,NA,NA,NA,NA,Memphis,Memphis,FALSE
401725522,2025-01-05,Memphis,North Texas,62,1,10:48,1848,1848,Colby Rogers made Free Throw.,home,11,16,-5,1,TRUE,FALSE,0.631608054735442,0.36047277507174136,5,4,7.5,136.5,Steven Anderson/A.J. Desai/Bart Lenox,"Memphis, TN",FedExForum,NA,10903,NA,NA,Memphis,made,Colby Rogers,NA,FALSE,TRUE,Memphis,Memphis,FALSE
401725522,2025-01-05,Memphis,North Texas,63,1,10:48,1848,1848,Colby Rogers made Free Throw.,home,12,16,-4,0,TRUE,FALSE,0.6578627041386248,0.38730608115812537,5,4,7.5,136.5,Steven Anderson/A.J. Desai/Bart Lenox,"Memphis, TN",FedExForum,NA,10903,NA,NA,Memphis,made,Colby Rogers,NA,FALSE,TRUE,Memphis,North Texas,FALSE
401725522,2025-01-05,Memphis,North Texas,64,1,10:17,1817,1817,North Texas  Turnover.,away,12,16,-4,31,FALSE,FALSE,0.6548958965140913,0.3857567979387696,5,4,7.5,136.5,Steven Anderson/A.J. Desai/Bart Lenox,"Memphis, TN",FedExForum,NA,10903,NA,NA,NA,NA,NA,NA,NA,NA,North Texas,Memphis,FALSE
401725522,2025-01-05,Memphis,North Texas,65,1,10:01,1801,1801,Tyrese Hunter made Layup.,home,14,16,-2,16,TRUE,FALSE,0.7043382458593448,0.4416926241669013,5,4,7.5,136.5,Steven Anderson/A.J. Desai/Bart Lenox,"Memphis, TN",FedExForum,NA,10903,NA,NA,Memphis,made,Tyrese Hunter,NA,FALSE,FALSE,Memphis,North Texas,FALSE
401725522,2025-01-05,Memphis,North Texas,66,1,9:31,1771,1771,Jasper Floyd Turnover.,away,14,16,-2,30,FALSE,FALSE,0.7022821749506013,0.44089449483380067,5,4,7.5,136.5,Steven Anderson/A.J. Desai/Bart Lenox,"Memphis, TN",FedExForum,NA,10903,NA,NA,NA,NA,NA,NA,NA,NA,North Texas,Memphis,FALSE
401725522,2025-01-05,Memphis,North Texas,67,1,9:31,1771,1771,PJ Haggerty Steal.,home,14,16,-2,0,FALSE,FALSE,0.7022821749506013,0.44089449483380067,5,4,7.5,136.5,Steven Anderson/A.J. Desai/Bart Lenox,"Memphis, TN",FedExForum,NA,10903,NA,NA,NA,NA,NA,NA,NA,NA,North Texas,Memphis,FALSE
401725522,2025-01-05,Memphis,North Texas,68,1,9:29,1769,1769,PJ Haggerty made Layup.,home,16,16,0,2,TRUE,FALSE,0.7493739835249686,0.5,5,4,7.5,136.5,Steven Anderson/A.J. Desai/Bart Lenox,"Memphis, TN",FedExForum,NA,10903,NA,NA,Memphis,made,PJ Haggerty,NA,FALSE,FALSE,Memphis,North Texas,FALSE
401725522,2025-01-05,Memphis,North Texas,69,1,9:29,1769,1769,Foul on Rondel Walker.,away,16,16,0,0,FALSE,TRUE,0.7493739835249686,0.5,5,4,7.5,136.5,Steven Anderson/A.J. Desai/Bart Lenox,"Memphis, TN",FedExForum,NA,10903,NA,NA,NA,NA,NA,NA,NA,NA,Memphis,North Texas,FALSE
401725522,2025-01-05,Memphis,North Texas,70,1,9:29,1769,1769,PJ Haggerty missed Free Throw.,home,16,16,0,0,FALSE,FALSE,0.7493739835249686,0.5,5,4,7.5,136.5,Steven Anderson/A.J. Desai/Bart Lenox,"Memphis, TN",FedExForum,NA,10903,NA,NA,Memphis,missed,PJ Haggerty,NA,FALSE,TRUE,Memphis,North Texas,FALSE
401725522,2025-01-05,Memphis,North Texas,71,1,9:29,1769,1769,North Texas Defensive Rebound.,away,16,16,0,0,FALSE,FALSE,0.7493739835249686,0.5,5,4,7.5,136.5,Steven Anderson/A.J. Desai/Bart Lenox,"Memphis, TN",FedExForum,NA,10903,NA,NA,NA,NA,NA,NA,NA,NA,Memphis,North Texas,FALSE
401725522,2025-01-05,Memphis,North Texas,72,1,9:29,1769,1769,Foul on PJ Carter.,home,16,16,0,0,FALSE,TRUE,0.7493739835249686,0.5,5,4,7.5,136.5,Steven Anderson/A.J. Desai/Bart Lenox,"Memphis, TN",FedExForum,NA,10903,NA,NA,NA,NA,NA,NA,NA,NA,Memphis,North Texas,FALSE
401725522,2025-01-05,Memphis,North Texas,73,1,9:25,1765,1765,Jasper Floyd Turnover.,away,16,16,0,4,FALSE,FALSE,0.7492063476360957,0.5,5,4,7.5,136.5,Steven Anderson/A.J. Desai/Bart Lenox,"Memphis, TN",FedExForum,NA,10903,NA,NA,NA,NA,NA,NA,NA,NA,North Texas,Memphis,FALSE
401725522,2025-01-05,Memphis,North Texas,74,1,9:25,1765,1765,PJ Haggerty Steal.,home,16,16,0,0,FALSE,FALSE,0.7492063476360957,0.5,5,4,7.5,136.5,Steven Anderson/A.J. Desai/Bart Lenox,"Memphis, TN",FedExForum,NA,10903,NA,NA,NA,NA,NA,NA,NA,NA,North Texas,Memphis,FALSE
401725522,2025-01-05,Memphis,North Texas,75,1,9:21,1761,1761,PJ Haggerty made Jumper.,home,18,16,2,4,TRUE,FALSE,0.7911904264656635,0.5593751282492502,5,4,7.5,136.5,Steven Anderson/A.J. Desai/Bart Lenox,"Memphis, TN",FedExForum,NA,10903,NA,NA,Memphis,made,PJ Haggerty,NA,FALSE,FALSE,Memphis,North Texas,FALSE
401725522,2025-01-05,Memphis,North Texas,76,1,9:05,1745,1745,Latrell Jossell Turnover.,away,18,16,2,16,FALSE,FALSE,0.7908880466278851,0.5598108414036617,5,4,7.5,136.5,Steven Anderson/A.J. Desai/Bart Lenox,"Memphis, TN",FedExForum,NA,10903,NA,NA,NA,NA,NA,NA,NA,NA,North Texas,Memphis,FALSE
401725522,2025-01-05,Memphis,North Texas,77,1,8:53,1733,1733,PJ Carter missed Three Point Jumper.,home,18,16,2,12,FALSE,FALSE,0.7906603874923567,0.5601414371483754,5,4,7.5,136.5,Steven Anderson/A.J. Desai/Bart Lenox,"Memphis, TN",FedExForum,NA,10903,NA,NA,Memphis,missed,PJ Carter,NA,TRUE,FALSE,Memphis,Memphis,FALSE
401725522,2025-01-05,Memphis,North Texas,78,1,8:50,1730,1730,Dain Dainja Offensive Rebound.,home,18,16,2,3,FALSE,FALSE,0.7906033995028354,0.5602246319229215,5,4,7.5,136.5,Steven Anderson/A.J. Desai/Bart Lenox,"Memphis, TN",FedExForum,NA,10903,NA,NA,NA,NA,NA,NA,NA,NA,Memphis,Memphis,FALSE
401725522,2025-01-05,Memphis,North Texas,79,1,8:50,1730,1730,Foul on Brenen Lorient.,away,18,16,2,0,FALSE,TRUE,0.7906033995028354,0.5602246319229215,5,4,7.5,136.5,Steven Anderson/A.J. Desai/Bart Lenox,"Memphis, TN",FedExForum,NA,10903,NA,NA,NA,NA,NA,NA,NA,NA,Memphis,Memphis,FALSE
401725522,2025-01-05,Memphis,North Texas,80,1,8:50,1730,1730,Dain Dainja made Free Throw.,home,19,16,3,0,TRUE,FALSE,0.8099373690483636,0.5897932240047885,5,4,7.5,136.5,Steven Anderson/A.J. Desai/Bart Lenox,"Memphis, TN",FedExForum,NA,10903,NA,NA,Memphis,made,Dain Dainja,NA,FALSE,TRUE,Memphis,Memphis,FALSE
401725522,2025-01-05,Memphis,North Texas,81,1,8:50,1730,1730,Dain Dainja made Free Throw.,home,20,16,4,0,TRUE,FALSE,0.8278748474514106,0.618726772838221,5,4,7.5,136.5,Steven Anderson/A.J. Desai/Bart Lenox,"Memphis, TN",FedExForum,NA,10903,NA,NA,Memphis,made,Dain Dainja,NA,FALSE,TRUE,Memphis,North Texas,FALSE
401725522,2025-01-05,Memphis,North Texas,82,1,8:34,1714,1714,Atin Wright missed Three Point Jumper.,away,20,16,4,16,FALSE,FALSE,0.827872133763358,0.6195837184831785,5,4,7.5,136.5,Steven Anderson/A.J. Desai/Bart Lenox,"Memphis, TN",FedExForum,NA,10903,NA,NA,North Texas,missed,Atin Wright,NA,TRUE,FALSE,North Texas,North Texas,FALSE
401725522,2025-01-05,Memphis,North Texas,83,1,8:33,1713,1713,North Texas Offensive Rebound.,away,20,16,4,1,FALSE,FALSE,0.8278721071037015,0.6196376959118934,5,4,7.5,136.5,Steven Anderson/A.J. Desai/Bart Lenox,"Memphis, TN",FedExForum,NA,10903,NA,NA,NA,NA,NA,NA,NA,NA,North Texas,North Texas,FALSE
401725522,2025-01-05,Memphis,North Texas,84,1,8:33,1713,1713,Foul on PJ Haggerty.,home,20,16,4,0,FALSE,TRUE,0.8278721071037015,0.6196376959118934,5,4,7.5,136.5,Steven Anderson/A.J. Desai/Bart Lenox,"Memphis, TN",FedExForum,NA,10903,NA,NA,NA,NA,NA,NA,NA,NA,North Texas,North Texas,FALSE
401725522,2025-01-05,Memphis,North Texas,85,1,8:22,1702,1702,Johnathan Massie made Dunk.,away,20,18,2,11,TRUE,FALSE,0.790071278276407,0.5610125927338407,5,4,7.5,136.5,Steven Anderson/A.J. Desai/Bart Lenox,"Memphis, TN",FedExForum,NA,10903,NA,NA,North Texas,made,Johnathan Massie,NA,FALSE,FALSE,North Texas,Memphis,FALSE
401725522,2025-01-05,Memphis,North Texas,86,1,8:07,1687,1687,Dain Dainja made Jumper.,home,22,18,4,15,TRUE,FALSE,0.8278779842387491,0.6210591352927355,5,4,7.5,136.5,Steven Anderson/A.J. Desai/Bart Lenox,"Memphis, TN",FedExForum,NA,10903,NA,NA,Memphis,made,Dain Dainja,NA,FALSE,FALSE,Memphis,North Texas,FALSE
401725522,2025-01-05,Memphis,North Texas,87,1,7:32,1652,1652,Foul on Tyrese Hunter.,home,22,18,4,35,FALSE,TRUE,0.8278240398582388,0.6229354614340314,5,4,7.5,136.5,Steven Anderson/A.J. Desai/Bart Lenox,"Memphis, TN",FedExForum,NA,10903,NA,NA,NA,NA,NA,NA,NA,NA,North Texas,North Texas,FALSE
401725522,2025-01-05,Memphis,North Texas,88,1,7:32,1652,1652, Official TV Timeout,NA,22,18,4,0,FALSE,FALSE,0.8278240398582388,0.6229354614340314,5,3,7.5,136.5,Steven Anderson/A.J. Desai/Bart Lenox,"Memphis, TN",FedExForum,NA,10903,NA,NA,NA,NA,NA,NA,NA,NA,North Texas,North Texas,FALSE
401725522,2025-01-05,Memphis,North Texas,89,1,7:32,1652,1652,Johnathan Massie made Free Throw.,away,22,19,3,0,TRUE,FALSE,0.8091933077846767,0.5930334760711713,5,3,7.5,136.5,Steven Anderson/A.J. Desai/Bart Lenox,"Memphis, TN",FedExForum,NA,10903,NA,NA,North Texas,made,Johnathan Massie,NA,FALSE,TRUE,North Texas,North Texas,FALSE
401725522,2025-01-05,Memphis,North Texas,90,1,7:32,1652,1652,Johnathan Massie made Free Throw.,away,22,20,2,0,TRUE,FALSE,0.7890602882919145,0.5624258875994104,5,3,7.5,136.5,Steven Anderson/A.J. Desai/Bart Lenox,"Memphis, TN",FedExForum,NA,10903,NA,NA,North Texas,made,Johnathan Massie,NA,FALSE,TRUE,North Texas,Memphis,FALSE
401725522,2025-01-05,Memphis,North Texas,91,1,7:23,1643,1643,Dain Dainja Turnover.,home,22,20,2,9,FALSE,FALSE,0.7888582719540418,0.5626722010600693,5,3,7.5,136.5,Steven Anderson/A.J. Desai/Bart Lenox,"Memphis, TN",FedExForum,NA,10903,NA,NA,NA,NA,NA,NA,NA,NA,Memphis,North Texas,FALSE
401725522,2025-01-05,Memphis,North Texas,92,1,7:13,1633,1633,Foul on Grant Newell.,away,22,20,2,10,FALSE,TRUE,0.7886276733916637,0.5629438071582086,5,3,7.5,136.5,Steven Anderson/A.J. Desai/Bart Lenox,"Memphis, TN",FedExForum,NA,10903,NA,NA,NA,NA,NA,NA,NA,NA,North Texas,Memphis,FALSE
401725522,2025-01-05,Memphis,North Texas,93,1,7:13,1633,1633,Grant Newell Turnover.,away,22,20,2,0,FALSE,FALSE,0.7886276733916637,0.5629438071582086,5,3,7.5,136.5,Steven Anderson/A.J. Desai/Bart Lenox,"Memphis, TN",FedExForum,NA,10903,NA,NA,NA,NA,NA,NA,NA,NA,Memphis,Memphis,FALSE
401725522,2025-01-05,Memphis,North Texas,94,1,6:59,1619,1619,Dain Dainja missed Jumper.,home,22,20,2,14,FALSE,FALSE,0.7882952772354472,0.5633213893265225,5,3,7.5,136.5,Steven Anderson/A.J. Desai/Bart Lenox,"Memphis, TN",FedExForum,NA,10903,NA,NA,Memphis,missed,Dain Dainja,NA,FALSE,FALSE,Memphis,North Texas,FALSE
401725522,2025-01-05,Memphis,North Texas,95,1,6:55,1615,1615,Moulaye Sissoko Defensive Rebound.,away,22,20,2,4,FALSE,FALSE,0.7881984943993466,0.5634288810396666,5,3,7.5,136.5,Steven Anderson/A.J. Desai/Bart Lenox,"Memphis, TN",FedExForum,NA,10903,NA,NA,NA,NA,NA,NA,NA,NA,Memphis,North Texas,FALSE
401725522,2025-01-05,Memphis,North Texas,96,1,6:34,1594,1594,Rondel Walker missed Three Point Jumper.,away,22,20,2,21,FALSE,FALSE,0.7876795708114138,0.5639922286023842,5,3,7.5,136.5,Steven Anderson/A.J. Desai/Bart Lenox,"Memphis, TN",FedExForum,NA,10903,NA,NA,North Texas,missed,Rondel Walker,NA,TRUE,FALSE,North Texas,Memphis,FALSE
401725522,2025-01-05,Memphis,North Texas,97,1,6:30,1590,1590,Memphis Defensive Rebound.,home,22,20,2,4,FALSE,FALSE,0.7875790099200778,0.5640996076167397,5,3,7.5,136.5,Steven Anderson/A.J. Desai/Bart Lenox,"Memphis, TN",FedExForum,NA,10903,NA,NA,NA,NA,NA,NA,NA,NA,North Texas,Memphis,FALSE
401725522,2025-01-05,Memphis,North Texas,98,1,6:18,1578,1578,Foul on Dain Dainja.,home,22,20,2,12,FALSE,TRUE,0.7872748673862496,0.5644225298813832,5,3,7.5,136.5,Steven Anderson/A.J. Desai/Bart Lenox,"Memphis, TN",FedExForum,NA,10903,NA,NA,NA,NA,NA,NA,NA,NA,Memphis,North Texas,FALSE
401725522,2025-01-05,Memphis,North Texas,99,1,6:18,1578,1578,Dain Dainja Turnover.,home,22,20,2,0,FALSE,FALSE,0.7872748673862496,0.5644225298813832,5,3,7.5,136.5,Steven Anderson/A.J. Desai/Bart Lenox,"Memphis, TN",FedExForum,NA,10903,NA,NA,NA,NA,NA,NA,NA,NA,Memphis,North Texas,FALSE
401725522,2025-01-05,Memphis,North Texas,100,1,5:54,1554,1554,Latrell Jossell missed Three Point Jumper.,away,22,20,2,24,FALSE,FALSE,0.7866596173194482,0.5650750272918781,5,3,7.5,136.5,Steven Anderson/A.J. Desai/Bart Lenox,"Memphis, TN",FedExForum,NA,10903,NA,NA,North Texas,missed,Latrell Jossell,NA,TRUE,FALSE,North Texas,Memphis,FALSE
401725522,2025-01-05,Memphis,North Texas,101,1,5:51,1551,1551,Nicholas Jourdain Defensive Rebound.,home,22,20,2,3,FALSE,FALSE,0.7865824346676246,0.5651574981270214,5,3,7.5,136.5,Steven Anderson/A.J. Desai/Bart Lenox,"Memphis, TN",FedExForum,NA,10903,NA,NA,NA,NA,NA,NA,NA,NA,North Texas,Memphis,FALSE
401725522,2025-01-05,Memphis,North Texas,102,1,5:37,1537,1537,Foul on Dain Dainja.,home,22,20,2,14,FALSE,TRUE,0.7862226054864314,0.5655459114045981,5,3,7.5,136.5,Steven Anderson/A.J. Desai/Bart Lenox,"Memphis, TN",FedExForum,NA,10903,NA,NA,NA,NA,NA,NA,NA,NA,Memphis,North Texas,FALSE
401725522,2025-01-05,Memphis,North Texas,103,1,5:37,1537,1537,Dain Dainja Turnover.,home,22,20,2,0,FALSE,FALSE,0.7862226054864314,0.5655459114045981,5,3,7.5,136.5,Steven Anderson/A.J. Desai/Bart Lenox,"Memphis, TN",FedExForum,NA,10903,NA,NA,NA,NA,NA,NA,NA,NA,Memphis,North Texas,FALSE
401725522,2025-01-05,Memphis,North Texas,104,1,5:20,1520,1520,Johnathan Massie missed Three Point Jumper.,away,22,20,2,17,FALSE,FALSE,0.7857886163189743,0.5660270289131002,5,3,7.5,136.5,Steven Anderson/A.J. Desai/Bart Lenox,"Memphis, TN",FedExForum,NA,10903,NA,NA,North Texas,missed,Johnathan Massie,NA,TRUE,FALSE,North Texas,Memphis,FALSE
401725522,2025-01-05,Memphis,North Texas,105,1,5:17,1517,1517,Tyrese Hunter Defensive Rebound.,home,22,20,2,3,FALSE,FALSE,0.7857126117749182,0.5661131940856718,5,3,7.5,136.5,Steven Anderson/A.J. Desai/Bart Lenox,"Memphis, TN",FedExForum,NA,10903,NA,NA,NA,NA,NA,NA,NA,NA,North Texas,Memphis,FALSE
401725522,2025-01-05,Memphis,North Texas,106,1,5:13,1513,1513,Foul on Atin Wright.,away,22,20,2,4,FALSE,TRUE,0.7856116252893582,0.5662287303896352,5,3,7.5,136.5,Steven Anderson/A.J. Desai/Bart Lenox,"Memphis, TN",FedExForum,NA,10903,NA,NA,NA,NA,NA,NA,NA,NA,Memphis,Memphis,FALSE
401725522,2025-01-05,Memphis,North Texas,107,1,5:13,1513,1513,Tyrese Hunter made Free Throw.,home,23,20,3,0,TRUE,FALSE,0.8071993208952176,0.5986206545591412,5,3,7.5,136.5,Steven Anderson/A.J. Desai/Bart Lenox,"Memphis, TN",FedExForum,NA,10903,NA,NA,Memphis,made,Tyrese Hunter,NA,FALSE,TRUE,Memphis,Memphis,FALSE
401725522,2025-01-05,Memphis,North Texas,108,1,5:13,1513,1513,Tyrese Hunter missed Free Throw.,home,23,20,3,0,FALSE,FALSE,0.8071993208952176,0.5986206545591412,5,3,7.5,136.5,Steven Anderson/A.J. Desai/Bart Lenox,"Memphis, TN",FedExForum,NA,10903,NA,NA,Memphis,missed,Tyrese Hunter,NA,FALSE,TRUE,Memphis,North Texas,FALSE
401725522,2025-01-05,Memphis,North Texas,109,1,5:12,1512,1512,Johnathan Massie Defensive Rebound.,away,23,20,3,1,FALSE,FALSE,0.8071852447730112,0.5986632137699875,5,3,7.5,136.5,Steven Anderson/A.J. Desai/Bart Lenox,"Memphis, TN",FedExForum,NA,10903,NA,NA,NA,NA,NA,NA,NA,NA,Memphis,North Texas,FALSE
401725522,2025-01-05,Memphis,North Texas,110,1,4:44,1484,1484,Latrell Jossell missed Three Point Jumper.,away,23,20,3,28,FALSE,FALSE,0.806811776744366,0.5998865427559061,5,3,7.5,136.5,Steven Anderson/A.J. Desai/Bart Lenox,"Memphis, TN",FedExForum,NA,10903,NA,NA,North Texas,missed,Latrell Jossell,NA,TRUE,FALSE,North Texas,North Texas,FALSE
401725522,2025-01-05,Memphis,North Texas,111,1,4:43,1483,1483,North Texas Offensive Rebound.,away,23,20,3,1,FALSE,FALSE,0.806799299475472,0.5999314779868573,5,3,7.5,136.5,Steven Anderson/A.J. Desai/Bart Lenox,"Memphis, TN",FedExForum,NA,10903,NA,NA,NA,NA,NA,NA,NA,NA,North Texas,North Texas,FALSE
401725522,2025-01-05,Memphis,North Texas,112,1,4:42,1482,1482,Moulaye Sissoko made Layup. Assisted by Jasper Floyd.,away,23,22,1,1,TRUE,FALSE,0.7611547737903391,0.53372929806661,5,3,7.5,136.5,Steven Anderson/A.J. Desai/Bart Lenox,"Memphis, TN",FedExForum,NA,10903,NA,NA,North Texas,made,Moulaye Sissoko,Jasper Floyd,FALSE,FALSE,North Texas,Memphis,FALSE
401725522,2025-01-05,Memphis,North Texas,113,1,4:28,1468,1468,Colby Rogers Turnover.,home,23,22,1,14,FALSE,FALSE,0.7606370807384395,0.5339507925546603,5,3,7.5,136.5,Steven Anderson/A.J. Desai/Bart Lenox,"Memphis, TN",FedExForum,NA,10903,NA,NA,NA,NA,NA,NA,NA,NA,Memphis,North Texas,FALSE
401725522,2025-01-05,Memphis,North Texas,114,1,4:28,1468,1468,Johnathan Massie Steal.,away,23,22,1,0,FALSE,FALSE,0.7606370807384395,0.5339507925546603,5,3,7.5,136.5,Steven Anderson/A.J. Desai/Bart Lenox,"Memphis, TN",FedExForum,NA,10903,NA,NA,NA,NA,NA,NA,NA,NA,Memphis,North Texas,FALSE
401725522,2025-01-05,Memphis,North Texas,115,1,4:10,1450,1450,Johnathan Massie missed Layup.,away,23,22,1,18,FALSE,FALSE,0.7599822322433027,0.5342463348840679,5,3,7.5,136.5,Steven Anderson/A.J. Desai/Bart Lenox,"Memphis, TN",FedExForum,NA,10903,NA,NA,North Texas,missed,Johnathan Massie,NA,FALSE,FALSE,North Texas,North Texas,FALSE
401725522,2025-01-05,Memphis,North Texas,116,1,4:10,1450,1450,Moussa Cisse Block.,home,23,22,1,0,FALSE,FALSE,0.7599822322433027,0.5342463348840679,5,3,7.5,136.5,Steven Anderson/A.J. Desai/Bart Lenox,"Memphis, TN",FedExForum,NA,10903,NA,NA,NA,NA,NA,NA,NA,NA,North Texas,North Texas,FALSE
401725522,2025-01-05,Memphis,North Texas,117,1,4:06,1446,1446,Johnathan Massie Offensive Rebound.,away,23,22,1,4,FALSE,FALSE,0.7598376453022955,0.5343131521551399,5,3,7.5,136.5,Steven Anderson/A.J. Desai/Bart Lenox,"Memphis, TN",FedExForum,NA,10903,NA,NA,NA,NA,NA,NA,NA,NA,North Texas,North Texas,FALSE
401725522,2025-01-05,Memphis,North Texas,118,1,4:06,1446,1446,Rondel Walker made Three Point Jumper. Assisted by Latrell Jossell.,away,23,25,-2,0,TRUE,FALSE,0.6768610417673677,0.43169538104962535,5,3,7.5,136.5,Steven Anderson/A.J. Desai/Bart Lenox,"Memphis, TN",FedExForum,NA,10903,NA,NA,North Texas,made,Rondel Walker,Latrell Jossell,TRUE,FALSE,North Texas,Memphis,FALSE
401725522,2025-01-05,Memphis,North Texas,119,1,3:55,1435,1435,Colby Rogers made Jumper.,home,25,25,0,11,TRUE,FALSE,0.73329055702465,0.5,5,3,7.5,136.5,Steven Anderson/A.J. Desai/Bart Lenox,"Memphis, TN",FedExForum,NA,10903,NA,NA,Memphis,made,Colby Rogers,NA,FALSE,FALSE,Memphis,North Texas,FALSE
401725522,2025-01-05,Memphis,North Texas,120,1,3:23,1403,1403,Johnathan Massie missed Three Point Jumper.,away,25,25,0,32,FALSE,FALSE,0.7315840641087848,0.5,5,3,7.5,136.5,Steven Anderson/A.J. Desai/Bart Lenox,"Memphis, TN",FedExForum,NA,10903,NA,NA,North Texas,missed,Johnathan Massie,NA,TRUE,FALSE,North Texas,Memphis,FALSE
401725522,2025-01-05,Memphis,North Texas,121,1,3:20,1400,1400,Tyrese Hunter Defensive Rebound.,home,25,25,0,3,FALSE,FALSE,0.731421580294642,0.5,5,3,7.5,136.5,Steven Anderson/A.J. Desai/Bart Lenox,"Memphis, TN",FedExForum,NA,10903,NA,NA,NA,NA,NA,NA,NA,NA,North Texas,Memphis,FALSE
401725522,2025-01-05,Memphis,North Texas,122,1,3:16,1396,1396,Colby Rogers missed Three Point Jumper.,home,25,25,0,4,FALSE,FALSE,0.7312043186102726,0.5,5,3,7.5,136.5,Steven Anderson/A.J. Desai/Bart Lenox,"Memphis, TN",FedExForum,NA,10903,NA,NA,Memphis,missed,Colby Rogers,NA,TRUE,FALSE,Memphis,Memphis,FALSE
401725522,2025-01-05,Memphis,North Texas,123,1,3:13,1393,1393,PJ Haggerty Offensive Rebound.,home,25,25,0,3,FALSE,FALSE,0.7310409195833559,0.5,5,3,7.5,136.5,Steven Anderson/A.J. Desai/Bart Lenox,"Memphis, TN",FedExForum,NA,10903,NA,NA,NA,NA,NA,NA,NA,NA,Memphis,North Texas,FALSE
401725522,2025-01-05,Memphis,North Texas,124,1,3:13,1393,1393,PJ Haggerty made Layup.,home,27,25,2,0,TRUE,FALSE,0.7827233550504336,0.5699623961311504,5,3,7.5,136.5,Steven Anderson/A.J. Desai/Bart Lenox,"Memphis, TN",FedExForum,NA,10903,NA,NA,Memphis,made,PJ Haggerty,NA,FALSE,FALSE,Memphis,North Texas,FALSE
401725522,2025-01-05,Memphis,North Texas,125,1,3:13,1393,1393,Foul on Latrell Jossell.,away,27,25,2,0,FALSE,TRUE,0.7827233550504336,0.5699623961311504,5,3,7.5,136.5,Steven Anderson/A.J. Desai/Bart Lenox,"Memphis, TN",FedExForum,NA,10903,NA,NA,NA,NA,NA,NA,NA,NA,Memphis,North Texas,FALSE
401725522,2025-01-05,Memphis,North Texas,126,1,3:13,1393,1393, Official TV Timeout,NA,27,25,2,0,FALSE,FALSE,0.7827233550504336,0.5699623961311504,5,2,7.5,136.5,Steven Anderson/A.J. Desai/Bart Lenox,"Memphis, TN",FedExForum,NA,10903,NA,NA,NA,NA,NA,NA,NA,NA,Memphis,North Texas,FALSE
401725522,2025-01-05,Memphis,North Texas,127,1,3:13,1393,1393,PJ Haggerty made Free Throw.,home,28,25,3,0,TRUE,FALSE,0.8057232734164408,0.6040924672469009,5,2,7.5,136.5,Steven Anderson/A.J. Desai/Bart Lenox,"Memphis, TN",FedExForum,NA,10903,NA,NA,Memphis,made,PJ Haggerty,NA,FALSE,TRUE,Memphis,North Texas,FALSE
401725522,2025-01-05,Memphis,North Texas,128,1,3:01,1381,1381,Foul on Moussa Cisse.,home,28,25,3,12,FALSE,TRUE,0.8055464306216327,0.6046211763251478,5,2,7.5,136.5,Steven Anderson/A.J. Desai/Bart Lenox,"Memphis, TN",FedExForum,NA,10903,NA,NA,NA,NA,NA,NA,NA,NA,North Texas,North Texas,FALSE
401725522,2025-01-05,Memphis,North Texas,129,1,3:01,1381,1381,Rondel Walker made Free Throw.,away,28,26,2,0,TRUE,FALSE,0.782405772164947,0.570323669724665,5,2,7.5,136.5,Steven Anderson/A.J. Desai/Bart Lenox,"Memphis, TN",FedExForum,NA,10903,NA,NA,North Texas,made,Rondel Walker,NA,FALSE,TRUE,North Texas,North Texas,FALSE
401725522,2025-01-05,Memphis,North Texas,130,1,3:01,1381,1381,Rondel Walker made Free Throw.,away,28,27,1,0,TRUE,FALSE,0.7573408421671957,0.5353374663325001,5,2,7.5,136.5,Steven Anderson/A.J. Desai/Bart Lenox,"Memphis, TN",FedExForum,NA,10903,NA,NA,North Texas,made,Rondel Walker,NA,FALSE,TRUE,North Texas,Memphis,FALSE
401725522,2025-01-05,Memphis,North Texas,131,1,2:51,1371,1371,Tyrese Hunter made Three Point Jumper.,home,31,27,4,10,TRUE,FALSE,0.8267201485329586,0.6384839882353764,5,2,7.5,136.5,Steven Anderson/A.J. Desai/Bart Lenox,"Memphis, TN",FedExForum,NA,10903,NA,NA,Memphis,made,Tyrese Hunter,NA,TRUE,FALSE,Memphis,North Texas,FALSE
401725522,2025-01-05,Memphis,North Texas,132,1,2:09,1329,1329,Grant Newell made Jumper. Assisted by Jasper Floyd.,away,31,29,2,42,TRUE,FALSE,0.7809878102874374,0.5718917850613408,5,2,7.5,136.5,Steven Anderson/A.J. Desai/Bart Lenox,"Memphis, TN",FedExForum,NA,10903,NA,NA,North Texas,made,Grant Newell,Jasper Floyd,FALSE,FALSE,North Texas,Memphis,FALSE
401725522,2025-01-05,Memphis,North Texas,133,1,1:48,1308,1308,PJ Haggerty made Jumper.,home,33,29,4,21,TRUE,FALSE,0.8264025785644679,0.6421027400637767,5,2,7.5,136.5,Steven Anderson/A.J. Desai/Bart Lenox,"Memphis, TN",FedExForum,NA,10903,NA,NA,Memphis,made,PJ Haggerty,NA,FALSE,FALSE,Memphis,North Texas,FALSE
401725522,2025-01-05,Memphis,North Texas,134,1,1:10,1270,1270,North Texas  Turnover.,away,33,29,4,38,FALSE,FALSE,0.8263086495491716,0.6444628738677483,5,2,7.5,136.5,Steven Anderson/A.J. Desai/Bart Lenox,"Memphis, TN",FedExForum,NA,10903,NA,NA,NA,NA,NA,NA,NA,NA,North Texas,Memphis,FALSE
401725522,2025-01-05,Memphis,North Texas,135,1,0:44,1244,1244,Tyrese Hunter missed Three Point Jumper.,home,33,29,4,26,FALSE,FALSE,0.8263340297065345,0.6462171611771076,5,2,7.5,136.5,Steven Anderson/A.J. Desai/Bart Lenox,"Memphis, TN",FedExForum,NA,10903,NA,NA,Memphis,missed,Tyrese Hunter,NA,TRUE,FALSE,Memphis,North Texas,FALSE
401725522,2025-01-05,Memphis,North Texas,136,1,0:41,1241,1241,Rondel Walker Defensive Rebound.,away,33,29,4,3,FALSE,FALSE,0.8263429483466056,0.6464285741138136,5,2,7.5,136.5,Steven Anderson/A.J. Desai/Bart Lenox,"Memphis, TN",FedExForum,NA,10903,NA,NA,NA,NA,NA,NA,NA,NA,Memphis,North Texas,FALSE
401725522,2025-01-05,Memphis,North Texas,137,1,0:34,1234,1234,North Texas  Timeout,away,33,29,4,7,FALSE,FALSE,0.8263691396424492,0.6469298387857291,5,1,7.5,136.5,Steven Anderson/A.J. Desai/Bart Lenox,"Memphis, TN",FedExForum,NA,10903,NA,NA,NA,NA,NA,NA,NA,NA,North Texas,North Texas,FALSE
401725522,2025-01-05,Memphis,North Texas,138,1,0:20,1220,1220,Moulaye Sissoko made Layup. Assisted by Jasper Floyd.,away,33,31,2,14,TRUE,FALSE,0.7782650339442042,0.5756788411526025,5,1,7.5,136.5,Steven Anderson/A.J. Desai/Bart Lenox,"Memphis, TN",FedExForum,NA,10903,NA,NA,North Texas,made,Moulaye Sissoko,Jasper Floyd,FALSE,FALSE,North Texas,Memphis,FALSE
401725522,2025-01-05,Memphis,North Texas,139,1,0:20,1220,1220,Foul on Nicholas Jourdain.,home,33,31,2,0,FALSE,TRUE,0.7782650339442042,0.5756788411526025,5,1,7.5,136.5,Steven Anderson/A.J. Desai/Bart Lenox,"Memphis, TN",FedExForum,NA,10903,NA,NA,NA,NA,NA,NA,NA,NA,North Texas,North Texas,FALSE
401725522,2025-01-05,Memphis,North Texas,140,1,0:20,1220,1220,Moulaye Sissoko made Free Throw.,away,33,32,1,0,TRUE,FALSE,0.7508320164387539,0.5380586563247942,5,1,7.5,136.5,Steven Anderson/A.J. Desai/Bart Lenox,"Memphis, TN",FedExForum,NA,10903,NA,NA,North Texas,made,Moulaye Sissoko,NA,FALSE,TRUE,North Texas,Memphis,FALSE
401725522,2025-01-05,Memphis,North Texas,141,1,0:00,1200,1200,Tyrese Hunter missed Layup.,home,33,32,1,20,FALSE,FALSE,0.7500822527604498,0.5384812553577751,5,1,7.5,136.5,Steven Anderson/A.J. Desai/Bart Lenox,"Memphis, TN",FedExForum,NA,10903,NA,NA,Memphis,missed,Tyrese Hunter,NA,FALSE,FALSE,Memphis,Memphis,FALSE
401725522,2025-01-05,Memphis,North Texas,142,1,0:00,1200,1200,Memphis Offensive Rebound.,home,33,32,1,0,FALSE,FALSE,0.7500822527604498,0.5384812553577751,5,1,7.5,136.5,Steven Anderson/A.J. Desai/Bart Lenox,"Memphis, TN",FedExForum,NA,10903,NA,NA,NA,NA,NA,NA,NA,NA,Memphis,Memphis,FALSE
401725522,2025-01-05,Memphis,North Texas,143,1,0:00,1200,1200,End of 1st half,NA,33,32,1,0,FALSE,FALSE,0.7500822527604498,0.5384812553577751,5,1,7.5,136.5,Steven Anderson/A.J. Desai/Bart Lenox,"Memphis, TN",FedExForum,NA,10903,NA,NA,NA,NA,NA,NA,NA,NA,Memphis,NA,FALSE
401725522,2025-01-05,Memphis,North Texas,144,2,20:00,1200,1200,Moulaye Sissoko made Layup. Assisted by Rondel Walker.,away,33,34,-1,0,TRUE,FALSE,0.6879582122131772,0.46151874464222487,5,1,7.5,136.5,Steven Anderson/A.J. Desai/Bart Lenox,"Memphis, TN",FedExForum,NA,10903,NA,NA,North Texas,made,Moulaye Sissoko,Rondel Walker,FALSE,FALSE,Memphis,Memphis,FALSE
401725522,2025-01-05,Memphis,North Texas,145,2,19:20,1160,1160,Tyrese Hunter missed Layup.,home,33,34,-1,40,FALSE,FALSE,0.6848313763873539,0.4607056272968465,5,1,7.5,136.5,Steven Anderson/A.J. Desai/Bart Lenox,"Memphis, TN",FedExForum,NA,10903,NA,NA,Memphis,missed,Tyrese Hunter,NA,FALSE,FALSE,Memphis,North Texas,FALSE
401725522,2025-01-05,Memphis,North Texas,146,2,19:17,1157,1157,Grant Newell Defensive Rebound.,away,33,34,-1,3,FALSE,FALSE,0.6845987757080699,0.4606461321385428,5,1,7.5,136.5,Steven Anderson/A.J. Desai/Bart Lenox,"Memphis, TN",FedExForum,NA,10903,NA,NA,NA,NA,NA,NA,NA,NA,Memphis,North Texas,FALSE
401725522,2025-01-05,Memphis,North Texas,147,2,19:15,1155,1155,Atin Wright missed Layup.,away,33,34,-1,2,FALSE,FALSE,0.6844437815416637,0.4606065331705838,5,1,7.5,136.5,Steven Anderson/A.J. Desai/Bart Lenox,"Memphis, TN",FedExForum,NA,10903,NA,NA,North Texas,missed,Atin Wright,NA,FALSE,FALSE,North Texas,Memphis,FALSE
401725522,2025-01-05,Memphis,North Texas,148,2,19:15,1155,1155,Colby Rogers Block.,home,33,34,-1,0,FALSE,FALSE,0.6844437815416637,0.4606065331705838,5,1,7.5,136.5,Steven Anderson/A.J. Desai/Bart Lenox,"Memphis, TN",FedExForum,NA,10903,NA,NA,NA,NA,NA,NA,NA,NA,North Texas,Memphis,FALSE
401725522,2025-01-05,Memphis,North Texas,149,2,19:11,1151,1151,Tyrese Hunter Defensive Rebound.,home,33,34,-1,4,FALSE,FALSE,0.6841339319242575,0.46052746552706136,5,1,7.5,136.5,Steven Anderson/A.J. Desai/Bart Lenox,"Memphis, TN",FedExForum,NA,10903,NA,NA,NA,NA,NA,NA,NA,NA,North Texas,Memphis,FALSE
401725522,2025-01-05,Memphis,North Texas,150,2,18:55,1135,1135,Dain Dainja Turnover.,home,33,34,-1,16,FALSE,FALSE,0.6828951935399432,0.4602121358183176,5,1,7.5,136.5,Steven Anderson/A.J. Desai/Bart Lenox,"Memphis, TN",FedExForum,NA,10903,NA,NA,NA,NA,NA,NA,NA,NA,Memphis,North Texas,FALSE
401725522,2025-01-05,Memphis,North Texas,151,2,18:38,1118,1118,Foul on PJ Haggerty.,home,33,34,-1,17,FALSE,TRUE,0.6815766659979262,0.45987639999485147,5,1,7.5,136.5,Steven Anderson/A.J. Desai/Bart Lenox,"Memphis, TN",FedExForum,NA,10903,NA,NA,NA,NA,NA,NA,NA,NA,North Texas,North Texas,FALSE
401725522,2025-01-05,Memphis,North Texas,152,2,18:24,1104,1104,Moulaye Sissoko made Layup.,away,33,36,-3,14,TRUE,FALSE,0.6063688377891973,0.38086116484466737,5,1,7.5,136.5,Steven Anderson/A.J. Desai/Bart Lenox,"Memphis, TN",FedExForum,NA,10903,NA,NA,North Texas,made,Moulaye Sissoko,NA,FALSE,FALSE,North Texas,Memphis,FALSE
401725522,2025-01-05,Memphis,North Texas,153,2,18:12,1092,1092,Tyrese Hunter missed Three Point Jumper.,home,33,36,-3,12,FALSE,FALSE,0.6048681120239765,0.38016927399950007,5,1,7.5,136.5,Steven Anderson/A.J. Desai/Bart Lenox,"Memphis, TN",FedExForum,NA,10903,NA,NA,Memphis,missed,Tyrese Hunter,NA,TRUE,FALSE,Memphis,North Texas,FALSE
401725522,2025-01-05,Memphis,North Texas,154,2,18:09,1089,1089,Rondel Walker Defensive Rebound.,away,33,36,-3,3,FALSE,FALSE,0.6044903733382987,0.37999448677799047,5,1,7.5,136.5,Steven Anderson/A.J. Desai/Bart Lenox,"Memphis, TN",FedExForum,NA,10903,NA,NA,NA,NA,NA,NA,NA,NA,Memphis,North Texas,FALSE
401725522,2025-01-05,Memphis,North Texas,155,2,17:54,1074,1074,Jasper Floyd made Jumper.,away,33,38,-5,15,TRUE,FALSE,0.521822648830559,0.3052898157256006,5,1,7.5,136.5,Steven Anderson/A.J. Desai/Bart Lenox,"Memphis, TN",FedExForum,NA,10903,NA,NA,North Texas,made,Jasper Floyd,NA,FALSE,FALSE,North Texas,Memphis,FALSE
401725522,2025-01-05,Memphis,North Texas,156,2,17:48,1068,1068,Memphis  Timeout,home,33,38,-5,6,FALSE,FALSE,0.520761468836383,0.304746053198038,4,1,7.5,136.5,Steven Anderson/A.J. Desai/Bart Lenox,"Memphis, TN",FedExForum,NA,10903,NA,NA,NA,NA,NA,NA,NA,NA,Memphis,Memphis,FALSE
401725522,2025-01-05,Memphis,North Texas,157,2,17:48,1068,1068, Official TV Timeout,NA,33,38,-5,0,FALSE,FALSE,0.520761468836383,0.304746053198038,4,0,7.5,136.5,Steven Anderson/A.J. Desai/Bart Lenox,"Memphis, TN",FedExForum,NA,10903,NA,NA,NA,NA,NA,NA,NA,NA,Memphis,Memphis,FALSE
401725522,2025-01-05,Memphis,North Texas,158,2,17:38,1058,1058,PJ Haggerty made Jumper.,home,35,38,-3,10,TRUE,FALSE,0.6005072658628496,0.37813041472870296,4,0,7.5,136.5,Steven Anderson/A.J. Desai/Bart Lenox,"Memphis, TN",FedExForum,NA,10903,NA,NA,Memphis,made,PJ Haggerty,NA,FALSE,FALSE,Memphis,North Texas,FALSE
401725522,2025-01-05,Memphis,North Texas,159,2,17:04,1024,1024,Rondel Walker missed Layup.,away,35,38,-3,34,FALSE,FALSE,0.5959091333865856,0.3759168913516257,4,0,7.5,136.5,Steven Anderson/A.J. Desai/Bart Lenox,"Memphis, TN",FedExForum,NA,10903,NA,NA,North Texas,missed,Rondel Walker,NA,FALSE,FALSE,North Texas,North Texas,FALSE
401725522,2025-01-05,Memphis,North Texas,160,2,17:04,1024,1024,Rondel Walker Offensive Rebound.,away,35,38,-3,0,FALSE,FALSE,0.5959091333865856,0.3759168913516257,4,0,7.5,136.5,Steven Anderson/A.J. Desai/Bart Lenox,"Memphis, TN",FedExForum,NA,10903,NA,NA,NA,NA,NA,NA,NA,NA,North Texas,North Texas,FALSE
401725522,2025-01-05,Memphis,North Texas,161,2,17:04,1024,1024,Rondel Walker missed Jumper.,away,35,38,-3,0,FALSE,FALSE,0.5959091333865856,0.3759168913516257,4,0,7.5,136.5,Steven Anderson/A.J. Desai/Bart Lenox,"Memphis, TN",FedExForum,NA,10903,NA,NA,North Texas,missed,Rondel Walker,NA,FALSE,FALSE,North Texas,Memphis,FALSE
401725522,2025-01-05,Memphis,North Texas,162,2,17:04,1024,1024,Memphis Defensive Rebound.,home,35,38,-3,0,FALSE,FALSE,0.5959091333865856,0.3759168913516257,4,0,7.5,136.5,Steven Anderson/A.J. Desai/Bart Lenox,"Memphis, TN",FedExForum,NA,10903,NA,NA,NA,NA,NA,NA,NA,NA,North Texas,Memphis,FALSE
401725522,2025-01-05,Memphis,North Texas,163,2,16:52,1012,1012,Tyrese Hunter made Layup. Assisted by Baraka Okojie.,home,37,38,-1,12,TRUE,FALSE,0.6729866792569515,0.4575620095765141,4,0,7.5,136.5,Steven Anderson/A.J. Desai/Bart Lenox,"Memphis, TN",FedExForum,NA,10903,NA,NA,Memphis,made,Tyrese Hunter,Baraka Okojie,FALSE,FALSE,Memphis,North Texas,FALSE
401725522,2025-01-05,Memphis,North Texas,164,2,16:37,997,997,Foul on Tyrese Hunter.,home,37,38,-1,15,FALSE,TRUE,0.671675602604297,0.4571754748742798,4,0,7.5,136.5,Steven Anderson/A.J. Desai/Bart Lenox,"Memphis, TN",FedExForum,NA,10903,NA,NA,NA,NA,NA,NA,NA,NA,North Texas,North Texas,FALSE
401725522,2025-01-05,Memphis,North Texas,165,2,16:19,979,979,Latrell Jossell missed Three Point Jumper.,away,37,38,-1,18,FALSE,FALSE,0.670056178306084,0.45668301233221537,4,0,7.5,136.5,Steven Anderson/A.J. Desai/Bart Lenox,"Memphis, TN",FedExForum,NA,10903,NA,NA,North Texas,missed,Latrell Jossell,NA,TRUE,FALSE,North Texas,North Texas,FALSE
401725522,2025-01-05,Memphis,North Texas,166,2,16:16,976,976,Moulaye Sissoko Offensive Rebound.,away,37,38,-1,3,FALSE,FALSE,0.6697809648567382,0.4565976445861564,4,0,7.5,136.5,Steven Anderson/A.J. Desai/Bart Lenox,"Memphis, TN",FedExForum,NA,10903,NA,NA,NA,NA,NA,NA,NA,NA,North Texas,North Texas,FALSE
401725522,2025-01-05,Memphis,North Texas,167,2,16:14,974,974,Moulaye Sissoko missed Layup.,away,37,38,-1,2,FALSE,FALSE,0.6695966039843144,0.45654018457333656,4,0,7.5,136.5,Steven Anderson/A.J. Desai/Bart Lenox,"Memphis, TN",FedExForum,NA,10903,NA,NA,North Texas,missed,Moulaye Sissoko,NA,FALSE,FALSE,North Texas,North Texas,FALSE
401725522,2025-01-05,Memphis,North Texas,168,2,16:14,974,974,Dain Dainja Block.,home,37,38,-1,0,FALSE,FALSE,0.6695966039843144,0.45654018457333656,4,0,7.5,136.5,Steven Anderson/A.J. Desai/Bart Lenox,"Memphis, TN",FedExForum,NA,10903,NA,NA,NA,NA,NA,NA,NA,NA,North Texas,North Texas,FALSE
401725522,2025-01-05,Memphis,North Texas,169,2,16:11,971,971,Moulaye Sissoko Offensive Rebound.,away,37,38,-1,3,FALSE,FALSE,0.6693187125695107,0.4564531587965412,4,0,7.5,136.5,Steven Anderson/A.J. Desai/Bart Lenox,"Memphis, TN",FedExForum,NA,10903,NA,NA,NA,NA,NA,NA,NA,NA,North Texas,North Texas,FALSE
401725522,2025-01-05,Memphis,North Texas,170,2,16:10,970,970,Moulaye Sissoko made Jumper.,away,37,40,-3,1,TRUE,FALSE,0.587875551832244,0.3718606385031314,4,0,7.5,136.5,Steven Anderson/A.J. Desai/Bart Lenox,"Memphis, TN",FedExForum,NA,10903,NA,NA,North Texas,made,Moulaye Sissoko,NA,FALSE,FALSE,North Texas,Memphis,FALSE
401725522,2025-01-05,Memphis,North Texas,171,2,15:58,958,958,Dain Dainja made Jumper.,home,39,40,-1,12,TRUE,FALSE,0.6681350064854613,0.4560844700855338,4,0,7.5,136.5,Steven Anderson/A.J. Desai/Bart Lenox,"Memphis, TN",FedExForum,NA,10903,NA,NA,Memphis,made,Dain Dainja,NA,FALSE,FALSE,Memphis,North Texas,FALSE
401725522,2025-01-05,Memphis,North Texas,172,2,15:47,947,947, Official TV Timeout,NA,39,40,-1,11,FALSE,FALSE,0.6671775683324944,0.45579251511888474,4,-1,7.5,136.5,Steven Anderson/A.J. Desai/Bart Lenox,"Memphis, TN",FedExForum,NA,10903,NA,NA,NA,NA,NA,NA,NA,NA,North Texas,North Texas,FALSE
401725522,2025-01-05,Memphis,North Texas,173,2,15:33,933,933,Atin Wright missed Three Point Jumper.,away,39,40,-1,14,FALSE,FALSE,0.6660089455749089,0.45544320383915066,4,-1,7.5,136.5,Steven Anderson/A.J. Desai/Bart Lenox,"Memphis, TN",FedExForum,NA,10903,NA,NA,North Texas,missed,Atin Wright,NA,TRUE,FALSE,North Texas,North Texas,FALSE
401725522,2025-01-05,Memphis,North Texas,174,2,15:30,930,930,Moulaye Sissoko Offensive Rebound.,away,39,40,-1,3,FALSE,FALSE,0.6657648376273353,0.455371121131751,4,-1,7.5,136.5,Steven Anderson/A.J. Desai/Bart Lenox,"Memphis, TN",FedExForum,NA,10903,NA,NA,NA,NA,NA,NA,NA,NA,North Texas,North Texas,FALSE
401725522,2025-01-05,Memphis,North Texas,175,2,15:30,930,930,Foul on Dain Dainja.,home,39,40,-1,0,FALSE,TRUE,0.6657648376273353,0.455371121131751,4,-1,7.5,136.5,Steven Anderson/A.J. Desai/Bart Lenox,"Memphis, TN",FedExForum,NA,10903,NA,NA,NA,NA,NA,NA,NA,NA,North Texas,North Texas,FALSE
401725522,2025-01-05,Memphis,North Texas,176,2,15:30,930,930,Moulaye Sissoko missed Free Throw.,away,39,40,-1,0,FALSE,FALSE,0.6657648376273353,0.455371121131751,4,-1,7.5,136.5,Steven Anderson/A.J. Desai/Bart Lenox,"Memphis, TN",FedExForum,NA,10903,NA,NA,North Texas,missed,Moulaye Sissoko,NA,FALSE,TRUE,North Texas,North Texas,FALSE
401725522,2025-01-05,Memphis,North Texas,177,2,15:30,930,930,North Texas Offensive Rebound.,away,39,40,-1,0,FALSE,FALSE,0.6657648376273353,0.455371121131751,4,-1,7.5,136.5,Steven Anderson/A.J. Desai/Bart Lenox,"Memphis, TN",FedExForum,NA,10903,NA,NA,NA,NA,NA,NA,NA,NA,North Texas,North Texas,FALSE
401725522,2025-01-05,Memphis,North Texas,178,2,15:30,930,930,Moulaye Sissoko made Free Throw.,away,39,41,-2,0,TRUE,FALSE,0.6248298738854748,0.4114477335053901,4,-1,7.5,136.5,Steven Anderson/A.J. Desai/Bart Lenox,"Memphis, TN",FedExForum,NA,10903,NA,NA,North Texas,made,Moulaye Sissoko,NA,FALSE,TRUE,North Texas,Memphis,FALSE
401725522,2025-01-05,Memphis,North Texas,179,2,15:10,910,910,Dain Dainja made Jumper.,home,41,41,0,20,TRUE,FALSE,0.7032541224794225,0.5,4,-1,7.5,136.5,Steven Anderson/A.J. Desai/Bart Lenox,"Memphis, TN",FedExForum,NA,10903,NA,NA,Memphis,made,Dain Dainja,NA,FALSE,FALSE,Memphis,North Texas,FALSE
401725522,2025-01-05,Memphis,North Texas,180,2,14:42,882,882,Johnathan Massie missed Jumper.,away,41,41,0,28,FALSE,FALSE,0.7017778772870684,0.5,4,-1,7.5,136.5,Steven Anderson/A.J. Desai/Bart Lenox,"Memphis, TN",FedExForum,NA,10903,NA,NA,North Texas,missed,Johnathan Massie,NA,FALSE,FALSE,North Texas,Memphis,FALSE
401725522,2025-01-05,Memphis,North Texas,181,2,14:39,879,879,Tyrese Hunter Defensive Rebound.,home,41,41,0,3,FALSE,FALSE,0.7016216566732218,0.5,4,-1,7.5,136.5,Steven Anderson/A.J. Desai/Bart Lenox,"Memphis, TN",FedExForum,NA,10903,NA,NA,NA,NA,NA,NA,NA,NA,North Texas,Memphis,FALSE
401725522,2025-01-05,Memphis,North Texas,182,2,14:36,876,876,Foul on Latrell Jossell.,away,41,41,0,3,FALSE,TRUE,0.7014655859878552,0.5,4,-1,7.5,136.5,Steven Anderson/A.J. Desai/Bart Lenox,"Memphis, TN",FedExForum,NA,10903,NA,NA,NA,NA,NA,NA,NA,NA,Memphis,Memphis,FALSE
401725522,2025-01-05,Memphis,North Texas,183,2,14:36,876,876,Tyrese Hunter made Free Throw.,home,42,41,1,0,TRUE,FALSE,0.7384890408670547,0.5458318472347176,4,-1,7.5,136.5,Steven Anderson/A.J. Desai/Bart Lenox,"Memphis, TN",FedExForum,NA,10903,NA,NA,Memphis,made,Tyrese Hunter,NA,FALSE,TRUE,Memphis,Memphis,FALSE
401725522,2025-01-05,Memphis,North Texas,184,2,14:36,876,876,Tyrese Hunter made Free Throw.,home,43,41,2,0,TRUE,FALSE,0.7724106652724875,0.5908999320710538,4,-1,7.5,136.5,Steven Anderson/A.J. Desai/Bart Lenox,"Memphis, TN",FedExForum,NA,10903,NA,NA,Memphis,made,Tyrese Hunter,NA,FALSE,TRUE,Memphis,North Texas,FALSE
401725522,2025-01-05,Memphis,North Texas,185,2,14:29,869,869,Jasper Floyd Turnover.,away,43,41,2,7,FALSE,FALSE,0.7723207094974724,0.5911961659823388,4,-1,7.5,136.5,Steven Anderson/A.J. Desai/Bart Lenox,"Memphis, TN",FedExForum,NA,10903,NA,NA,NA,NA,NA,NA,NA,NA,North Texas,Memphis,FALSE
401725522,2025-01-05,Memphis,North Texas,186,2,14:29,869,869,Tyrese Hunter Steal.,home,43,41,2,0,FALSE,FALSE,0.7723207094974724,0.5911961659823388,4,-1,7.5,136.5,Steven Anderson/A.J. Desai/Bart Lenox,"Memphis, TN",FedExForum,NA,10903,NA,NA,NA,NA,NA,NA,NA,NA,North Texas,Memphis,FALSE
401725522,2025-01-05,Memphis,North Texas,187,2,14:26,866,866,Tyrese Hunter made Dunk.,home,45,41,4,3,TRUE,FALSE,0.8307126300572404,0.6767511526246749,4,-1,7.5,136.5,Steven Anderson/A.J. Desai/Bart Lenox,"Memphis, TN",FedExForum,NA,10903,NA,NA,Memphis,made,Tyrese Hunter,NA,FALSE,FALSE,Memphis,North Texas,FALSE
401725522,2025-01-05,Memphis,North Texas,188,2,14:25,865,865,North Texas  Timeout,away,45,41,4,1,FALSE,FALSE,0.8307273834993758,0.6768283882899652,4,-2,7.5,136.5,Steven Anderson/A.J. Desai/Bart Lenox,"Memphis, TN",FedExForum,NA,10903,NA,NA,NA,NA,NA,NA,NA,NA,North Texas,Memphis,FALSE
401725522,2025-01-05,Memphis,North Texas,189,2,14:22,862,862,Jasper Floyd Turnover.,away,45,41,4,3,FALSE,FALSE,0.8307720795481055,0.6770607935781168,4,-2,7.5,136.5,Steven Anderson/A.J. Desai/Bart Lenox,"Memphis, TN",FedExForum,NA,10903,NA,NA,NA,NA,NA,NA,NA,NA,Memphis,Memphis,FALSE
401725522,2025-01-05,Memphis,North Texas,190,2,14:04,844,844,Foul on Jasper Floyd.,away,45,41,4,18,FALSE,TRUE,0.8310581290699931,0.6784868676638396,4,-2,7.5,136.5,Steven Anderson/A.J. Desai/Bart Lenox,"Memphis, TN",FedExForum,NA,10903,NA,NA,NA,NA,NA,NA,NA,NA,Memphis,Memphis,FALSE
401725522,2025-01-05,Memphis,North Texas,191,2,13:54,834,834,Tyrese Hunter missed Three Point Jumper.,home,45,41,4,10,FALSE,FALSE,0.8312346022883347,0.6793125936294163,4,-2,7.5,136.5,Steven Anderson/A.J. Desai/Bart Lenox,"Memphis, TN",FedExForum,NA,10903,NA,NA,Memphis,missed,Tyrese Hunter,NA,TRUE,FALSE,Memphis,North Texas,FALSE
401725522,2025-01-05,Memphis,North Texas,192,2,13:49,829,829,Atin Wright Defensive Rebound.,away,45,41,4,5,FALSE,FALSE,0.8313287683192526,0.6797372628751805,4,-2,7.5,136.5,Steven Anderson/A.J. Desai/Bart Lenox,"Memphis, TN",FedExForum,NA,10903,NA,NA,NA,NA,NA,NA,NA,NA,Memphis,North Texas,FALSE
401725522,2025-01-05,Memphis,North Texas,193,2,13:42,822,822,Atin Wright missed Three Point Jumper.,away,45,41,4,7,FALSE,FALSE,0.8314681535260972,0.6803471321945894,4,-2,7.5,136.5,Steven Anderson/A.J. Desai/Bart Lenox,"Memphis, TN",FedExForum,NA,10903,NA,NA,North Texas,missed,Atin Wright,NA,TRUE,FALSE,North Texas,Memphis,FALSE
401725522,2025-01-05,Memphis,North Texas,194,2,13:39,819,819,Nicholas Jourdain Defensive Rebound.,home,45,41,4,3,FALSE,FALSE,0.8315308087707999,0.6806144920323285,4,-2,7.5,136.5,Steven Anderson/A.J. Desai/Bart Lenox,"Memphis, TN",FedExForum,NA,10903,NA,NA,NA,NA,NA,NA,NA,NA,North Texas,Memphis,FALSE
401725522,2025-01-05,Memphis,North Texas,195,2,13:29,809,809,Tyrese Hunter Turnover.,home,45,41,4,10,FALSE,FALSE,0.8317535814336733,0.6815345774631552,4,-2,7.5,136.5,Steven Anderson/A.J. Desai/Bart Lenox,"Memphis, TN",FedExForum,NA,10903,NA,NA,NA,NA,NA,NA,NA,NA,Memphis,North Texas,FALSE
401725522,2025-01-05,Memphis,North Texas,196,2,13:06,786,786,Brenen Lorient made Layup.,away,45,43,2,23,TRUE,FALSE,0.7714803479669146,0.5952618396492348,4,-2,7.5,136.5,Steven Anderson/A.J. Desai/Bart Lenox,"Memphis, TN",FedExForum,NA,10903,NA,NA,North Texas,made,Brenen Lorient,NA,FALSE,FALSE,North Texas,Memphis,FALSE
401725522,2025-01-05,Memphis,North Texas,197,2,12:42,762,762,PJ Haggerty made Three Point Jumper. Assisted by Tyrese Hunter.,home,48,43,5,24,TRUE,FALSE,0.8586758374817115,0.7272140505382853,4,-2,7.5,136.5,Steven Anderson/A.J. Desai/Bart Lenox,"Memphis, TN",FedExForum,NA,10903,NA,NA,Memphis,made,PJ Haggerty,Tyrese Hunter,TRUE,FALSE,Memphis,North Texas,FALSE
401725522,2025-01-05,Memphis,North Texas,198,2,12:24,744,744,Rondel Walker Turnover.,away,48,43,5,18,FALSE,FALSE,0.8596587518712993,0.7299615464195963,4,-2,7.5,136.5,Steven Anderson/A.J. Desai/Bart Lenox,"Memphis, TN",FedExForum,NA,10903,NA,NA,NA,NA,NA,NA,NA,NA,North Texas,Memphis,FALSE
401725522,2025-01-05,Memphis,North Texas,199,2,12:24,744,744,Nicholas Jourdain Steal.,home,48,43,5,0,FALSE,FALSE,0.8596587518712993,0.7299615464195963,4,-2,7.5,136.5,Steven Anderson/A.J. Desai/Bart Lenox,"Memphis, TN",FedExForum,NA,10903,NA,NA,NA,NA,NA,NA,NA,NA,North Texas,Memphis,FALSE
401725522,2025-01-05,Memphis,North Texas,200,2,12:21,741,741,Nicholas Jourdain made Layup.,home,50,43,7,3,TRUE,FALSE,0.9013846594164362,0.8014969212207927,4,-2,7.5,136.5,Steven Anderson/A.J. Desai/Bart Lenox,"Memphis, TN",FedExForum,NA,10903,NA,NA,Memphis,made,Nicholas Jourdain,NA,FALSE,FALSE,Memphis,North Texas,FALSE
401725522,2025-01-05,Memphis,North Texas,201,2,12:20,740,740,North Texas  Timeout,away,50,43,7,1,FALSE,FALSE,0.9014591524299238,0.8016838226700201,4,-3,7.5,136.5,Steven Anderson/A.J. Desai/Bart Lenox,"Memphis, TN",FedExForum,NA,10903,NA,NA,NA,NA,NA,NA,NA,NA,North Texas,Memphis,FALSE
401725522,2025-01-05,Memphis,North Texas,202,2,12:20,740,740, Official TV Timeout,NA,50,43,7,0,FALSE,FALSE,0.9014591524299238,0.8016838226700201,4,-4,7.5,136.5,Steven Anderson/A.J. Desai/Bart Lenox,"Memphis, TN",FedExForum,NA,10903,NA,NA,NA,NA,NA,NA,NA,NA,Memphis,Memphis,FALSE
401725522,2025-01-05,Memphis,North Texas,203,2,11:59,719,719,Atin Wright Turnover.,away,50,43,7,21,FALSE,FALSE,0.9030681156499064,0.8057079297144054,4,-4,7.5,136.5,Steven Anderson/A.J. Desai/Bart Lenox,"Memphis, TN",FedExForum,NA,10903,NA,NA,NA,NA,NA,NA,NA,NA,Memphis,Memphis,FALSE
401725522,2025-01-05,Memphis,North Texas,204,2,11:48,708,708,PJ Haggerty missed Jumper.,home,50,43,7,11,FALSE,FALSE,0.903816067902923,0.807624885800378,4,-4,7.5,136.5,Steven Anderson/A.J. Desai/Bart Lenox,"Memphis, TN",FedExForum,NA,10903,NA,NA,Memphis,missed,PJ Haggerty,NA,FALSE,FALSE,Memphis,North Texas,FALSE
401725522,2025-01-05,Memphis,North Texas,205,2,11:44,704,704,Brenen Lorient Defensive Rebound.,away,50,43,7,4,FALSE,FALSE,0.90407013800808,0.808285624655191,4,-4,7.5,136.5,Steven Anderson/A.J. Desai/Bart Lenox,"Memphis, TN",FedExForum,NA,10903,NA,NA,NA,NA,NA,NA,NA,NA,Memphis,North Texas,FALSE
401725522,2025-01-05,Memphis,North Texas,206,2,11:34,694,694,Latrell Jossell missed Three Point Jumper.,away,50,43,7,10,FALSE,FALSE,0.9046709960952727,0.8098678089394429,4,-4,7.5,136.5,Steven Anderson/A.J. Desai/Bart Lenox,"Memphis, TN",FedExForum,NA,10903,NA,NA,North Texas,missed,Latrell Jossell,NA,TRUE,FALSE,North Texas,Memphis,FALSE
401725522,2025-01-05,Memphis,North Texas,207,2,11:32,692,692,PJ Haggerty Defensive Rebound.,home,50,43,7,2,FALSE,FALSE,0.9047860903572146,0.8101739312738279,4,-4,7.5,136.5,Steven Anderson/A.J. Desai/Bart Lenox,"Memphis, TN",FedExForum,NA,10903,NA,NA,NA,NA,NA,NA,NA,NA,North Texas,Memphis,FALSE
401725522,2025-01-05,Memphis,North Texas,208,2,11:16,676,676,Dain Dainja Turnover.,home,50,43,7,16,FALSE,FALSE,0.905662508044785,0.8125326103054143,4,-4,7.5,136.5,Steven Anderson/A.J. Desai/Bart Lenox,"Memphis, TN",FedExForum,NA,10903,NA,NA,NA,NA,NA,NA,NA,NA,Memphis,North Texas,FALSE
401725522,2025-01-05,Memphis,North Texas,209,2,11:05,665,665,Brenen Lorient Turnover.,away,50,43,7,11,FALSE,FALSE,0.9062366658512152,0.8140959852475986,4,-4,7.5,136.5,Steven Anderson/A.J. Desai/Bart Lenox,"Memphis, TN",FedExForum,NA,10903,NA,NA,NA,NA,NA,NA,NA,NA,North Texas,Memphis,FALSE
401725522,2025-01-05,Memphis,North Texas,210,2,11:05,665,665,Tyrese Hunter Steal.,home,50,43,7,0,FALSE,FALSE,0.9062366658512152,0.8140959852475986,4,-4,7.5,136.5,Steven Anderson/A.J. Desai/Bart Lenox,"Memphis, TN",FedExForum,NA,10903,NA,NA,NA,NA,NA,NA,NA,NA,North Texas,Memphis,FALSE
401725522,2025-01-05,Memphis,North Texas,211,2,10:49,649,649,Foul on Moulaye Sissoko.,away,50,43,7,16,FALSE,TRUE,0.9070670771844672,0.8163586134978323,4,-4,7.5,136.5,Steven Anderson/A.J. Desai/Bart Lenox,"Memphis, TN",FedExForum,NA,10903,NA,NA,NA,NA,NA,NA,NA,NA,Memphis,Memphis,FALSE
401725522,2025-01-05,Memphis,North Texas,212,2,10:33,633,633,Tyrese Hunter missed Three Point Jumper.,home,50,43,7,16,FALSE,FALSE,0.9079339363797853,0.8186916464922597,4,-4,7.5,136.5,Steven Anderson/A.J. Desai/Bart Lenox,"Memphis, TN",FedExForum,NA,10903,NA,NA,Memphis,missed,Tyrese Hunter,NA,TRUE,FALSE,Memphis,North Texas,FALSE
401725522,2025-01-05,Memphis,North Texas,213,2,10:30,630,630,Rondel Walker Defensive Rebound.,away,50,43,7,3,FALSE,FALSE,0.9081042481704962,0.8191443106217304,4,-4,7.5,136.5,Steven Anderson/A.J. Desai/Bart Lenox,"Memphis, TN",FedExForum,NA,10903,NA,NA,NA,NA,NA,NA,NA,NA,Memphis,North Texas,FALSE
401725522,2025-01-05,Memphis,North Texas,214,2,10:26,626,626,Rondel Walker made Layup.,away,50,45,5,4,TRUE,FALSE,0.865380293152377,0.746859648146648,4,-4,7.5,136.5,Steven Anderson/A.J. Desai/Bart Lenox,"Memphis, TN",FedExForum,NA,10903,NA,NA,North Texas,made,Rondel Walker,NA,FALSE,FALSE,North Texas,Memphis,FALSE
401725522,2025-01-05,Memphis,North Texas,215,2,10:05,605,605,Nicholas Jourdain Turnover.,home,50,45,5,21,FALSE,FALSE,0.8664767727156694,0.7500279501153159,4,-4,7.5,136.5,Steven Anderson/A.J. Desai/Bart Lenox,"Memphis, TN",FedExForum,NA,10903,NA,NA,NA,NA,NA,NA,NA,NA,Memphis,North Texas,FALSE
401725522,2025-01-05,Memphis,North Texas,216,2,10:05,605,605,Brenen Lorient Steal.,away,50,45,5,0,FALSE,FALSE,0.8664767727156694,0.7500279501153159,4,-4,7.5,136.5,Steven Anderson/A.J. Desai/Bart Lenox,"Memphis, TN",FedExForum,NA,10903,NA,NA,NA,NA,NA,NA,NA,NA,Memphis,North Texas,FALSE
401725522,2025-01-05,Memphis,North Texas,217,2,10:02,602,602,Brenen Lorient made Dunk.,away,50,47,3,3,TRUE,FALSE,0.8070777134230238,0.6594461255210966,4,-4,7.5,136.5,Steven Anderson/A.J. Desai/Bart Lenox,"Memphis, TN",FedExForum,NA,10903,NA,NA,North Texas,made,Brenen Lorient,NA,FALSE,FALSE,North Texas,Memphis,FALSE
401725522,2025-01-05,Memphis,North Texas,218,2,9:44,584,584,PJ Haggerty made Layup.,home,52,47,5,18,TRUE,FALSE,0.8678396297169189,0.7537082536744677,4,-4,7.5,136.5,Steven Anderson/A.J. Desai/Bart Lenox,"Memphis, TN",FedExForum,NA,10903,NA,NA,Memphis,made,PJ Haggerty,NA,FALSE,FALSE,Memphis,North Texas,FALSE
401725522,2025-01-05,Memphis,North Texas,219,2,9:20,560,560,Brenen Lorient made Jumper. Assisted by Jasper Floyd.,away,52,49,3,24,TRUE,FALSE,0.8086374882008295,0.6654185107081755,4,-4,7.5,136.5,Steven Anderson/A.J. Desai/Bart Lenox,"Memphis, TN",FedExForum,NA,10903,NA,NA,North Texas,made,Brenen Lorient,Jasper Floyd,FALSE,FALSE,North Texas,Memphis,FALSE
401725522,2025-01-05,Memphis,North Texas,220,2,9:11,551,551,Foul on Moulaye Sissoko.,away,52,49,3,9,FALSE,TRUE,0.8091280134212768,0.667007234737816,4,-4,7.5,136.5,Steven Anderson/A.J. Desai/Bart Lenox,"Memphis, TN",FedExForum,NA,10903,NA,NA,NA,NA,NA,NA,NA,NA,Memphis,Memphis,FALSE
401725522,2025-01-05,Memphis,North Texas,221,2,9:05,545,545,Dain Dainja made Layup.,home,54,49,5,6,TRUE,FALSE,0.8713453564920474,0.7624076481921731,4,-4,7.5,136.5,Steven Anderson/A.J. Desai/Bart Lenox,"Memphis, TN",FedExForum,NA,10903,NA,NA,Memphis,made,Dain Dainja,NA,FALSE,FALSE,Memphis,North Texas,FALSE
401725522,2025-01-05,Memphis,North Texas,222,2,9:05,545,545,Foul on Moulaye Sissoko.,away,54,49,5,0,FALSE,TRUE,0.8713453564920474,0.7624076481921731,4,-4,7.5,136.5,Steven Anderson/A.J. Desai/Bart Lenox,"Memphis, TN",FedExForum,NA,10903,NA,NA,NA,NA,NA,NA,NA,NA,Memphis,North Texas,FALSE
401725522,2025-01-05,Memphis,North Texas,223,2,9:05,545,545,Dain Dainja made Free Throw.,home,55,49,6,0,TRUE,FALSE,0.8953030023238027,0.802042618427257,4,-4,7.5,136.5,Steven Anderson/A.J. Desai/Bart Lenox,"Memphis, TN",FedExForum,NA,10903,NA,NA,Memphis,made,Dain Dainja,NA,FALSE,TRUE,Memphis,North Texas,FALSE
401725522,2025-01-05,Memphis,North Texas,224,2,8:54,534,534,Jasper Floyd made Jumper.,away,55,51,4,11,TRUE,FALSE,0.8436634414078453,0.7198176276642652,4,-4,7.5,136.5,Steven Anderson/A.J. Desai/Bart Lenox,"Memphis, TN",FedExForum,NA,10903,NA,NA,North Texas,made,Jasper Floyd,NA,FALSE,FALSE,North Texas,Memphis,FALSE
401725522,2025-01-05,Memphis,North Texas,225,2,8:30,510,510,Dain Dainja Turnover.,home,55,51,4,24,FALSE,FALSE,0.8450135897884594,0.7239056720660364,4,-4,7.5,136.5,Steven Anderson/A.J. Desai/Bart Lenox,"Memphis, TN",FedExForum,NA,10903,NA,NA,NA,NA,NA,NA,NA,NA,Memphis,North Texas,FALSE
401725522,2025-01-05,Memphis,North Texas,226,2,8:30,510,510,Rondel Walker Steal.,away,55,51,4,0,FALSE,FALSE,0.8450135897884594,0.7239056720660364,4,-4,7.5,136.5,Steven Anderson/A.J. Desai/Bart Lenox,"Memphis, TN",FedExForum,NA,10903,NA,NA,NA,NA,NA,NA,NA,NA,Memphis,North Texas,FALSE
401725522,2025-01-05,Memphis,North Texas,227,2,8:28,508,508,Foul on Colby Rogers.,home,55,51,4,2,FALSE,TRUE,0.8451136671053263,0.7242246732535109,4,-4,7.5,136.5,Steven Anderson/A.J. Desai/Bart Lenox,"Memphis, TN",FedExForum,NA,10903,NA,NA,NA,NA,NA,NA,NA,NA,North Texas,North Texas,FALSE
401725522,2025-01-05,Memphis,North Texas,228,2,8:01,481,481,Brenen Lorient missed Dunk.,away,55,51,4,27,FALSE,FALSE,0.8465198906941996,0.7286389333542491,4,-4,7.5,136.5,Steven Anderson/A.J. Desai/Bart Lenox,"Memphis, TN",FedExForum,NA,10903,NA,NA,North Texas,missed,Brenen Lorient,NA,FALSE,FALSE,North Texas,Memphis,FALSE
401725522,2025-01-05,Memphis,North Texas,229,2,8:01,481,481,Tyrese Hunter Defensive Rebound.,home,55,51,4,0,FALSE,FALSE,0.8465198906941996,0.7286389333542491,4,-4,7.5,136.5,Steven Anderson/A.J. Desai/Bart Lenox,"Memphis, TN",FedExForum,NA,10903,NA,NA,NA,NA,NA,NA,NA,NA,North Texas,Memphis,FALSE
401725522,2025-01-05,Memphis,North Texas,230,2,7:51,471,471,Foul on Jasper Floyd.,away,55,51,4,10,FALSE,TRUE,0.847149586910349,0.7304721127669732,4,-4,7.5,136.5,Steven Anderson/A.J. Desai/Bart Lenox,"Memphis, TN",FedExForum,NA,10903,NA,NA,NA,NA,NA,NA,NA,NA,Memphis,Memphis,FALSE
401725522,2025-01-05,Memphis,North Texas,231,2,7:51,471,471, Official TV Timeout,NA,55,51,4,0,FALSE,FALSE,0.847149586910349,0.7304721127669732,4,-5,7.5,136.5,Steven Anderson/A.J. Desai/Bart Lenox,"Memphis, TN",FedExForum,NA,10903,NA,NA,NA,NA,NA,NA,NA,NA,Memphis,Memphis,FALSE
401725522,2025-01-05,Memphis,North Texas,232,2,7:43,463,463,Colby Rogers missed Layup.,home,55,51,4,8,FALSE,FALSE,0.8477322875528593,0.7320806130529186,4,-5,7.5,136.5,Steven Anderson/A.J. Desai/Bart Lenox,"Memphis, TN",FedExForum,NA,10903,NA,NA,Memphis,missed,Colby Rogers,NA,FALSE,FALSE,Memphis,North Texas,FALSE
401725522,2025-01-05,Memphis,North Texas,233,2,7:41,461,461,Latrell Jossell Defensive Rebound.,away,55,51,4,2,FALSE,FALSE,0.8478911364329352,0.7325063524628113,4,-5,7.5,136.5,Steven Anderson/A.J. Desai/Bart Lenox,"Memphis, TN",FedExForum,NA,10903,NA,NA,NA,NA,NA,NA,NA,NA,Memphis,North Texas,FALSE
401725522,2025-01-05,Memphis,North Texas,234,2,7:19,439,439,Jasper Floyd made Jumper.,away,55,53,2,22,TRUE,FALSE,0.771619073253342,0.626616418045628,4,-5,7.5,136.5,Steven Anderson/A.J. Desai/Bart Lenox,"Memphis, TN",FedExForum,NA,10903,NA,NA,North Texas,made,Jasper Floyd,NA,FALSE,FALSE,North Texas,Memphis,FALSE
401725522,2025-01-05,Memphis,North Texas,235,2,6:58,418,418,PJ Haggerty missed Jumper.,home,55,53,2,21,FALSE,FALSE,0.7724719309980381,0.6305222425767419,4,-5,7.5,136.5,Steven Anderson/A.J. Desai/Bart Lenox,"Memphis, TN",FedExForum,NA,10903,NA,NA,Memphis,missed,PJ Haggerty,NA,FALSE,FALSE,Memphis,North Texas,FALSE
401725522,2025-01-05,Memphis,North Texas,236,2,6:58,418,418,Brenen Lorient Block.,away,55,53,2,0,FALSE,FALSE,0.7724719309980381,0.6305222425767419,4,-5,7.5,136.5,Steven Anderson/A.J. Desai/Bart Lenox,"Memphis, TN",FedExForum,NA,10903,NA,NA,NA,NA,NA,NA,NA,NA,Memphis,North Texas,FALSE
401725522,2025-01-05,Memphis,North Texas,237,2,6:54,414,414,Jasper Floyd Defensive Rebound.,away,55,53,2,4,FALSE,FALSE,0.7725913827565883,0.6312342775404718,4,-5,7.5,136.5,Steven Anderson/A.J. Desai/Bart Lenox,"Memphis, TN",FedExForum,NA,10903,NA,NA,NA,NA,NA,NA,NA,NA,Memphis,North Texas,FALSE
401725522,2025-01-05,Memphis,North Texas,238,2,6:41,401,401,Jasper Floyd missed Jumper.,away,55,53,2,13,FALSE,FALSE,0.772883775935455,0.6334701127012384,4,-5,7.5,136.5,Steven Anderson/A.J. Desai/Bart Lenox,"Memphis, TN",FedExForum,NA,10903,NA,NA,North Texas,missed,Jasper Floyd,NA,FALSE,FALSE,North Texas,North Texas,FALSE
401725522,2025-01-05,Memphis,North Texas,239,2,6:37,397,397,Latrell Jossell Offensive Rebound.,away,55,53,2,4,FALSE,FALSE,0.7729528038550779,0.634145193055954,4,-5,7.5,136.5,Steven Anderson/A.J. Desai/Bart Lenox,"Memphis, TN",FedExForum,NA,10903,NA,NA,NA,NA,NA,NA,NA,NA,North Texas,North Texas,FALSE
401725522,2025-01-05,Memphis,North Texas,240,2,6:24,384,384,Brenen Lorient missed Layup.,away,55,53,2,13,FALSE,FALSE,0.7731486541346083,0.636349114062742,4,-5,7.5,136.5,Steven Anderson/A.J. Desai/Bart Lenox,"Memphis, TN",FedExForum,NA,10903,NA,NA,North Texas,missed,Brenen Lorient,NA,FALSE,FALSE,North Texas,North Texas,FALSE
401725522,2025-01-05,Memphis,North Texas,241,2,6:24,384,384,Grant Newell Offensive Rebound.,away,55,53,2,0,FALSE,FALSE,0.7731486541346083,0.636349114062742,4,-5,7.5,136.5,Steven Anderson/A.J. Desai/Bart Lenox,"Memphis, TN",FedExForum,NA,10903,NA,NA,NA,NA,NA,NA,NA,NA,North Texas,North Texas,FALSE
401725522,2025-01-05,Memphis,North Texas,242,2,6:24,384,384,Foul on Nicholas Jourdain.,home,55,53,2,0,FALSE,TRUE,0.7731486541346083,0.636349114062742,4,-5,7.5,136.5,Steven Anderson/A.J. Desai/Bart Lenox,"Memphis, TN",FedExForum,NA,10903,NA,NA,NA,NA,NA,NA,NA,NA,North Texas,North Texas,FALSE
401725522,2025-01-05,Memphis,North Texas,243,2,6:24,384,384,Grant Newell missed Free Throw.,away,55,53,2,0,FALSE,FALSE,0.7731486541346083,0.636349114062742,4,-5,7.5,136.5,Steven Anderson/A.J. Desai/Bart Lenox,"Memphis, TN",FedExForum,NA,10903,NA,NA,North Texas,missed,Grant Newell,NA,FALSE,TRUE,North Texas,North Texas,FALSE
401725522,2025-01-05,Memphis,North Texas,244,2,6:24,384,384,North Texas Offensive Rebound.,away,55,53,2,0,FALSE,FALSE,0.7731486541346083,0.636349114062742,4,-5,7.5,136.5,Steven Anderson/A.J. Desai/Bart Lenox,"Memphis, TN",FedExForum,NA,10903,NA,NA,NA,NA,NA,NA,NA,NA,North Texas,North Texas,FALSE
401725522,2025-01-05,Memphis,North Texas,245,2,6:24,384,384,Grant Newell missed Free Throw.,away,55,53,2,0,FALSE,FALSE,0.7731486541346083,0.636349114062742,4,-5,7.5,136.5,Steven Anderson/A.J. Desai/Bart Lenox,"Memphis, TN",FedExForum,NA,10903,NA,NA,North Texas,missed,Grant Newell,NA,FALSE,TRUE,North Texas,North Texas,FALSE
401725522,2025-01-05,Memphis,North Texas,246,2,6:23,383,383,PJ Carter Defensive Rebound.,home,55,53,2,1,FALSE,FALSE,0.7731634156546302,0.6365212285935642,4,-5,7.5,136.5,Steven Anderson/A.J. Desai/Bart Lenox,"Memphis, TN",FedExForum,NA,10903,NA,NA,NA,NA,NA,NA,NA,NA,North Texas,Memphis,FALSE
401725522,2025-01-05,Memphis,North Texas,247,2,6:06,366,366,Foul on Rondel Walker.,away,55,53,2,17,FALSE,TRUE,0.7734641223877279,0.6395766397976185,4,-5,7.5,136.5,Steven Anderson/A.J. Desai/Bart Lenox,"Memphis, TN",FedExForum,NA,10903,NA,NA,NA,NA,NA,NA,NA,NA,Memphis,Memphis,FALSE
401725522,2025-01-05,Memphis,North Texas,248,2,6:06,366,366,PJ Haggerty missed Free Throw.,home,55,53,2,0,FALSE,FALSE,0.7734641223877279,0.6395766397976185,4,-5,7.5,136.5,Steven Anderson/A.J. Desai/Bart Lenox,"Memphis, TN",FedExForum,NA,10903,NA,NA,Memphis,missed,PJ Haggerty,NA,FALSE,TRUE,Memphis,Memphis,FALSE
401725522,2025-01-05,Memphis,North Texas,249,2,6:06,366,366,Memphis Offensive Rebound.,home,55,53,2,0,FALSE,FALSE,0.7734641223877279,0.6395766397976185,4,-5,7.5,136.5,Steven Anderson/A.J. Desai/Bart Lenox,"Memphis, TN",FedExForum,NA,10903,NA,NA,NA,NA,NA,NA,NA,NA,Memphis,Memphis,FALSE
401725522,2025-01-05,Memphis,North Texas,250,2,6:06,366,366,PJ Haggerty made Free Throw.,home,56,53,3,0,TRUE,FALSE,0.8197625402699947,0.7027213809225116,4,-5,7.5,136.5,Steven Anderson/A.J. Desai/Bart Lenox,"Memphis, TN",FedExForum,NA,10903,NA,NA,Memphis,made,PJ Haggerty,NA,FALSE,TRUE,Memphis,North Texas,FALSE
401725522,2025-01-05,Memphis,North Texas,251,2,5:45,345,345,Brenen Lorient made Dunk. Assisted by Jasper Floyd.,away,56,55,1,21,TRUE,FALSE,0.7182246399952059,0.5735183708568422,4,-5,7.5,136.5,Steven Anderson/A.J. Desai/Bart Lenox,"Memphis, TN",FedExForum,NA,10903,NA,NA,North Texas,made,Brenen Lorient,Jasper Floyd,FALSE,FALSE,North Texas,Memphis,FALSE
401725522,2025-01-05,Memphis,North Texas,252,2,5:16,316,316,PJ Haggerty missed Layup.,home,56,55,1,29,FALSE,FALSE,0.7172003463059212,0.5776779533086999,4,-5,7.5,136.5,Steven Anderson/A.J. Desai/Bart Lenox,"Memphis, TN",FedExForum,NA,10903,NA,NA,Memphis,missed,PJ Haggerty,NA,FALSE,FALSE,Memphis,North Texas,FALSE
401725522,2025-01-05,Memphis,North Texas,253,2,5:12,312,312,Rondel Walker Defensive Rebound.,away,56,55,1,4,FALSE,FALSE,0.7171315780671998,0.5783681292614101,4,-5,7.5,136.5,Steven Anderson/A.J. Desai/Bart Lenox,"Memphis, TN",FedExForum,NA,10903,NA,NA,NA,NA,NA,NA,NA,NA,Memphis,North Texas,FALSE
401725522,2025-01-05,Memphis,North Texas,254,2,5:08,308,308,Rondel Walker missed Layup.,away,56,55,1,4,FALSE,FALSE,0.7170647009459103,0.5790658712221797,4,-5,7.5,136.5,Steven Anderson/A.J. Desai/Bart Lenox,"Memphis, TN",FedExForum,NA,10903,NA,NA,North Texas,missed,Rondel Walker,NA,FALSE,FALSE,North Texas,Memphis,FALSE
401725522,2025-01-05,Memphis,North Texas,255,2,5:05,305,305,Tyrese Hunter Defensive Rebound.,home,56,55,1,3,FALSE,FALSE,0.7169422447835524,0.57949998331274,4,-5,7.5,136.5,Steven Anderson/A.J. Desai/Bart Lenox,"Memphis, TN",FedExForum,NA,10903,NA,NA,NA,NA,NA,NA,NA,NA,North Texas,Memphis,FALSE
401725522,2025-01-05,Memphis,North Texas,256,2,4:56,296,296,PJ Haggerty made Three Point Jumper. Assisted by Tyrese Hunter.,home,59,55,4,9,TRUE,FALSE,0.8696294382234108,0.7851885643905526,4,-5,7.5,136.5,Steven Anderson/A.J. Desai/Bart Lenox,"Memphis, TN",FedExForum,NA,10903,NA,NA,Memphis,made,PJ Haggerty,Tyrese Hunter,TRUE,FALSE,Memphis,North Texas,FALSE
401725522,2025-01-05,Memphis,North Texas,257,2,4:36,276,276,Jasper Floyd missed Jumper.,away,59,55,4,20,FALSE,FALSE,0.8675424869787396,0.7847481155589665,4,-5,7.5,136.5,Steven Anderson/A.J. Desai/Bart Lenox,"Memphis, TN",FedExForum,NA,10903,NA,NA,North Texas,missed,Jasper Floyd,NA,FALSE,FALSE,North Texas,North Texas,FALSE
401725522,2025-01-05,Memphis,North Texas,258,2,4:33,273,273,Moulaye Sissoko Offensive Rebound.,away,59,55,4,3,FALSE,FALSE,0.8669412851845706,0.7842644736148185,4,-5,7.5,136.5,Steven Anderson/A.J. Desai/Bart Lenox,"Memphis, TN",FedExForum,NA,10903,NA,NA,NA,NA,NA,NA,NA,NA,North Texas,North Texas,FALSE
401725522,2025-01-05,Memphis,North Texas,259,2,4:33,273,273,Foul on Tyrese Hunter.,home,59,55,4,0,FALSE,TRUE,0.8669412851845706,0.7842644736148185,4,-5,7.5,136.5,Steven Anderson/A.J. Desai/Bart Lenox,"Memphis, TN",FedExForum,NA,10903,NA,NA,NA,NA,NA,NA,NA,NA,North Texas,North Texas,FALSE
401725522,2025-01-05,Memphis,North Texas,260,2,4:33,273,273,Moulaye Sissoko missed Free Throw.,away,59,55,4,0,FALSE,FALSE,0.8669412851845706,0.7842644736148185,4,-5,7.5,136.5,Steven Anderson/A.J. Desai/Bart Lenox,"Memphis, TN",FedExForum,NA,10903,NA,NA,North Texas,missed,Moulaye Sissoko,NA,FALSE,TRUE,North Texas,North Texas,FALSE
401725522,2025-01-05,Memphis,North Texas,261,2,4:33,273,273,North Texas Offensive Rebound.,away,59,55,4,0,FALSE,FALSE,0.8669412851845706,0.7842644736148185,4,-5,7.5,136.5,Steven Anderson/A.J. Desai/Bart Lenox,"Memphis, TN",FedExForum,NA,10903,NA,NA,NA,NA,NA,NA,NA,NA,North Texas,North Texas,FALSE
401725522,2025-01-05,Memphis,North Texas,262,2,4:33,273,273,Moulaye Sissoko made Free Throw.,away,59,56,3,0,TRUE,FALSE,0.8251313539049488,0.7247246249814419,4,-5,7.5,136.5,Steven Anderson/A.J. Desai/Bart Lenox,"Memphis, TN",FedExForum,NA,10903,NA,NA,North Texas,made,Moulaye Sissoko,NA,FALSE,TRUE,North Texas,Memphis,FALSE
401725522,2025-01-05,Memphis,North Texas,263,2,4:21,261,261,PJ Haggerty Turnover.,home,59,56,3,12,FALSE,FALSE,0.8222188104303051,0.7226205704058418,4,-5,7.5,136.5,Steven Anderson/A.J. Desai/Bart Lenox,"Memphis, TN",FedExForum,NA,10903,NA,NA,NA,NA,NA,NA,NA,NA,Memphis,North Texas,FALSE
401725522,2025-01-05,Memphis,North Texas,264,2,4:21,261,261,Rondel Walker Steal.,away,59,56,3,0,FALSE,FALSE,0.8222188104303051,0.7226205704058418,4,-5,7.5,136.5,Steven Anderson/A.J. Desai/Bart Lenox,"Memphis, TN",FedExForum,NA,10903,NA,NA,NA,NA,NA,NA,NA,NA,Memphis,North Texas,FALSE
401725522,2025-01-05,Memphis,North Texas,265,2,3:54,234,234,Jasper Floyd Turnover.,away,59,56,3,27,FALSE,FALSE,0.8167265415831904,0.7196611356146402,4,-5,7.5,136.5,Steven Anderson/A.J. Desai/Bart Lenox,"Memphis, TN",FedExForum,NA,10903,NA,NA,NA,NA,NA,NA,NA,NA,North Texas,Memphis,FALSE
401725522,2025-01-05,Memphis,North Texas,266,2,3:54,234,234,PJ Haggerty Steal.,home,59,56,3,0,FALSE,FALSE,0.8167265415831904,0.7196611356146402,4,-5,7.5,136.5,Steven Anderson/A.J. Desai/Bart Lenox,"Memphis, TN",FedExForum,NA,10903,NA,NA,NA,NA,NA,NA,NA,NA,North Texas,Memphis,FALSE
401725522,2025-01-05,Memphis,North Texas,267,2,3:26,206,206,PJ Haggerty Turnover.,home,59,56,3,28,FALSE,FALSE,0.8196303609265488,0.7286901107010119,4,-5,7.5,136.5,Steven Anderson/A.J. Desai/Bart Lenox,"Memphis, TN",FedExForum,NA,10903,NA,NA,NA,NA,NA,NA,NA,NA,Memphis,North Texas,FALSE
401725522,2025-01-05,Memphis,North Texas,268,2,3:26,206,206, Official TV Timeout,NA,59,56,3,0,FALSE,FALSE,0.8196303609265488,0.7286901107010119,4,-6,7.5,136.5,Steven Anderson/A.J. Desai/Bart Lenox,"Memphis, TN",FedExForum,NA,10903,NA,NA,NA,NA,NA,NA,NA,NA,Memphis,North Texas,FALSE
401725522,2025-01-05,Memphis,North Texas,269,2,3:08,188,188,Brenen Lorient Turnover.,away,59,56,3,18,FALSE,FALSE,0.8298191119206979,0.7459091334119923,4,-6,7.5,136.5,Steven Anderson/A.J. Desai/Bart Lenox,"Memphis, TN",FedExForum,NA,10903,NA,NA,NA,NA,NA,NA,NA,NA,North Texas,Memphis,FALSE
401725522,2025-01-05,Memphis,North Texas,270,2,3:08,188,188,Moussa Cisse Steal.,home,59,56,3,0,FALSE,FALSE,0.8298191119206979,0.7459091334119923,4,-6,7.5,136.5,Steven Anderson/A.J. Desai/Bart Lenox,"Memphis, TN",FedExForum,NA,10903,NA,NA,NA,NA,NA,NA,NA,NA,North Texas,Memphis,FALSE
401725522,2025-01-05,Memphis,North Texas,271,2,3:04,184,184,PJ Haggerty made Layup. Assisted by Moussa Cisse.,home,61,56,5,4,TRUE,FALSE,0.9121215344219834,0.8625535479347245,4,-6,7.5,136.5,Steven Anderson/A.J. Desai/Bart Lenox,"Memphis, TN",FedExForum,NA,10903,NA,NA,Memphis,made,PJ Haggerty,Moussa Cisse,FALSE,FALSE,Memphis,North Texas,FALSE
401725522,2025-01-05,Memphis,North Texas,272,2,2:48,168,168,Foul on Moussa Cisse.,home,61,56,5,16,FALSE,TRUE,0.9237378406179568,0.8816895391139155,4,-6,7.5,136.5,Steven Anderson/A.J. Desai/Bart Lenox,"Memphis, TN",FedExForum,NA,10903,NA,NA,NA,NA,NA,NA,NA,NA,North Texas,North Texas,FALSE
401725522,2025-01-05,Memphis,North Texas,273,2,2:48,168,168,Brenen Lorient made Free Throw.,away,61,57,4,0,TRUE,FALSE,0.8901765637692273,0.8329697290946159,4,-6,7.5,136.5,Steven Anderson/A.J. Desai/Bart Lenox,"Memphis, TN",FedExForum,NA,10903,NA,NA,North Texas,made,Brenen Lorient,NA,FALSE,TRUE,North Texas,North Texas,FALSE
401725522,2025-01-05,Memphis,North Texas,274,2,2:48,168,168,Brenen Lorient made Free Throw.,away,61,58,3,0,TRUE,FALSE,0.8443346378436755,0.7694337619446293,4,-6,7.5,136.5,Steven Anderson/A.J. Desai/Bart Lenox,"Memphis, TN",FedExForum,NA,10903,NA,NA,North Texas,made,Brenen Lorient,NA,FALSE,TRUE,North Texas,Memphis,FALSE
401725522,2025-01-05,Memphis,North Texas,275,2,2:18,138,138,PJ Haggerty made Three Point Jumper. Assisted by Dain Dainja.,home,64,58,6,30,TRUE,FALSE,0.9646624679385004,0.9455990172920017,4,-6,7.5,136.5,Steven Anderson/A.J. Desai/Bart Lenox,"Memphis, TN",FedExForum,NA,10903,NA,NA,Memphis,made,PJ Haggerty,Dain Dainja,TRUE,FALSE,Memphis,North Texas,FALSE
401725522,2025-01-05,Memphis,North Texas,276,2,2:12,132,132,Memphis  Timeout,home,64,58,6,6,FALSE,FALSE,0.9678134776605771,0.9506993962092297,3,-6,7.5,136.5,Steven Anderson/A.J. Desai/Bart Lenox,"Memphis, TN",FedExForum,NA,10903,NA,NA,NA,NA,NA,NA,NA,NA,North Texas,North Texas,FALSE
401725522,2025-01-05,Memphis,North Texas,277,2,1:50,110,110,Foul on Baraka Okojie.,home,64,58,6,22,FALSE,TRUE,0.9784790679326176,0.96770505083007,3,-6,7.5,136.5,Steven Anderson/A.J. Desai/Bart Lenox,"Memphis, TN",FedExForum,NA,10903,NA,NA,NA,NA,NA,NA,NA,NA,North Texas,North Texas,FALSE
401725522,2025-01-05,Memphis,North Texas,278,2,1:50,110,110,Brenen Lorient made Free Throw.,away,64,59,5,0,TRUE,FALSE,0.9626840325105838,0.9444514610252934,3,-6,7.5,136.5,Steven Anderson/A.J. Desai/Bart Lenox,"Memphis, TN",FedExForum,NA,10903,NA,NA,North Texas,made,Brenen Lorient,NA,FALSE,TRUE,North Texas,North Texas,FALSE
401725522,2025-01-05,Memphis,North Texas,279,2,1:50,110,110,Brenen Lorient made Free Throw.,away,64,60,4,0,TRUE,FALSE,0.9360540195578672,0.906079439837449,3,-6,7.5,136.5,Steven Anderson/A.J. Desai/Bart Lenox,"Memphis, TN",FedExForum,NA,10903,NA,NA,North Texas,made,Brenen Lorient,NA,FALSE,TRUE,North Texas,Memphis,FALSE
401725522,2025-01-05,Memphis,North Texas,280,2,1:25,85,85,Dain Dainja Turnover.,home,64,60,4,25,FALSE,FALSE,0.9558083913811171,0.9364397154426226,3,-6,7.5,136.5,Steven Anderson/A.J. Desai/Bart Lenox,"Memphis, TN",FedExForum,NA,10903,NA,NA,NA,NA,NA,NA,NA,NA,Memphis,North Texas,FALSE
401725522,2025-01-05,Memphis,North Texas,281,2,1:25,85,85,Rondel Walker Steal.,away,64,60,4,0,FALSE,FALSE,0.9558083913811171,0.9364397154426226,3,-6,7.5,136.5,Steven Anderson/A.J. Desai/Bart Lenox,"Memphis, TN",FedExForum,NA,10903,NA,NA,NA,NA,NA,NA,NA,NA,Memphis,North Texas,FALSE
401725522,2025-01-05,Memphis,North Texas,282,2,1:12,72,72,Foul on Brenen Lorient.,away,64,60,4,13,FALSE,TRUE,0.9645677658581581,0.9496953937975439,3,-6,7.5,136.5,Steven Anderson/A.J. Desai/Bart Lenox,"Memphis, TN",FedExForum,NA,10903,NA,NA,NA,NA,NA,NA,NA,NA,North Texas,Memphis,FALSE
401725522,2025-01-05,Memphis,North Texas,283,2,1:12,72,72,Brenen Lorient Turnover.,away,64,60,4,0,FALSE,FALSE,0.9645677658581581,0.9496953937975439,3,-6,7.5,136.5,Steven Anderson/A.J. Desai/Bart Lenox,"Memphis, TN",FedExForum,NA,10903,NA,NA,NA,NA,NA,NA,NA,NA,Memphis,Memphis,FALSE
401725522,2025-01-05,Memphis,North Texas,284,2,0:43,43,43,Tyrese Hunter missed Layup.,home,64,60,4,29,FALSE,FALSE,0.9800035526218949,0.9725611464308713,3,-6,7.5,136.5,Steven Anderson/A.J. Desai/Bart Lenox,"Memphis, TN",FedExForum,NA,10903,NA,NA,Memphis,missed,Tyrese Hunter,NA,FALSE,FALSE,Memphis,Memphis,FALSE
401725522,2025-01-05,Memphis,North Texas,285,2,0:40,40,40,Dain Dainja Offensive Rebound.,home,64,60,4,3,FALSE,FALSE,0.9812728184265423,0.9744030910750777,3,-6,7.5,136.5,Steven Anderson/A.J. Desai/Bart Lenox,"Memphis, TN",FedExForum,NA,10903,NA,NA,NA,NA,NA,NA,NA,NA,Memphis,Memphis,FALSE
401725522,2025-01-05,Memphis,North Texas,286,2,0:39,39,39,Foul on Rondel Walker.,away,64,60,4,1,FALSE,TRUE,0.9816828186010327,0.9749964808948619,3,-6,7.5,136.5,Steven Anderson/A.J. Desai/Bart Lenox,"Memphis, TN",FedExForum,NA,10903,NA,NA,NA,NA,NA,NA,NA,NA,Memphis,Memphis,FALSE
401725522,2025-01-05,Memphis,North Texas,287,2,0:39,39,39,Dain Dainja made Free Throw.,home,65,60,5,0,TRUE,FALSE,0.9925884982231368,0.9898418777433138,3,-6,7.5,136.5,Steven Anderson/A.J. Desai/Bart Lenox,"Memphis, TN",FedExForum,NA,10903,NA,NA,Memphis,made,Dain Dainja,NA,FALSE,TRUE,Memphis,Memphis,FALSE
401725522,2025-01-05,Memphis,North Texas,288,2,0:39,39,39,Dain Dainja missed Free Throw.,home,65,60,5,0,FALSE,FALSE,0.9925884982231368,0.9898418777433138,3,-6,7.5,136.5,Steven Anderson/A.J. Desai/Bart Lenox,"Memphis, TN",FedExForum,NA,10903,NA,NA,Memphis,missed,Dain Dainja,NA,FALSE,TRUE,Memphis,North Texas,FALSE
401725522,2025-01-05,Memphis,North Texas,289,2,0:37,37,37,Brenen Lorient Defensive Rebound.,away,65,60,5,2,FALSE,FALSE,0.9930005243326789,0.990433863832788,3,-6,7.5,136.5,Steven Anderson/A.J. Desai/Bart Lenox,"Memphis, TN",FedExForum,NA,10903,NA,NA,NA,NA,NA,NA,NA,NA,Memphis,North Texas,FALSE
401725522,2025-01-05,Memphis,North Texas,290,2,0:23,23,23,Latrell Jossell missed Three Point Jumper.,away,65,60,5,14,FALSE,FALSE,0.995382597911749,0.993817691056219,3,-6,7.5,136.5,Steven Anderson/A.J. Desai/Bart Lenox,"Memphis, TN",FedExForum,NA,10903,NA,NA,North Texas,missed,Latrell Jossell,NA,TRUE,FALSE,North Texas,North Texas,FALSE
401725522,2025-01-05,Memphis,North Texas,291,2,0:21,21,21,Brenen Lorient Offensive Rebound.,away,65,60,5,2,FALSE,FALSE,0.9956585562009155,0.9942046756164635,3,-6,7.5,136.5,Steven Anderson/A.J. Desai/Bart Lenox,"Memphis, TN",FedExForum,NA,10903,NA,NA,NA,NA,NA,NA,NA,NA,North Texas,North Texas,FALSE
401725522,2025-01-05,Memphis,North Texas,292,2,0:21,21,21,Foul on PJ Haggerty.,home,65,60,5,0,FALSE,TRUE,0.9956585562009155,0.9942046756164635,3,-6,7.5,136.5,Steven Anderson/A.J. Desai/Bart Lenox,"Memphis, TN",FedExForum,NA,10903,NA,NA,NA,NA,NA,NA,NA,NA,North Texas,North Texas,FALSE
401725522,2025-01-05,Memphis,North Texas,293,2,0:21,21,21,Brenen Lorient made Free Throw.,away,65,61,4,0,TRUE,FALSE,0.9879458523796282,0.9839507435320223,3,-6,7.5,136.5,Steven Anderson/A.J. Desai/Bart Lenox,"Memphis, TN",FedExForum,NA,10903,NA,NA,North Texas,made,Brenen Lorient,NA,FALSE,TRUE,North Texas,North Texas,FALSE
401725522,2025-01-05,Memphis,North Texas,294,2,0:21,21,21,Brenen Lorient made Free Throw.,away,65,62,3,0,TRUE,FALSE,0.9669856314906896,0.9563505975448046,3,-6,7.5,136.5,Steven Anderson/A.J. Desai/Bart Lenox,"Memphis, TN",FedExForum,NA,10903,NA,NA,North Texas,made,Brenen Lorient,NA,FALSE,TRUE,North Texas,Memphis,FALSE
401725522,2025-01-05,Memphis,North Texas,295,2,0:20,20,20,Foul on Brenen Lorient.,away,65,62,3,1,FALSE,TRUE,0.967561076857869,0.9571676364391319,3,-6,7.5,136.5,Steven Anderson/A.J. Desai/Bart Lenox,"Memphis, TN",FedExForum,NA,10903,NA,NA,NA,NA,NA,NA,NA,NA,Memphis,Memphis,FALSE
401725522,2025-01-05,Memphis,North Texas,296,2,0:20,20,20,Colby Rogers missed Free Throw.,home,65,62,3,0,FALSE,FALSE,0.967561076857869,0.9571676364391319,3,-6,7.5,136.5,Steven Anderson/A.J. Desai/Bart Lenox,"Memphis, TN",FedExForum,NA,10903,NA,NA,Memphis,missed,Colby Rogers,NA,FALSE,TRUE,Memphis,Memphis,FALSE
401725522,2025-01-05,Memphis,North Texas,297,2,0:20,20,20,Memphis Offensive Rebound.,home,65,62,3,0,FALSE,FALSE,0.967561076857869,0.9571676364391319,3,-6,7.5,136.5,Steven Anderson/A.J. Desai/Bart Lenox,"Memphis, TN",FedExForum,NA,10903,NA,NA,NA,NA,NA,NA,NA,NA,Memphis,Memphis,FALSE
401725522,2025-01-05,Memphis,North Texas,298,2,0:20,20,20,Colby Rogers made Free Throw.,home,66,62,4,0,TRUE,FALSE,0.988237203498008,0.9843613261750889,3,-6,7.5,136.5,Steven Anderson/A.J. Desai/Bart Lenox,"Memphis, TN",FedExForum,NA,10903,NA,NA,Memphis,made,Colby Rogers,NA,FALSE,TRUE,Memphis,North Texas,FALSE
401725522,2025-01-05,Memphis,North Texas,299,2,0:12,12,12,Moulaye Sissoko made Dunk. Assisted by Jasper Floyd.,away,66,64,2,8,TRUE,FALSE,0.9209932654747209,0.8984309706555196,3,-6,7.5,136.5,Steven Anderson/A.J. Desai/Bart Lenox,"Memphis, TN",FedExForum,NA,10903,NA,NA,North Texas,made,Moulaye Sissoko,Jasper Floyd,FALSE,FALSE,North Texas,Memphis,FALSE
401725522,2025-01-05,Memphis,North Texas,300,2,0:12,12,12,North Texas  Timeout,away,66,64,2,0,FALSE,FALSE,0.9209932654747209,0.8984309706555196,3,-7,7.5,136.5,Steven Anderson/A.J. Desai/Bart Lenox,"Memphis, TN",FedExForum,NA,10903,NA,NA,NA,NA,NA,NA,NA,NA,North Texas,Memphis,FALSE
401725522,2025-01-05,Memphis,North Texas,301,2,0:08,8,8,Foul on Latrell Jossell.,away,66,64,2,4,FALSE,TRUE,0.9245508201675703,0.9034622098895942,3,-7,7.5,136.5,Steven Anderson/A.J. Desai/Bart Lenox,"Memphis, TN",FedExForum,NA,10903,NA,NA,NA,NA,NA,NA,NA,NA,Memphis,Memphis,FALSE
401725522,2025-01-05,Memphis,North Texas,302,2,0:08,8,8,Colby Rogers made Free Throw.,home,67,64,3,0,TRUE,FALSE,0.9740173112231093,0.9662502423978945,3,-7,7.5,136.5,Steven Anderson/A.J. Desai/Bart Lenox,"Memphis, TN",FedExForum,NA,10903,NA,NA,Memphis,made,Colby Rogers,NA,FALSE,TRUE,Memphis,Memphis,FALSE
401725522,2025-01-05,Memphis,North Texas,303,2,0:08,8,8,Colby Rogers made Free Throw.,home,68,64,4,0,TRUE,FALSE,0.9913554874084366,0.9887112925767356,3,-7,7.5,136.5,Steven Anderson/A.J. Desai/Bart Lenox,"Memphis, TN",FedExForum,NA,10903,NA,NA,Memphis,made,Colby Rogers,NA,FALSE,TRUE,Memphis,North Texas,FALSE
401725522,2025-01-05,Memphis,North Texas,304,2,0:03,3,3,Latrell Jossell missed Jumper.,away,68,64,4,5,FALSE,FALSE,0.9924448869121915,0.9902099423642159,3,-7,7.5,136.5,Steven Anderson/A.J. Desai/Bart Lenox,"Memphis, TN",FedExForum,NA,10903,NA,NA,North Texas,missed,Latrell Jossell,NA,FALSE,FALSE,North Texas,Memphis,FALSE
401725522,2025-01-05,Memphis,North Texas,305,2,0:00,0,0,PJ Haggerty Defensive Rebound.,home,68,64,4,3,FALSE,FALSE,1,1,3,-7,7.5,136.5,Steven Anderson/A.J. Desai/Bart Lenox,"Memphis, TN",FedExForum,NA,10903,NA,NA,NA,NA,NA,NA,NA,NA,North Texas,Memphis,FALSE
401725522,2025-01-05,Memphis,North Texas,306,2,0:00,0,0,End of Game,NA,68,64,4,0,FALSE,FALSE,1,1,3,-7,7.5,136.5,Steven Anderson/A.J. Desai/Bart Lenox,"Memphis, TN",FedExForum,NA,10903,NA,NA,NA,NA,NA,NA,NA,NA,Memphis,NA,FALSE
