play_id,half,time_remaining_half,secs_remaining,secs_remaining_absolute,description,home_score,away_score,score_diff,play_length,win_prob,naive_win_prob,home,away,home_time_out_remaining,away_time_out_remaining,home_favored_by,game_id,date
1,1,20:00,2400,2400,PLAY,0,0,0,0,0.5,0.5,St. John's,DePaul,6,6,NA,400588454,2015-02-11
2,1,20:00,2400,2400,Jump Ball won by DePaul,0,0,0,12,0.5,0.5,St. John's,DePaul,6,6,NA,400588454,2015-02-11
3,1,19:48,2388,2388,Myke Henry made Jumper.,0,2,-2,35,0.45572153375231284,0.45572153375231284,St. John's,DePaul,6,6,NA,400588454,2015-02-11
4,1,19:13,2353,2353,Foul on Forrest Robinson.,0,2,-2,0,0.45497408096351394,0.45497408096351394,St. John's,DePaul,6,6,NA,400588454,2015-02-11
5,1,19:13,2353,2353,Felix Balamou made Free Throw.,1,2,-1,0,0.47744121320386645,0.47744121320386645,St. John's,DePaul,6,6,NA,400588454,2015-02-11
6,1,19:13,2353,2353,Felix Balamou missed Free Throw.,1,2,-1,0,0.47744121320386645,0.47744121320386645,St. John's,DePaul,6,6,NA,400588454,2015-02-11
7,1,19:13,2353,2353,Myke Henry Defensive Rebound.,1,2,-1,31,0.47744121320386645,0.47744121320386645,St. John's,DePaul,6,6,NA,400588454,2015-02-11
8,1,18:42,2322,2322,Billy Garrett Jr. made Three Point Jumper. Assisted by Aaron Simpson.,1,5,-4,26,0.4093545982111211,0.4093545982111211,St. John's,DePaul,6,6,NA,400588454,2015-02-11
9,1,18:16,2296,2296,D'Angelo Harrison made Jumper.,3,5,-2,5,0.4537236562407298,0.4537236562407298,St. John's,DePaul,6,6,NA,400588454,2015-02-11
10,1,18:11,2291,2291,Forrest Robinson missed Three Point Jumper.,3,5,-2,0,0.45361227442286206,0.45361227442286206,St. John's,DePaul,6,6,NA,400588454,2015-02-11
11,1,18:11,2291,2291,Phil Greene IV Defensive Rebound.,3,5,-2,23,0.45361227442286206,0.45361227442286206,St. John's,DePaul,6,6,NA,400588454,2015-02-11
12,1,17:48,2268,2268,Phil Greene IV made Jumper.,5,5,0,32,0.5,0.5,St. John's,DePaul,6,6,NA,400588454,2015-02-11
13,1,17:16,2236,2236,Jamee Crockett Turnover.,5,5,0,0,0.5,0.5,St. John's,DePaul,6,6,NA,400588454,2015-02-11
14,1,17:16,2236,2236,Rysheed Jordan Steal.,5,5,0,10,0.5,0.5,St. John's,DePaul,6,6,NA,400588454,2015-02-11
15,1,17:06,2226,2226,Rysheed Jordan missed Layup.,5,5,0,22,0.5,0.5,St. John's,DePaul,6,6,NA,400588454,2015-02-11
16,1,16:44,2204,2204,Sir'Dominic Pointer Offensive Rebound.,5,5,0,10,0.5,0.5,St. John's,DePaul,6,6,NA,400588454,2015-02-11
17,1,16:34,2194,2194,Sir'Dominic Pointer made Jumper.,7,5,2,0,0.5485888554868421,0.5485888554868421,St. John's,DePaul,6,6,NA,400588454,2015-02-11
18,1,16:34,2194,2194,Billy Garrett Jr. Turnover.,7,5,2,16,0.5485888554868421,0.5485888554868421,St. John's,DePaul,6,6,NA,400588454,2015-02-11
19,1,16:18,2178,2178,D'Angelo Harrison made Three Point Jumper.,10,5,5,25,0.6203768162487642,0.6203768162487642,St. John's,DePaul,6,6,NA,400588454,2015-02-11
20,1,15:53,2153,2153,Aaron Simpson made Three Point Jumper.,10,8,2,8,0.5495358270404799,0.5495358270404799,St. John's,DePaul,6,6,NA,400588454,2015-02-11
21,1,15:45,2145,2145,Foul on Aaron Simpson.,10,8,2,0,0.5497218799510991,0.5497218799510991,St. John's,DePaul,6,6,NA,400588454,2015-02-11
22,1,15:45,2145,2145,Official TV Timeout,10,8,2,20,0.5497218799510991,0.5497218799510991,St. John's,DePaul,6,6,NA,400588454,2015-02-11
23,1,15:25,2125,2125,Rysheed Jordan Turnover.,10,8,2,0,0.5501893043774503,0.5501893043774503,St. John's,DePaul,6,6,NA,400588454,2015-02-11
24,1,15:25,2125,2125,Jamee Crockett Steal.,10,8,2,23,0.5501893043774503,0.5501893043774503,St. John's,DePaul,6,6,NA,400588454,2015-02-11
25,1,15:02,2102,2102,Jamee Crockett made Jumper.,10,10,0,11,0.5,0.5,St. John's,DePaul,6,6,NA,400588454,2015-02-11
26,1,14:51,2091,2091,Rysheed Jordan missed Jumper.,10,10,0,0,0.5,0.5,St. John's,DePaul,6,6,NA,400588454,2015-02-11
27,1,14:51,2091,2091,Rysheed Jordan Offensive Rebound.,10,10,0,7,0.5,0.5,St. John's,DePaul,6,6,NA,400588454,2015-02-11
28,1,14:44,2084,2084,Rysheed Jordan made Layup.,12,10,2,16,0.5511587272416973,0.5511587272416973,St. John's,DePaul,6,6,NA,400588454,2015-02-11
29,1,14:28,2068,2068,Jamee Crockett missed Layup.,12,10,2,0,0.5515415163875809,0.5515415163875809,St. John's,DePaul,6,6,NA,400588454,2015-02-11
30,1,14:28,2068,2068,Tommy Hamilton IV Offensive Rebound.,12,10,2,4,0.5515415163875809,0.5515415163875809,St. John's,DePaul,6,6,NA,400588454,2015-02-11
31,1,14:24,2064,2064,Tommy Hamilton IV made Layup.,12,12,0,13,0.5,0.5,St. John's,DePaul,6,6,NA,400588454,2015-02-11
32,1,14:11,2051,2051,Felix Balamou missed Layup.,12,12,0,0,0.5,0.5,St. John's,DePaul,6,6,NA,400588454,2015-02-11
33,1,14:11,2051,2051,Myke Henry Defensive Rebound.,12,12,0,12,0.5,0.5,St. John's,DePaul,6,6,NA,400588454,2015-02-11
34,1,13:59,2039,2039,Tommy Hamilton IV made Dunk. Assisted by Aaron Simpson.,12,14,-2,22,0.4477576442755626,0.4477576442755626,St. John's,DePaul,6,6,NA,400588454,2015-02-11
35,1,13:37,2017,2017,Sir'Dominic Pointer missed Layup.,12,14,-2,0,0.4472195062872298,0.4472195062872298,St. John's,DePaul,6,6,NA,400588454,2015-02-11
36,1,13:37,2017,2017,Tommy Hamilton IV Defensive Rebound.,12,14,-2,8,0.4472195062872298,0.4472195062872298,St. John's,DePaul,6,6,NA,400588454,2015-02-11
37,1,13:29,2009,2009,Jamee Crockett made Layup.,12,16,-4,10,0.39522101880453764,0.39522101880453764,St. John's,DePaul,6,6,NA,400588454,2015-02-11
38,1,13:19,1999,1999,Rysheed Jordan made Three Point Jumper.,15,16,-1,8,0.47331157086917647,0.47331157086917647,St. John's,DePaul,6,6,NA,400588454,2015-02-11
39,1,13:11,1991,1991,Jamee Crockett missed Jumper.,15,16,-1,0,0.47321121992794035,0.47321121992794035,St. John's,DePaul,6,6,NA,400588454,2015-02-11
40,1,13:11,1991,1991,Sir'Dominic Pointer Block.,15,16,-1,0,0.47321121992794035,0.47321121992794035,St. John's,DePaul,6,6,NA,400588454,2015-02-11
41,1,13:11,1991,1991,Rysheed Jordan Defensive Rebound.,15,16,-1,29,0.47321121992794035,0.47321121992794035,St. John's,DePaul,6,6,NA,400588454,2015-02-11
42,1,12:42,1962,1962,Phil Greene IV made Jumper. Assisted by Rysheed Jordan.,17,16,1,10,0.5271562441878637,0.5271562441878637,St. John's,DePaul,6,6,NA,400588454,2015-02-11
43,1,12:32,1952,1952,Aaron Simpson missed Three Point Jumper.,17,16,1,0,0.5272843498427181,0.5272843498427181,St. John's,DePaul,6,6,NA,400588454,2015-02-11
44,1,12:32,1952,1952,D'Angelo Harrison Defensive Rebound.,17,16,1,10,0.5272843498427181,0.5272843498427181,St. John's,DePaul,6,6,NA,400588454,2015-02-11
45,1,12:22,1942,1942,D'Angelo Harrison made Three Point Jumper. Assisted by Phil Greene IV.,20,16,4,9,0.608032985325151,0.608032985325151,St. John's,DePaul,6,6,NA,400588454,2015-02-11
46,1,12:13,1933,1933,Foul on Tommy Hamilton IV.,20,16,4,0,0.6084789151556512,0.6084789151556512,St. John's,DePaul,6,6,NA,400588454,2015-02-11
47,1,12:13,1933,1933,Tommy Hamilton IV Turnover.,20,16,4,10,0.6084789151556512,0.6084789151556512,St. John's,DePaul,6,6,NA,400588454,2015-02-11
48,1,12:03,1923,1923,Foul on Darrick Wood.,20,16,4,6,0.6089760442114043,0.6089760442114043,St. John's,DePaul,6,6,NA,400588454,2015-02-11
49,1,11:57,1917,1917,Phil Greene IV missed Three Point Jumper.,20,16,4,0,0.609273923347929,0.609273923347929,St. John's,DePaul,6,6,NA,400588454,2015-02-11
50,1,11:57,1917,1917,Durrell McDonald Defensive Rebound.,20,16,4,25,0.609273923347929,0.609273923347929,St. John's,DePaul,6,6,NA,400588454,2015-02-11
51,1,11:32,1892,1892,Durrell McDonald missed Jumper.,20,16,4,0,0.6105125661400257,0.6105125661400257,St. John's,DePaul,6,6,NA,400588454,2015-02-11
52,1,11:32,1892,1892,D'Angelo Harrison Block.,20,16,4,0,0.6105125661400257,0.6105125661400257,St. John's,DePaul,6,6,NA,400588454,2015-02-11
53,1,11:32,1892,1892,Tommy Hamilton IV Offensive Rebound.,20,16,4,0,0.6105125661400257,0.6105125661400257,St. John's,DePaul,6,6,NA,400588454,2015-02-11
54,1,11:32,1892,1892,Tommy Hamilton IV made Jumper.,20,18,2,3,0.5559481345600445,0.5559481345600445,St. John's,DePaul,6,6,NA,400588454,2015-02-11
55,1,11:29,1889,1889,Foul on Rysheed Jordan.,20,18,2,0,0.5560252272305706,0.5560252272305706,St. John's,DePaul,6,6,NA,400588454,2015-02-11
56,1,11:29,1889,1889,Official TV Timeout,20,18,2,0,0.5560252272305706,0.5560252272305706,St. John's,DePaul,6,6,NA,400588454,2015-02-11
57,1,11:29,1889,1889,Tommy Hamilton IV missed Free Throw.,20,18,2,0,0.5560252272305706,0.5560252272305706,St. John's,DePaul,6,6,NA,400588454,2015-02-11
58,1,11:29,1889,1889,Sir'Dominic Pointer Defensive Rebound.,20,18,2,12,0.5560252272305706,0.5560252272305706,St. John's,DePaul,6,6,NA,400588454,2015-02-11
59,1,11:17,1877,1877,D'Angelo Harrison Turnover.,20,18,2,0,0.5563337145941314,0.5563337145941314,St. John's,DePaul,6,6,NA,400588454,2015-02-11
60,1,11:17,1877,1877,Foul on D'Angelo Harrison.,20,18,2,27,0.5563337145941314,0.5563337145941314,St. John's,DePaul,6,6,NA,400588454,2015-02-11
61,1,10:50,1850,1850,Foul on Tommy Hamilton IV.,20,18,2,0,0.5570296260454703,0.5570296260454703,St. John's,DePaul,6,6,NA,400588454,2015-02-11
62,1,10:50,1850,1850,Tommy Hamilton IV Turnover.,20,18,2,5,0.5570296260454703,0.5570296260454703,St. John's,DePaul,6,6,NA,400588454,2015-02-11
63,1,10:45,1845,1845,Amar Alibegovic missed Three Point Jumper.,20,18,2,0,0.5571589544419538,0.5571589544419538,St. John's,DePaul,6,6,NA,400588454,2015-02-11
64,1,10:45,1845,1845,Darrick Wood Defensive Rebound.,20,18,2,0,0.5571589544419538,0.5571589544419538,St. John's,DePaul,6,6,NA,400588454,2015-02-11
65,1,10:45,1845,1845,Darrick Wood missed Jumper.,20,18,2,0,0.5571589544419538,0.5571589544419538,St. John's,DePaul,6,6,NA,400588454,2015-02-11
66,1,10:45,1845,1845,Sir'Dominic Pointer Block.,20,18,2,0,0.5571589544419538,0.5571589544419538,St. John's,DePaul,6,6,NA,400588454,2015-02-11
67,1,10:45,1845,1845,Rashaun Stimage Offensive Rebound.,20,18,2,30,0.5571589544419538,0.5571589544419538,St. John's,DePaul,6,6,NA,400588454,2015-02-11
68,1,10:15,1815,1815,Rashaun Stimage missed Jumper.,20,18,2,0,0.5579395809601588,0.5579395809601588,St. John's,DePaul,6,6,NA,400588454,2015-02-11
69,1,10:15,1815,1815,Rysheed Jordan Block.,20,18,2,0,0.5579395809601588,0.5579395809601588,St. John's,DePaul,6,6,NA,400588454,2015-02-11
70,1,10:15,1815,1815,St. John's Defensive Rebound.,20,18,2,12,0.5579395809601588,0.5579395809601588,St. John's,DePaul,6,6,NA,400588454,2015-02-11
71,1,10:03,1803,1803,Jamal Branch Turnover.,20,18,2,0,0.5582546715191289,0.5582546715191289,St. John's,DePaul,6,6,NA,400588454,2015-02-11
72,1,10:03,1803,1803,Jamee Crockett Steal.,20,18,2,0,0.5582546715191289,0.5582546715191289,St. John's,DePaul,6,6,NA,400588454,2015-02-11
73,1,10:03,1803,1803,Jamee Crockett missed Three Point Jumper.,20,18,2,0,0.5582546715191289,0.5582546715191289,St. John's,DePaul,6,6,NA,400588454,2015-02-11
74,1,10:03,1803,1803,D'Angelo Harrison Defensive Rebound.,20,18,2,0,0.5582546715191289,0.5582546715191289,St. John's,DePaul,6,6,NA,400588454,2015-02-11
75,1,10:03,1803,1803,Rysheed Jordan missed Jumper.,20,18,2,0,0.5582546715191289,0.5582546715191289,St. John's,DePaul,6,6,NA,400588454,2015-02-11
76,1,10:03,1803,1803,Amar Alibegovic Offensive Rebound.,20,18,2,0,0.5582546715191289,0.5582546715191289,St. John's,DePaul,6,6,NA,400588454,2015-02-11
77,1,10:03,1803,1803,D'Angelo Harrison missed Jumper.,20,18,2,0,0.5582546715191289,0.5582546715191289,St. John's,DePaul,6,6,NA,400588454,2015-02-11
78,1,10:03,1803,1803,Jamee Crockett Defensive Rebound.,20,18,2,0,0.5582546715191289,0.5582546715191289,St. John's,DePaul,6,6,NA,400588454,2015-02-11
79,1,10:03,1803,1803,Darrick Wood missed Three Point Jumper.,20,18,2,0,0.5582546715191289,0.5582546715191289,St. John's,DePaul,6,6,NA,400588454,2015-02-11
80,1,10:03,1803,1803,Amar Alibegovic Defensive Rebound.,20,18,2,4,0.5582546715191289,0.5582546715191289,St. John's,DePaul,6,6,NA,400588454,2015-02-11
81,1,9:59,1799,1799,Rysheed Jordan missed Three Point Jumper.,20,18,2,0,0.5583601374752247,0.5583601374752247,St. John's,DePaul,6,6,NA,400588454,2015-02-11
82,1,9:59,1799,1799,Darrick Wood Defensive Rebound.,20,18,2,78,0.5583601374752247,0.5583601374752247,St. John's,DePaul,6,6,NA,400588454,2015-02-11
83,1,8:41,1721,1721,Foul on Jamal Branch.,20,18,2,5,0.5604755920891067,0.5604755920891067,St. John's,DePaul,6,6,NA,400588454,2015-02-11
84,1,8:36,1716,1716,Myke Henry missed Layup.,20,18,2,0,0.5606159363618041,0.5606159363618041,St. John's,DePaul,6,6,NA,400588454,2015-02-11
85,1,8:36,1716,1716,D'Angelo Harrison Defensive Rebound.,20,18,2,9,0.5606159363618041,0.5606159363618041,St. John's,DePaul,6,6,NA,400588454,2015-02-11
86,1,8:27,1707,1707,Phil Greene IV made Layup.,22,18,4,19,0.6199626397229718,0.6199626397229718,St. John's,DePaul,6,6,NA,400588454,2015-02-11
87,1,8:08,1688,1688,Darrick Wood Turnover.,22,18,4,0,0.6210041164677169,0.6210041164677169,St. John's,DePaul,6,6,NA,400588454,2015-02-11
88,1,8:08,1688,1688,Phil Greene IV Steal.,22,18,4,7,0.6210041164677169,0.6210041164677169,St. John's,DePaul,6,6,NA,400588454,2015-02-11
89,1,8:01,1681,1681,D'Angelo Harrison made Three Point Jumper. Assisted by Phil Greene IV.,25,18,7,20,0.704125667584163,0.704125667584163,St. John's,DePaul,6,6,NA,400588454,2015-02-11
90,1,7:41,1661,1661,Durrell McDonald missed Three Point Jumper.,25,18,7,0,0.7057876635425343,0.7057876635425343,St. John's,DePaul,6,6,NA,400588454,2015-02-11
91,1,7:41,1661,1661,Felix Balamou Defensive Rebound.,25,18,7,0,0.7057876635425343,0.7057876635425343,St. John's,DePaul,6,6,NA,400588454,2015-02-11
92,1,7:41,1661,1661,Foul on Jamee Crockett.,25,18,7,5,0.7057876635425343,0.7057876635425343,St. John's,DePaul,6,6,NA,400588454,2015-02-11
93,1,7:36,1656,1656,Official TV Timeout,25,18,7,36,0.7061960152070704,0.7061960152070704,St. John's,DePaul,6,6,NA,400588454,2015-02-11
94,1,7:00,1620,1620,Sir'Dominic Pointer Turnover.,25,18,7,19,0.7090763358777816,0.7090763358777816,St. John's,DePaul,6,6,NA,400588454,2015-02-11
95,1,6:41,1601,1601,Jamee Crockett made Dunk. Assisted by Aaron Simpson.,25,20,5,29,0.6551020061948335,0.6551020061948335,St. John's,DePaul,6,6,NA,400588454,2015-02-11
96,1,6:12,1572,1572,Sir'Dominic Pointer made Jumper.,27,20,7,22,0.7128496735842447,0.7128496735842447,St. John's,DePaul,6,6,NA,400588454,2015-02-11
97,1,5:50,1550,1550,Aaron Simpson missed Three Point Jumper.,27,20,7,0,0.7145965287852271,0.7145965287852271,St. John's,DePaul,6,6,NA,400588454,2015-02-11
98,1,5:50,1550,1550,D'Angelo Harrison Defensive Rebound.,27,20,7,0,0.7145965287852271,0.7145965287852271,St. John's,DePaul,6,6,NA,400588454,2015-02-11
99,1,5:50,1550,1550,Phil Greene IV Turnover.,27,20,7,27,0.7145965287852271,0.7145965287852271,St. John's,DePaul,6,6,NA,400588454,2015-02-11
100,1,5:23,1523,1523,Foul on Felix Balamou.,27,20,7,0,0.7167884384311376,0.7167884384311376,St. John's,DePaul,6,6,NA,400588454,2015-02-11
101,1,5:23,1523,1523,Billy Garrett Jr. made Free Throw.,27,21,6,0,0.6891034801586782,0.6891034801586782,St. John's,DePaul,6,6,NA,400588454,2015-02-11
102,1,5:23,1523,1523,Billy Garrett Jr. missed Free Throw.,27,21,6,0,0.6891034801586782,0.6891034801586782,St. John's,DePaul,6,6,NA,400588454,2015-02-11
103,1,5:23,1523,1523,D'Angelo Harrison Defensive Rebound.,27,21,6,8,0.6891034801586782,0.6891034801586782,St. John's,DePaul,6,6,NA,400588454,2015-02-11
104,1,5:15,1515,1515,Sir'Dominic Pointer made Jumper. Assisted by Phil Greene IV.,29,21,8,19,0.7436412061173071,0.7436412061173071,St. John's,DePaul,6,6,NA,400588454,2015-02-11
105,1,4:56,1496,1496,Billy Garrett Jr. missed Three Point Jumper.,29,21,8,0,0.7453698136695622,0.7453698136695622,St. John's,DePaul,6,6,NA,400588454,2015-02-11
106,1,4:56,1496,1496,D'Angelo Harrison Defensive Rebound.,29,21,8,0,0.7453698136695622,0.7453698136695622,St. John's,DePaul,6,6,NA,400588454,2015-02-11
107,1,4:56,1496,1496,Foul on Billy Garrett Jr..,29,21,8,0,0.7453698136695622,0.7453698136695622,St. John's,DePaul,6,6,NA,400588454,2015-02-11
108,1,4:56,1496,1496,Phil Greene IV missed Free Throw.,29,21,8,0,0.7453698136695622,0.7453698136695622,St. John's,DePaul,6,6,NA,400588454,2015-02-11
109,1,4:56,1496,1496,St. John's Deadball Team Rebound.,29,21,8,0,0.7453698136695622,0.7453698136695622,St. John's,DePaul,6,6,NA,400588454,2015-02-11
110,1,4:56,1496,1496,Phil Greene IV made Free Throw.,30,21,9,18,0.7700027576931886,0.7700027576931886,St. John's,DePaul,6,6,NA,400588454,2015-02-11
111,1,4:38,1478,1478,Myke Henry missed Jumper.,30,21,9,0,0.7717757171057092,0.7717757171057092,St. John's,DePaul,6,6,NA,400588454,2015-02-11
112,1,4:38,1478,1478,Sir'Dominic Pointer Defensive Rebound.,30,21,9,10,0.7717757171057092,0.7717757171057092,St. John's,DePaul,6,6,NA,400588454,2015-02-11
113,1,4:28,1468,1468,Sir'Dominic Pointer missed Layup.,30,21,9,0,0.7727864031480011,0.7727864031480011,St. John's,DePaul,6,6,NA,400588454,2015-02-11
114,1,4:28,1468,1468,Myke Henry Defensive Rebound.,30,21,9,10,0.7727864031480011,0.7727864031480011,St. John's,DePaul,6,6,NA,400588454,2015-02-11
115,1,4:18,1458,1458,Foul on Rysheed Jordan.,30,21,9,0,0.7738173975261592,0.7738173975261592,St. John's,DePaul,6,6,NA,400588454,2015-02-11
116,1,4:18,1458,1458,Foul on Felix Balamou.,30,21,9,0,0.7738173975261592,0.7738173975261592,St. John's,DePaul,6,6,NA,400588454,2015-02-11
117,1,4:18,1458,1458,Billy Garrett Jr. made Free Throw.,30,22,8,0,0.7490077666567707,0.7490077666567707,St. John's,DePaul,6,6,NA,400588454,2015-02-11
118,1,4:18,1458,1458,Billy Garrett Jr. made Free Throw.,30,23,7,0,0.7224528716008097,0.7224528716008097,St. John's,DePaul,6,6,NA,400588454,2015-02-11
119,1,4:18,1458,1458,Aaron Simpson made Free Throw.,30,24,6,0,0.6942353886553899,0.6942353886553899,St. John's,DePaul,6,6,NA,400588454,2015-02-11
120,1,4:18,1458,1458,Technical Foul on Felix Balamou.,30,21,9,0,0.7738173975261592,0.7738173975261592,St. John's,DePaul,6,6,NA,400588454,2015-02-11
121,1,4:18,1458,1458,Aaron Simpson made Free Throw.,30,25,5,14,0.6644814236039169,0.6644814236039169,St. John's,DePaul,6,6,NA,400588454,2015-02-11
122,1,4:04,1444,1444,Sir'Dominic Pointer missed Layup.,30,25,5,0,0.6655241451732428,0.6655241451732428,St. John's,DePaul,6,6,NA,400588454,2015-02-11
123,1,4:04,1444,1444,Amar Alibegovic Offensive Rebound.,30,25,5,7,0.6655241451732428,0.6655241451732428,St. John's,DePaul,6,6,NA,400588454,2015-02-11
124,1,3:57,1437,1437,Amar Alibegovic made Layup.,32,25,7,8,0.7244113694174779,0.7244113694174779,St. John's,DePaul,6,6,NA,400588454,2015-02-11
125,1,3:49,1429,1429,Billy Garrett Jr. made Jumper.,32,27,5,11,0.6666169703778692,0.6666169703778692,St. John's,DePaul,6,6,NA,400588454,2015-02-11
126,1,3:38,1418,1418,Sir'Dominic Pointer missed Jumper.,32,27,5,0,0.667398343345384,0.667398343345384,St. John's,DePaul,6,6,NA,400588454,2015-02-11
127,1,3:38,1418,1418,Aaron Simpson Defensive Rebound.,32,27,5,19,0.667398343345384,0.667398343345384,St. John's,DePaul,6,6,NA,400588454,2015-02-11
128,1,3:19,1399,1399,Rashaun Stimage made Layup. Assisted by Myke Henry.,32,29,3,10,0.6038264068380914,0.6038264068380914,St. John's,DePaul,6,6,NA,400588454,2015-02-11
129,1,3:09,1389,1389,D'Angelo Harrison missed Three Point Jumper.,32,29,3,0,0.6042691336109013,0.6042691336109013,St. John's,DePaul,6,6,NA,400588454,2015-02-11
130,1,3:09,1389,1389,Amar Alibegovic Offensive Rebound.,32,29,3,12,0.6042691336109013,0.6042691336109013,St. John's,DePaul,6,6,NA,400588454,2015-02-11
131,1,2:57,1377,1377,Foul on Aaron Simpson.,32,29,3,0,0.6047967335748258,0.6047967335748258,St. John's,DePaul,6,6,NA,400588454,2015-02-11
132,1,2:57,1377,1377,Official TV Timeout,32,29,3,0,0.6047967335748258,0.6047967335748258,St. John's,DePaul,6,6,NA,400588454,2015-02-11
133,1,2:57,1377,1377,Felix Balamou made Free Throw.,33,29,4,0,0.6381452246244329,0.6381452246244329,St. John's,DePaul,6,6,NA,400588454,2015-02-11
134,1,2:57,1377,1377,Felix Balamou made Free Throw.,34,29,5,39,0.6702141215133028,0.6702141215133028,St. John's,DePaul,6,6,NA,400588454,2015-02-11
135,1,2:18,1338,1338,Aaron Simpson missed Jumper.,34,29,5,0,0.6728547823547187,0.6728547823547187,St. John's,DePaul,6,6,NA,400588454,2015-02-11
136,1,2:18,1338,1338,D'Angelo Harrison Defensive Rebound.,34,29,5,11,0.6728547823547187,0.6728547823547187,St. John's,DePaul,6,6,NA,400588454,2015-02-11
137,1,2:07,1327,1327,Sir'Dominic Pointer made Jumper. Assisted by Phil Greene IV.,36,29,7,9,0.7338780129044157,0.7338780129044157,St. John's,DePaul,6,6,NA,400588454,2015-02-11
138,1,1:58,1318,1318,DePaul  Timeout,36,29,7,21,0.7346564923756794,0.7346564923756794,St. John's,DePaul,5,6,NA,400588454,2015-02-11
139,1,1:37,1297,1297,Tommy Hamilton IV made Three Point Jumper. Assisted by Durrell McDonald.,36,32,4,30,0.6427656733477087,0.6427656733477087,St. John's,DePaul,5,6,NA,400588454,2015-02-11
140,1,1:07,1267,1267,Foul on Forrest Robinson.,36,32,4,0,0.6446586795451911,0.6446586795451911,St. John's,DePaul,5,6,NA,400588454,2015-02-11
141,1,1:07,1267,1267,Amar Alibegovic missed Free Throw.,36,32,4,0,0.6446586795451911,0.6446586795451911,St. John's,DePaul,5,6,NA,400588454,2015-02-11
142,1,1:07,1267,1267,Myke Henry Defensive Rebound.,36,32,4,25,0.6446586795451911,0.6446586795451911,St. John's,DePaul,5,6,NA,400588454,2015-02-11
143,1,0:42,1242,1242,Foul on Amar Alibegovic.,36,32,4,0,0.6463578801035595,0.6463578801035595,St. John's,DePaul,5,6,NA,400588454,2015-02-11
144,1,0:42,1242,1242,Billy Garrett Jr. made Free Throw.,36,33,3,0,0.6111861606037353,0.6111861606037353,St. John's,DePaul,5,6,NA,400588454,2015-02-11
145,1,0:42,1242,1242,Billy Garrett Jr. missed Free Throw.,36,33,3,0,0.6111861606037353,0.6111861606037353,St. John's,DePaul,5,6,NA,400588454,2015-02-11
146,1,0:42,1242,1242,Sir'Dominic Pointer Defensive Rebound.,36,33,3,14,0.6111861606037353,0.6111861606037353,St. John's,DePaul,5,6,NA,400588454,2015-02-11
147,1,0:28,1228,1228,D'Angelo Harrison Turnover.,36,33,3,0,0.611974563867085,0.611974563867085,St. John's,DePaul,5,6,NA,400588454,2015-02-11
148,1,0:28,1228,1228,Jamee Crockett Steal.,36,33,3,25,0.611974563867085,0.611974563867085,St. John's,DePaul,5,6,NA,400588454,2015-02-11
149,1,0:03,1203,1203,Myke Henry missed Layup.,36,33,3,0,0.6134714072603277,0.6134714072603277,St. John's,DePaul,5,6,NA,400588454,2015-02-11
150,1,0:03,1203,1203,Sir'Dominic Pointer Defensive Rebound.,36,33,3,3,0.6134714072603277,0.6134714072603277,St. John's,DePaul,5,6,NA,400588454,2015-02-11
151,1,0:00,1200,1200,End of 1st half,36,33,3,0,0.6136521367497382,0.6136521367497382,St. John's,DePaul,5,6,NA,400588454,2015-02-11
152,2,20:00,1200,1200,PLAY,36,33,3,0,0.6136521367497382,0.6136521367497382,St. John's,DePaul,5,6,NA,400588454,2015-02-11
153,2,20:00,1200,1200,Jump Ball won by DePaul,36,33,3,11,0.6136521367497382,0.6136521367497382,St. John's,DePaul,5,6,NA,400588454,2015-02-11
154,2,19:49,1189,1189,Tommy Hamilton IV Turnover.,36,33,3,0,0.6143057500313388,0.6143057500313388,St. John's,DePaul,5,6,NA,400588454,2015-02-11
155,2,19:49,1189,1189,D'Angelo Harrison Steal.,36,33,3,5,0.6143057500313388,0.6143057500313388,St. John's,DePaul,5,6,NA,400588454,2015-02-11
156,2,19:44,1184,1184,Foul on Billy Garrett Jr..,36,33,3,0,0.6145986360015855,0.6145986360015855,St. John's,DePaul,5,6,NA,400588454,2015-02-11
157,2,19:44,1184,1184,Rysheed Jordan made Free Throw.,37,33,4,0,0.6507290831626316,0.6507290831626316,St. John's,DePaul,5,6,NA,400588454,2015-02-11
158,2,19:44,1184,1184,Rysheed Jordan missed Free Throw.,37,33,4,0,0.6507290831626316,0.6507290831626316,St. John's,DePaul,5,6,NA,400588454,2015-02-11
159,2,19:44,1184,1184,Tommy Hamilton IV Defensive Rebound.,37,33,4,20,0.6507290831626316,0.6507290831626316,St. John's,DePaul,5,6,NA,400588454,2015-02-11
160,2,19:24,1164,1164,Jamee Crockett made Three Point Jumper. Assisted by Billy Garrett Jr..,37,36,1,13,0.5392148367937986,0.5392148367937986,St. John's,DePaul,5,6,NA,400588454,2015-02-11
161,2,19:11,1151,1151,D'Angelo Harrison Turnover.,37,36,1,13,0.5394725344729387,0.5394725344729387,St. John's,DePaul,5,6,NA,400588454,2015-02-11
162,2,18:58,1138,1138,Tommy Hamilton IV missed Jumper.,37,36,1,0,0.539728779539438,0.539728779539438,St. John's,DePaul,5,6,NA,400588454,2015-02-11
163,2,18:58,1138,1138,D'Angelo Harrison Defensive Rebound.,37,36,1,9,0.539728779539438,0.539728779539438,St. John's,DePaul,5,6,NA,400588454,2015-02-11
164,2,18:49,1129,1129,Phil Greene IV made Three Point Jumper. Assisted by Rysheed Jordan.,40,36,4,38,0.6547215308742119,0.6547215308742119,St. John's,DePaul,5,6,NA,400588454,2015-02-11
165,2,18:11,1091,1091,Aaron Simpson missed Three Point Jumper.,40,36,4,0,0.657484043492174,0.657484043492174,St. John's,DePaul,5,6,NA,400588454,2015-02-11
166,2,18:11,1091,1091,D'Angelo Harrison Defensive Rebound.,40,36,4,6,0.657484043492174,0.657484043492174,St. John's,DePaul,5,6,NA,400588454,2015-02-11
167,2,18:05,1085,1085,Sir'Dominic Pointer made Layup. Assisted by D'Angelo Harrison.,42,36,6,6,0.7273329458538029,0.7273329458538029,St. John's,DePaul,5,6,NA,400588454,2015-02-11
168,2,17:59,1079,1079,DePaul  Timeout,42,36,6,11,0.7279296929863431,0.7279296929863431,St. John's,DePaul,4,6,NA,400588454,2015-02-11
169,2,17:48,1068,1068,Jamee Crockett made Three Point Jumper. Assisted by Myke Henry.,42,39,3,18,0.6212551273654673,0.6212551273654673,St. John's,DePaul,4,6,NA,400588454,2015-02-11
170,2,17:30,1050,1050,Foul on Aaron Simpson.,42,39,3,0,0.6223719432175817,0.6223719432175817,St. John's,DePaul,4,6,NA,400588454,2015-02-11
171,2,17:30,1050,1050,Phil Greene IV made Free Throw.,43,39,4,0,0.6606452253776699,0.6606452253776699,St. John's,DePaul,4,6,NA,400588454,2015-02-11
172,2,17:30,1050,1050,Phil Greene IV made Free Throw.,44,39,5,17,0.6969284000228988,0.6969284000228988,St. John's,DePaul,4,6,NA,400588454,2015-02-11
173,2,17:13,1033,1033,Tommy Hamilton IV made Three Point Jumper. Assisted by Durrell McDonald.,44,42,2,22,0.5832717742657493,0.5832717742657493,St. John's,DePaul,4,6,NA,400588454,2015-02-11
174,2,16:51,1011,1011,Sir'Dominic Pointer made Jumper.,46,42,4,19,0.6639731574944381,0.6639731574944381,St. John's,DePaul,4,6,NA,400588454,2015-02-11
175,2,16:32,992,992,Tommy Hamilton IV missed Jumper.,46,42,4,0,0.6657505304713511,0.6657505304713511,St. John's,DePaul,4,6,NA,400588454,2015-02-11
176,2,16:32,992,992,Sir'Dominic Pointer Block.,46,42,4,0,0.6657505304713511,0.6657505304713511,St. John's,DePaul,4,6,NA,400588454,2015-02-11
177,2,16:32,992,992,Sir'Dominic Pointer Defensive Rebound.,46,42,4,15,0.6657505304713511,0.6657505304713511,St. John's,DePaul,4,6,NA,400588454,2015-02-11
178,2,16:17,977,977,D'Angelo Harrison made Layup.,48,42,6,0,0.7395428710357697,0.7395428710357697,St. John's,DePaul,4,6,NA,400588454,2015-02-11
179,2,16:17,977,977,Foul on Myke Henry.,48,42,6,0,0.7395428710357697,0.7395428710357697,St. John's,DePaul,4,6,NA,400588454,2015-02-11
180,2,16:17,977,977,D'Angelo Harrison made Free Throw.,49,42,7,18,0.7716279325633341,0.7716279325633341,St. John's,DePaul,4,6,NA,400588454,2015-02-11
181,2,15:59,959,959,Jamee Crockett missed Three Point Jumper.,49,42,7,0,0.7741750853344888,0.7741750853344888,St. John's,DePaul,4,6,NA,400588454,2015-02-11
182,2,15:59,959,959,St. John's Defensive Rebound.,49,42,7,2,0.7741750853344888,0.7741750853344888,St. John's,DePaul,4,6,NA,400588454,2015-02-11
183,2,15:57,957,957,Official TV Timeout,49,42,7,11,0.7744446522547387,0.7744446522547387,St. John's,DePaul,4,6,NA,400588454,2015-02-11
184,2,15:46,946,946,Rysheed Jordan Turnover.,49,42,7,0,0.7758730363919829,0.7758730363919829,St. John's,DePaul,4,6,NA,400588454,2015-02-11
185,2,15:46,946,946,Myke Henry Steal.,49,42,7,0,0.7758730363919829,0.7758730363919829,St. John's,DePaul,4,6,NA,400588454,2015-02-11
186,2,15:46,946,946,Foul on Sir'Dominic Pointer.,49,42,7,26,0.7758730363919829,0.7758730363919829,St. John's,DePaul,4,6,NA,400588454,2015-02-11
187,2,15:20,920,920,Jamee Crockett missed Layup.,49,42,7,0,0.7789501460298444,0.7789501460298444,St. John's,DePaul,4,6,NA,400588454,2015-02-11
188,2,15:20,920,920,Rysheed Jordan Defensive Rebound.,49,42,7,7,0.7789501460298444,0.7789501460298444,St. John's,DePaul,4,6,NA,400588454,2015-02-11
189,2,15:13,913,913,Foul on Durrell McDonald.,49,42,7,0,0.7797242517640359,0.7797242517640359,St. John's,DePaul,4,6,NA,400588454,2015-02-11
190,2,15:13,913,913,Rysheed Jordan made Free Throw.,50,42,8,0,0.8091721840351559,0.8091721840351559,St. John's,DePaul,4,6,NA,400588454,2015-02-11
191,2,15:13,913,913,Rysheed Jordan made Free Throw.,51,42,9,12,0.8355138043019306,0.8355138043019306,St. John's,DePaul,4,6,NA,400588454,2015-02-11
192,2,15:01,901,901,Billy Garrett Jr. missed Three Point Jumper.,51,42,9,0,0.8368400644454349,0.8368400644454349,St. John's,DePaul,4,6,NA,400588454,2015-02-11
193,2,15:01,901,901,Tommy Hamilton IV Offensive Rebound.,51,42,9,2,0.8368400644454349,0.8368400644454349,St. John's,DePaul,4,6,NA,400588454,2015-02-11
194,2,14:59,899,899,Tommy Hamilton IV made Layup.,51,44,7,0,0.7812264983778009,0.7812264983778009,St. John's,DePaul,4,6,NA,400588454,2015-02-11
195,2,14:59,899,899,Foul on Felix Balamou.,51,44,7,0,0.7812264983778009,0.7812264983778009,St. John's,DePaul,4,6,NA,400588454,2015-02-11
196,2,14:59,899,899,Tommy Hamilton IV missed Free Throw.,51,44,7,0,0.7812264983778009,0.7812264983778009,St. John's,DePaul,4,6,NA,400588454,2015-02-11
197,2,14:59,899,899,Sir'Dominic Pointer Defensive Rebound.,51,44,7,18,0.7812264983778009,0.7812264983778009,St. John's,DePaul,4,6,NA,400588454,2015-02-11
198,2,14:41,881,881,D'Angelo Harrison made Three Point Jumper.,54,44,10,28,0.8622463562471521,0.8622463562471521,St. John's,DePaul,4,6,NA,400588454,2015-02-11
199,2,14:13,853,853,Durrell McDonald missed Three Point Jumper.,54,44,10,0,0.8651581137891377,0.8651581137891377,St. John's,DePaul,4,6,NA,400588454,2015-02-11
200,2,14:13,853,853,Rysheed Jordan Defensive Rebound.,54,44,10,17,0.8651581137891377,0.8651581137891377,St. John's,DePaul,4,6,NA,400588454,2015-02-11
201,2,13:56,836,836,D'Angelo Harrison made Three Point Jumper. Assisted by Rysheed Jordan.,57,44,13,0,0.9196054431950378,0.9196054431950378,St. John's,DePaul,4,6,NA,400588454,2015-02-11
202,2,13:56,836,836,Official TV Timeout,57,44,13,32,0.9196054431950378,0.9196054431950378,St. John's,DePaul,4,6,NA,400588454,2015-02-11
203,2,13:24,804,804,Myke Henry missed Jumper.,57,44,13,0,0.9227186195133538,0.9227186195133538,St. John's,DePaul,4,6,NA,400588454,2015-02-11
204,2,13:24,804,804,DePaul Offensive Rebound.,57,44,13,30,0.9227186195133538,0.9227186195133538,St. John's,DePaul,4,6,NA,400588454,2015-02-11
205,2,12:54,774,774,Rashaun Stimage made Jumper.,57,46,11,25,0.8946119408305531,0.8946119408305531,St. John's,DePaul,4,6,NA,400588454,2015-02-11
206,2,12:29,749,749,Phil Greene IV missed Jumper.,57,46,11,0,0.8983363321770425,0.8983363321770425,St. John's,DePaul,4,6,NA,400588454,2015-02-11
207,2,12:29,749,749,St. John's Offensive Rebound.,57,46,11,4,0.8983363321770425,0.8983363321770425,St. John's,DePaul,4,6,NA,400588454,2015-02-11
208,2,12:25,745,745,Foul on Forrest Robinson.,57,46,11,10,0.8989800843870608,0.8989800843870608,St. John's,DePaul,4,6,NA,400588454,2015-02-11
209,2,12:15,735,735,Rysheed Jordan missed Three Point Jumper.,57,46,11,0,0.900650775358626,0.900650775358626,St. John's,DePaul,4,6,NA,400588454,2015-02-11
210,2,12:15,735,735,Aaron Simpson Defensive Rebound.,57,46,11,11,0.900650775358626,0.900650775358626,St. John's,DePaul,4,6,NA,400588454,2015-02-11
211,2,12:04,724,724,Durrell McDonald made Jumper.,57,48,9,0,0.8607038473756132,0.8607038473756132,St. John's,DePaul,4,6,NA,400588454,2015-02-11
212,2,12:04,724,724,Foul on D'Angelo Harrison.,57,48,9,0,0.8607038473756132,0.8607038473756132,St. John's,DePaul,4,6,NA,400588454,2015-02-11
213,2,12:04,724,724,Durrell McDonald made Free Throw.,57,49,8,10,0.8346293503451502,0.8346293503451502,St. John's,DePaul,4,6,NA,400588454,2015-02-11
214,2,11:54,714,714,Foul on Durrell McDonald.,57,49,8,0,0.8364527104810843,0.8364527104810843,St. John's,DePaul,4,6,NA,400588454,2015-02-11
215,2,11:54,714,714,Technical Foul on D'Angelo Harrison.,57,49,8,0,0.8364527104810843,0.8364527104810843,St. John's,DePaul,4,6,NA,400588454,2015-02-11
216,2,11:54,714,714,Foul on D'Angelo Harrison.,57,49,8,0,0.8364527104810843,0.8364527104810843,St. John's,DePaul,4,6,NA,400588454,2015-02-11
217,2,11:54,714,714,Billy Garrett Jr. made Free Throw.,57,51,6,0,0.772775638706336,0.772775638706336,St. John's,DePaul,4,6,NA,400588454,2015-02-11
218,2,11:54,714,714,Official TV Timeout,57,49,8,0,0.8364527104810843,0.8364527104810843,St. John's,DePaul,4,6,NA,400588454,2015-02-11
219,2,11:54,714,714,Billy Garrett Jr. made Free Throw.,57,50,7,5,0.8065987567229811,0.8065987567229811,St. John's,DePaul,4,6,NA,400588454,2015-02-11
220,2,11:49,709,709,Amar Alibegovic Turnover.,57,51,6,0,0.7736039134633304,0.7736039134633304,St. John's,DePaul,4,6,NA,400588454,2015-02-11
221,2,11:49,709,709,Foul on Amar Alibegovic.,57,51,6,16,0.7736039134633304,0.7736039134633304,St. John's,DePaul,4,6,NA,400588454,2015-02-11
222,2,11:33,693,693,Foul on Rysheed Jordan.,57,51,6,0,0.7760830375691893,0.7760830375691893,St. John's,DePaul,4,6,NA,400588454,2015-02-11
223,2,11:33,693,693,Billy Garrett Jr. made Free Throw.,57,52,5,0,0.7380427063785827,0.7380427063785827,St. John's,DePaul,4,6,NA,400588454,2015-02-11
224,2,11:33,693,693,Billy Garrett Jr. made Free Throw.,57,53,4,12,0.6960707072411941,0.6960707072411941,St. John's,DePaul,4,6,NA,400588454,2015-02-11
225,2,11:21,681,681,Foul on Durrell McDonald.,57,53,4,0,0.6974790252363775,0.6974790252363775,St. John's,DePaul,4,6,NA,400588454,2015-02-11
226,2,11:21,681,681,D'Angelo Harrison made Free Throw.,58,53,5,0,0.7396503975045585,0.7396503975045585,St. John's,DePaul,4,6,NA,400588454,2015-02-11
227,2,11:21,681,681,D'Angelo Harrison made Free Throw.,59,53,6,19,0.7778157612021708,0.7778157612021708,St. John's,DePaul,4,6,NA,400588454,2015-02-11
228,2,11:02,662,662,Myke Henry made Three Point Jumper. Assisted by Jamee Crockett.,59,56,3,21,0.6534262631818734,0.6534262631818734,St. John's,DePaul,4,6,NA,400588454,2015-02-11
229,2,10:41,641,641,Sir'Dominic Pointer missed Jumper.,59,56,3,0,0.6553575880816715,0.6553575880816715,St. John's,DePaul,4,6,NA,400588454,2015-02-11
230,2,10:41,641,641,Rashaun Stimage Defensive Rebound.,59,56,3,9,0.6553575880816715,0.6553575880816715,St. John's,DePaul,4,6,NA,400588454,2015-02-11
231,2,10:32,632,632,Foul on Myke Henry.,59,56,3,0,0.65622331826868,0.65622331826868,St. John's,DePaul,4,6,NA,400588454,2015-02-11
232,2,10:32,632,632,Myke Henry Turnover.,59,56,3,13,0.65622331826868,0.65622331826868,St. John's,DePaul,4,6,NA,400588454,2015-02-11
233,2,10:19,619,619,D'Angelo Harrison made Jumper.,61,56,5,29,0.7478698344902738,0.7478698344902738,St. John's,DePaul,4,6,NA,400588454,2015-02-11
234,2,9:50,590,590,Tommy Hamilton IV made Jumper.,61,58,3,23,0.6609427246739727,0.6609427246739727,St. John's,DePaul,4,6,NA,400588454,2015-02-11
235,2,9:27,567,567,Rysheed Jordan missed Jumper.,61,58,3,0,0.6642672080633827,0.6642672080633827,St. John's,DePaul,4,6,NA,400588454,2015-02-11
236,2,9:27,567,567,Tommy Hamilton IV Defensive Rebound.,61,58,3,15,0.6642672080633827,0.6642672080633827,St. John's,DePaul,4,6,NA,400588454,2015-02-11
237,2,9:12,552,552,Myke Henry missed Dunk.,61,58,3,0,0.6668244142873493,0.6668244142873493,St. John's,DePaul,4,6,NA,400588454,2015-02-11
238,2,9:12,552,552,Myke Henry Offensive Rebound.,61,58,3,11,0.6668244142873493,0.6668244142873493,St. John's,DePaul,4,6,NA,400588454,2015-02-11
239,2,9:01,541,541,Myke Henry made Jumper.,61,60,1,14,0.558285491680857,0.558285491680857,St. John's,DePaul,4,6,NA,400588454,2015-02-11
240,2,8:47,527,527,Foul on Tommy Hamilton IV.,61,60,1,0,0.5590878001235724,0.5590878001235724,St. John's,DePaul,4,6,NA,400588454,2015-02-11
241,2,8:47,527,527,Sir'Dominic Pointer made Free Throw.,62,60,2,0,0.6165479530151068,0.6165479530151068,St. John's,DePaul,4,6,NA,400588454,2015-02-11
242,2,8:47,527,527,Sir'Dominic Pointer missed Free Throw.,62,60,2,0,0.6165479530151068,0.6165479530151068,St. John's,DePaul,4,6,NA,400588454,2015-02-11
243,2,8:47,527,527,Rashaun Stimage Defensive Rebound.,62,60,2,11,0.6165479530151068,0.6165479530151068,St. John's,DePaul,4,6,NA,400588454,2015-02-11
244,2,8:36,516,516,Billy Garrett Jr. missed Jumper.,62,60,2,0,0.617639394332909,0.617639394332909,St. John's,DePaul,4,6,NA,400588454,2015-02-11
245,2,8:36,516,516,Sir'Dominic Pointer Block.,62,60,2,0,0.617639394332909,0.617639394332909,St. John's,DePaul,4,6,NA,400588454,2015-02-11
246,2,8:36,516,516,DePaul Offensive Rebound.,62,60,2,18,0.617639394332909,0.617639394332909,St. John's,DePaul,4,6,NA,400588454,2015-02-11
247,2,8:18,498,498,Billy Garrett Jr. made Jumper.,62,62,0,14,0.5,0.5,St. John's,DePaul,4,6,NA,400588454,2015-02-11
248,2,8:04,484,484,Rysheed Jordan missed Jumper.,62,62,0,0,0.5,0.5,St. John's,DePaul,4,6,NA,400588454,2015-02-11
249,2,8:04,484,484,Sir'Dominic Pointer Offensive Rebound.,62,62,0,13,0.5,0.5,St. John's,DePaul,4,6,NA,400588454,2015-02-11
250,2,7:51,471,471,Sir'Dominic Pointer made Jumper.,64,62,2,5,0.6221090168863457,0.6221090168863457,St. John's,DePaul,4,6,NA,400588454,2015-02-11
251,2,7:46,466,466,Billy Garrett Jr. missed Three Point Jumper.,64,62,2,0,0.6226995794836612,0.6226995794836612,St. John's,DePaul,4,6,NA,400588454,2015-02-11
252,2,7:46,466,466,Tommy Hamilton IV Offensive Rebound.,64,62,2,0,0.6226995794836612,0.6226995794836612,St. John's,DePaul,4,6,NA,400588454,2015-02-11
253,2,7:46,466,466,Tommy Hamilton IV missed Jumper.,64,62,2,0,0.6226995794836612,0.6226995794836612,St. John's,DePaul,4,6,NA,400588454,2015-02-11
254,2,7:46,466,466,D'Angelo Harrison Defensive Rebound.,64,62,2,9,0.6226995794836612,0.6226995794836612,St. John's,DePaul,4,6,NA,400588454,2015-02-11
255,2,7:37,457,457,D'Angelo Harrison missed Three Point Jumper.,64,62,2,0,0.6238551239199954,0.6238551239199954,St. John's,DePaul,4,6,NA,400588454,2015-02-11
256,2,7:37,457,457,Phil Greene IV Offensive Rebound.,64,62,2,0,0.6238551239199954,0.6238551239199954,St. John's,DePaul,4,6,NA,400588454,2015-02-11
257,2,7:37,457,457,Phil Greene IV made Layup.,66,62,4,0,0.7333893892863276,0.7333893892863276,St. John's,DePaul,4,6,NA,400588454,2015-02-11
258,2,7:37,457,457,St. John's  Timeout,66,62,4,12,0.7333893892863276,0.7333893892863276,St. John's,DePaul,4,5,NA,400588454,2015-02-11
259,2,7:25,445,445,Foul on D'Angelo Harrison.,66,62,4,0,0.7363233877759269,0.7363233877759269,St. John's,DePaul,4,5,NA,400588454,2015-02-11
260,2,7:25,445,445,DePaul  Timeout,66,62,4,0,0.7363233877759269,0.7363233877759269,St. John's,DePaul,3,5,NA,400588454,2015-02-11
261,2,7:25,445,445,Myke Henry made Free Throw.,66,63,3,0,0.6835662125453067,0.6835662125453067,St. John's,DePaul,3,5,NA,400588454,2015-02-11
262,2,7:25,445,445,Myke Henry made Free Throw.,66,64,2,24,0.6256202742593109,0.6256202742593109,St. John's,DePaul,3,5,NA,400588454,2015-02-11
263,2,7:01,421,421,Phil Greene IV missed Jumper.,66,64,2,0,0.6299774633162504,0.6299774633162504,St. John's,DePaul,3,5,NA,400588454,2015-02-11
264,2,7:01,421,421,Phil Greene IV Offensive Rebound.,66,64,2,0,0.6299774633162504,0.6299774633162504,St. John's,DePaul,3,5,NA,400588454,2015-02-11
265,2,7:01,421,421,Phil Greene IV missed Layup.,66,64,2,0,0.6299774633162504,0.6299774633162504,St. John's,DePaul,3,5,NA,400588454,2015-02-11
266,2,7:01,421,421,Jamee Crockett Block.,66,64,2,0,0.6299774633162504,0.6299774633162504,St. John's,DePaul,3,5,NA,400588454,2015-02-11
267,2,7:01,421,421,Sir'Dominic Pointer Offensive Rebound.,66,64,2,8,0.6299774633162504,0.6299774633162504,St. John's,DePaul,3,5,NA,400588454,2015-02-11
268,2,6:53,413,413,D'Angelo Harrison made Three Point Jumper. Assisted by Sir'Dominic Pointer.,69,64,5,22,0.7934219232390805,0.7934219232390805,St. John's,DePaul,3,5,NA,400588454,2015-02-11
269,2,6:31,391,391,Myke Henry missed Three Point Jumper.,69,64,5,0,0.7999553507168292,0.7999553507168292,St. John's,DePaul,3,5,NA,400588454,2015-02-11
270,2,6:31,391,391,Rysheed Jordan Defensive Rebound.,69,64,5,9,0.7999553507168292,0.7999553507168292,St. John's,DePaul,3,5,NA,400588454,2015-02-11
271,2,6:22,382,382,Foul on Rysheed Jordan.,69,64,5,0,0.8025975179628169,0.8025975179628169,St. John's,DePaul,3,5,NA,400588454,2015-02-11
272,2,6:22,382,382,Rysheed Jordan Turnover.,69,64,5,10,0.8025975179628169,0.8025975179628169,St. John's,DePaul,3,5,NA,400588454,2015-02-11
273,2,6:12,372,372,Jamee Crockett made Three Point Jumper. Assisted by Durrell McDonald.,69,67,2,19,0.638464273117361,0.638464273117361,St. John's,DePaul,3,5,NA,400588454,2015-02-11
274,2,5:53,353,353,Foul on Jamee Crockett.,69,67,2,0,0.6421702254257095,0.6421702254257095,St. John's,DePaul,3,5,NA,400588454,2015-02-11
275,2,5:53,353,353,D'Angelo Harrison made Free Throw.,70,67,3,0,0.7062404222290122,0.7062404222290122,St. John's,DePaul,3,5,NA,400588454,2015-02-11
276,2,5:53,353,353,D'Angelo Harrison made Free Throw.,71,67,4,0,0.7630712721415126,0.7630712721415126,St. John's,DePaul,3,5,NA,400588454,2015-02-11
277,2,5:53,353,353,St. John's  Timeout,71,67,4,30,0.7630712721415126,0.7630712721415126,St. John's,DePaul,3,4,NA,400588454,2015-02-11
278,2,5:23,323,323,Billy Garrett Jr. Turnover.,71,67,4,0,0.7745916453989475,0.7745916453989475,St. John's,DePaul,3,4,NA,400588454,2015-02-11
279,2,5:23,323,323,Rysheed Jordan Steal.,71,67,4,3,0.7745916453989475,0.7745916453989475,St. John's,DePaul,3,4,NA,400588454,2015-02-11
280,2,5:20,320,320,Foul on Durrell McDonald.,71,67,4,0,0.7759458905641907,0.7759458905641907,St. John's,DePaul,3,4,NA,400588454,2015-02-11
281,2,5:20,320,320,Rysheed Jordan made Free Throw.,72,67,5,0,0.8253096985658215,0.8253096985658215,St. John's,DePaul,3,4,NA,400588454,2015-02-11
282,2,5:20,320,320,Rysheed Jordan missed Free Throw.,72,67,5,0,0.8253096985658215,0.8253096985658215,St. John's,DePaul,3,4,NA,400588454,2015-02-11
283,2,5:20,320,320,Myke Henry Defensive Rebound.,72,67,5,20,0.8253096985658215,0.8253096985658215,St. John's,DePaul,3,4,NA,400588454,2015-02-11
284,2,5:00,300,300,Myke Henry missed Jumper.,72,67,5,0,0.8340461002822144,0.8340461002822144,St. John's,DePaul,3,4,NA,400588454,2015-02-11
285,2,5:00,300,300,Sir'Dominic Pointer Defensive Rebound.,72,67,5,16,0.8340461002822144,0.8340461002822144,St. John's,DePaul,3,4,NA,400588454,2015-02-11
286,2,4:44,284,284,Phil Greene IV made Jumper.,74,67,7,27,0.9065898019654113,0.9065898019654113,St. John's,DePaul,3,4,NA,400588454,2015-02-11
287,2,4:17,257,257,Jamee Crockett missed Three Point Jumper.,74,67,7,0,0.9025312735463765,0.9025312735463765,St. John's,DePaul,3,4,NA,400588454,2015-02-11
288,2,4:17,257,257,Phil Greene IV Defensive Rebound.,74,67,7,34,0.9025312735463765,0.9025312735463765,St. John's,DePaul,3,4,NA,400588454,2015-02-11
289,2,3:43,223,223,Phil Greene IV missed Layup.,74,67,7,0,0.9017230148046474,0.9017230148046474,St. John's,DePaul,3,4,NA,400588454,2015-02-11
290,2,3:43,223,223,Phil Greene IV Offensive Rebound.,74,67,7,7,0.9017230148046474,0.9017230148046474,St. John's,DePaul,3,4,NA,400588454,2015-02-11
291,2,3:36,216,216,Phil Greene IV made Jumper.,76,67,9,0,0.9470080709879418,0.9470080709879418,St. John's,DePaul,3,4,NA,400588454,2015-02-11
292,2,3:36,216,216,Tommy Hamilton IV Turnover.,76,67,9,0,0.9470080709879418,0.9470080709879418,St. John's,DePaul,3,4,NA,400588454,2015-02-11
293,2,3:36,216,216,Rysheed Jordan Steal.,76,67,9,0,0.9470080709879418,0.9470080709879418,St. John's,DePaul,3,4,NA,400588454,2015-02-11
294,2,3:36,216,216,Foul on Myke Henry.,76,67,9,1,0.9470080709879418,0.9470080709879418,St. John's,DePaul,3,4,NA,400588454,2015-02-11
295,2,3:35,215,215,Official TV Timeout,76,67,9,0,0.9473196398358118,0.9473196398358118,St. John's,DePaul,3,4,NA,400588454,2015-02-11
296,2,3:35,215,215,Rysheed Jordan made Free Throw.,77,67,10,0,0.9612251792409465,0.9612251792409465,St. John's,DePaul,3,4,NA,400588454,2015-02-11
297,2,3:35,215,215,Rysheed Jordan made Free Throw.,78,67,11,29,0.9715703585244422,0.9715703585244422,St. John's,DePaul,3,4,NA,400588454,2015-02-11
298,2,3:06,186,186,Myke Henry missed Three Point Jumper.,78,67,11,0,0.9819182764928265,0.9819182764928265,St. John's,DePaul,3,4,NA,400588454,2015-02-11
299,2,3:06,186,186,Felix Balamou Defensive Rebound.,78,67,11,36,0.9819182764928265,0.9819182764928265,St. John's,DePaul,3,4,NA,400588454,2015-02-11
300,2,2:30,150,150,Felix Balamou missed Layup.,78,67,11,0,0.9924972184457792,0.9924972184457792,St. John's,DePaul,3,4,NA,400588454,2015-02-11
301,2,2:30,150,150,Tommy Hamilton IV Block.,78,67,11,0,0.9924972184457792,0.9924972184457792,St. John's,DePaul,3,4,NA,400588454,2015-02-11
302,2,2:30,150,150,Myke Henry Defensive Rebound.,78,67,11,7,0.9924972184457792,0.9924972184457792,St. John's,DePaul,3,4,NA,400588454,2015-02-11
303,2,2:23,143,143,Jamee Crockett made Layup.,78,69,9,0,0.9846331001147669,0.9846331001147669,St. John's,DePaul,3,4,NA,400588454,2015-02-11
304,2,2:23,143,143,DePaul  Timeout,78,69,9,19,0.9846331001147669,0.9846331001147669,St. John's,DePaul,2,4,NA,400588454,2015-02-11
305,2,2:04,124,124,Sir'Dominic Pointer Turnover.,78,69,9,0,0.9906385094424888,0.9906385094424888,St. John's,DePaul,2,4,NA,400588454,2015-02-11
306,2,2:04,124,124,Myke Henry Steal.,78,69,9,16,0.9906385094424888,0.9906385094424888,St. John's,DePaul,2,4,NA,400588454,2015-02-11
307,2,1:48,108,108,Tommy Hamilton IV made Dunk. Assisted by Jamee Crockett.,78,71,7,11,0.9823590594962671,0.9823590594962671,St. John's,DePaul,2,4,NA,400588454,2015-02-11
308,2,1:37,97,97,D'Angelo Harrison missed Jumper.,78,71,7,0,0.9870445864992311,0.9870445864992311,St. John's,DePaul,2,4,NA,400588454,2015-02-11
309,2,1:37,97,97,Felix Balamou Offensive Rebound.,78,71,7,0,0.9870445864992311,0.9870445864992311,St. John's,DePaul,2,4,NA,400588454,2015-02-11
310,2,1:37,97,97,Felix Balamou Turnover.,78,71,7,10,0.9870445864992311,0.9870445864992311,St. John's,DePaul,2,4,NA,400588454,2015-02-11
311,2,1:27,87,87,Myke Henry made Layup.,78,73,5,9,0.9650143075541419,0.9650143075541419,St. John's,DePaul,2,4,NA,400588454,2015-02-11
312,2,1:18,78,78,Foul on Myke Henry.,78,73,5,0,0.9714122603985966,0.9714122603985966,St. John's,DePaul,2,4,NA,400588454,2015-02-11
313,2,1:18,78,78,Rysheed Jordan made Free Throw.,79,73,6,0,0.9856694525396819,0.9856694525396819,St. John's,DePaul,2,4,NA,400588454,2015-02-11
314,2,1:18,78,78,Rysheed Jordan made Free Throw.,80,73,7,14,0.9928685394919513,0.9928685394919513,St. John's,DePaul,2,4,NA,400588454,2015-02-11
315,2,1:04,64,64,Tommy Hamilton IV missed Dunk.,80,73,7,0,0.9956327196355618,0.9956327196355618,St. John's,DePaul,2,4,NA,400588454,2015-02-11
316,2,1:04,64,64,Sir'Dominic Pointer Block.,80,73,7,0,0.9956327196355618,0.9956327196355618,St. John's,DePaul,2,4,NA,400588454,2015-02-11
317,2,1:04,64,64,Rysheed Jordan Defensive Rebound.,80,73,7,19,0.9956327196355618,0.9956327196355618,St. John's,DePaul,2,4,NA,400588454,2015-02-11
318,2,0:45,45,45,D'Angelo Harrison made Dunk. Assisted by Rysheed Jordan.,82,73,9,0,0.999637622409992,0.999637622409992,St. John's,DePaul,2,4,NA,400588454,2015-02-11
319,2,0:45,45,45,Billy Garrett Jr. made Three Point Jumper.,82,76,6,0,0.9949416357625687,0.9949416357625687,St. John's,DePaul,2,4,NA,400588454,2015-02-11
320,2,0:45,45,45,DePaul  Timeout,82,76,6,0,0.9949416357625687,0.9949416357625687,St. John's,DePaul,1,4,NA,400588454,2015-02-11
321,2,0:45,45,45,Foul on Durrell McDonald.,82,76,6,0,0.9949416357625687,0.9949416357625687,St. John's,DePaul,1,4,NA,400588454,2015-02-11
322,2,0:45,45,45,D'Angelo Harrison made Free Throw.,83,76,7,0,0.997896221785585,0.997896221785585,St. John's,DePaul,1,4,NA,400588454,2015-02-11
323,2,0:45,45,45,D'Angelo Harrison made Free Throw.,84,76,8,6,0.9991265517926287,0.9991265517926287,St. John's,DePaul,1,4,NA,400588454,2015-02-11
324,2,0:39,39,39,Myke Henry made Layup.,84,78,6,6,0.9959100570324442,0.9959100570324442,St. John's,DePaul,1,4,NA,400588454,2015-02-11
325,2,0:33,33,33,Foul on Aaron Simpson.,84,78,6,0,0.9967167021686995,0.9967167021686995,St. John's,DePaul,1,4,NA,400588454,2015-02-11
326,2,0:33,33,33,Rysheed Jordan made Free Throw.,85,78,7,0,0.9987309556138022,0.9987309556138022,St. John's,DePaul,1,4,NA,400588454,2015-02-11
327,2,0:33,33,33,Rysheed Jordan missed Free Throw.,85,78,7,0,0.9987309556138022,0.9987309556138022,St. John's,DePaul,1,4,NA,400588454,2015-02-11
328,2,0:33,33,33,Tommy Hamilton IV Defensive Rebound.,85,78,7,14,0.9987309556138022,0.9987309556138022,St. John's,DePaul,1,4,NA,400588454,2015-02-11
329,2,0:19,19,19,Billy Garrett Jr. Turnover.,85,78,7,0,0.9993217888798495,0.9993217888798495,St. John's,DePaul,1,4,NA,400588454,2015-02-11
330,2,0:19,19,19,Sir'Dominic Pointer Steal.,85,78,7,7,0.9993217888798495,0.9993217888798495,St. John's,DePaul,1,4,NA,400588454,2015-02-11
331,2,0:12,12,12,Felix Balamou missed Dunk.,85,78,7,0,0.9995144241014755,0.9995144241014755,St. John's,DePaul,1,4,NA,400588454,2015-02-11
332,2,0:12,12,12,Rysheed Jordan Offensive Rebound.,85,78,7,0,0.9995144241014755,0.9995144241014755,St. John's,DePaul,1,4,NA,400588454,2015-02-11
333,2,0:12,12,12,Foul on Myke Henry.,85,78,7,0,0.9995144241014755,0.9995144241014755,St. John's,DePaul,1,4,NA,400588454,2015-02-11
334,2,0:12,12,12,Rysheed Jordan made Free Throw.,86,78,8,0,0.9998366814872842,0.9998366814872842,St. John's,DePaul,1,4,NA,400588454,2015-02-11
335,2,0:12,12,12,Rysheed Jordan missed Free Throw.,86,78,8,0,0.9998366814872842,0.9998366814872842,St. John's,DePaul,1,4,NA,400588454,2015-02-11
336,2,0:12,12,12,Tommy Hamilton IV Defensive Rebound.,86,78,8,6,0.9998366814872842,0.9998366814872842,St. John's,DePaul,1,4,NA,400588454,2015-02-11
337,2,0:06,6,6,Billy Garrett Jr. missed Three Point Jumper.,86,78,8,0,0.9998837482661874,0.9998837482661874,St. John's,DePaul,1,4,NA,400588454,2015-02-11
338,2,0:06,6,6,Sir'Dominic Pointer Defensive Rebound.,86,78,8,6,0.9998837482661874,0.9998837482661874,St. John's,DePaul,1,4,NA,400588454,2015-02-11
339,2,0:00,0,0,End of Game,86,78,8,0,1,1,St. John's,DePaul,1,4,NA,400588454,2015-02-11
