game_id,date,home,away,play_id,half,time_remaining_half,secs_remaining,secs_remaining_absolute,description,action_team,home_score,away_score,score_diff,play_length,scoring_play,foul,win_prob,naive_win_prob,home_time_out_remaining,away_time_out_remaining,home_favored_by,total_line,referees,arena_location,arena,capacity,attendance,shot_x,shot_y,shot_team,shot_outcome,shooter,assist,three_pt,free_throw,possession_before,possession_after,wrong_time
401725632,2024-12-30,Arizona,TCU,1,1,19:33,2373,2373,Vasean Allette missed Jumper.,away,0,0,0,0,FALSE,FALSE,0.910513267767849,0.5,6,6,14.5,146.5,Michael Greenstein/Jeffrey Anderson/Chance Moore,"Tucson, AZ",McKale Memorial Center,NA,13560,NA,NA,TCU,missed,Vasean Allette,NA,FALSE,FALSE,TCU,Arizona,FALSE
401725632,2024-12-30,Arizona,TCU,2,1,19:27,2367,2367,Trey Townsend Defensive Rebound.,home,0,0,0,6,FALSE,FALSE,0.9103962779980895,0.5,6,6,14.5,146.5,Michael Greenstein/Jeffrey Anderson/Chance Moore,"Tucson, AZ",McKale Memorial Center,NA,13560,NA,NA,NA,NA,NA,NA,NA,NA,TCU,Arizona,FALSE
401725632,2024-12-30,Arizona,TCU,3,1,19:11,2351,2351,Trey Townsend missed ,home,0,0,0,16,FALSE,FALSE,0.9100794749264873,0.5,6,6,14.5,146.5,Michael Greenstein/Jeffrey Anderson/Chance Moore,"Tucson, AZ",McKale Memorial Center,NA,13560,NA,NA,Arizona,missed,Trey Townsend,NA,FALSE,FALSE,Arizona,Arizona,FALSE
401725632,2024-12-30,Arizona,TCU,4,1,19:08,2348,2348,Trey Townsend Offensive Rebound.,home,0,0,0,3,FALSE,FALSE,0.9100192810410082,0.5,6,6,14.5,146.5,Michael Greenstein/Jeffrey Anderson/Chance Moore,"Tucson, AZ",McKale Memorial Center,NA,13560,NA,NA,NA,NA,NA,NA,NA,NA,Arizona,Arizona,FALSE
401725632,2024-12-30,Arizona,TCU,5,1,18:51,2331,2331,Jaden Bradley missed Layup.,home,0,0,0,17,FALSE,FALSE,0.909673353791532,0.5,6,6,14.5,146.5,Michael Greenstein/Jeffrey Anderson/Chance Moore,"Tucson, AZ",McKale Memorial Center,NA,13560,NA,NA,Arizona,missed,Jaden Bradley,NA,FALSE,FALSE,Arizona,Arizona,FALSE
401725632,2024-12-30,Arizona,TCU,6,1,18:48,2328,2328,Tobe Awaka Offensive Rebound.,home,0,0,0,3,FALSE,FALSE,0.9096114447138026,0.5,6,6,14.5,146.5,Michael Greenstein/Jeffrey Anderson/Chance Moore,"Tucson, AZ",McKale Memorial Center,NA,13560,NA,NA,NA,NA,NA,NA,NA,NA,Arizona,Arizona,FALSE
401725632,2024-12-30,Arizona,TCU,7,1,18:48,2328,2328,Tobe Awaka missed Layup.,home,0,0,0,0,FALSE,FALSE,0.9096114447138026,0.5,6,6,14.5,146.5,Michael Greenstein/Jeffrey Anderson/Chance Moore,"Tucson, AZ",McKale Memorial Center,NA,13560,NA,NA,Arizona,missed,Tobe Awaka,NA,FALSE,FALSE,Arizona,Arizona,FALSE
401725632,2024-12-30,Arizona,TCU,8,1,18:48,2328,2328,Arizona Offensive Rebound.,home,0,0,0,0,FALSE,FALSE,0.9096114447138026,0.5,6,6,14.5,146.5,Michael Greenstein/Jeffrey Anderson/Chance Moore,"Tucson, AZ",McKale Memorial Center,NA,13560,NA,NA,NA,NA,NA,NA,NA,NA,Arizona,Arizona,FALSE
401725632,2024-12-30,Arizona,TCU,9,1,18:48,2328,2328,David Punch Block.,away,0,0,0,0,FALSE,FALSE,0.9096114447138026,0.5,6,6,14.5,146.5,Michael Greenstein/Jeffrey Anderson/Chance Moore,"Tucson, AZ",McKale Memorial Center,NA,13560,NA,NA,NA,NA,NA,NA,NA,NA,Arizona,Arizona,FALSE
401725632,2024-12-30,Arizona,TCU,10,1,18:30,2310,2310,Caleb Love made Layup.,home,2,0,2,18,TRUE,FALSE,0.9233463330943235,0.5459658291288992,6,6,14.5,146.5,Michael Greenstein/Jeffrey Anderson/Chance Moore,"Tucson, AZ",McKale Memorial Center,NA,13560,NA,NA,Arizona,made,Caleb Love,NA,FALSE,FALSE,Arizona,TCU,FALSE
401725632,2024-12-30,Arizona,TCU,11,1,18:11,2291,2291,Vasean Allette missed Layup.,away,2,0,2,19,FALSE,FALSE,0.9231168467966777,0.5463877255771379,6,6,14.5,146.5,Michael Greenstein/Jeffrey Anderson/Chance Moore,"Tucson, AZ",McKale Memorial Center,NA,13560,NA,NA,TCU,missed,Vasean Allette,NA,FALSE,FALSE,TCU,TCU,FALSE
401725632,2024-12-30,Arizona,TCU,12,1,18:09,2289,2289,Vasean Allette Offensive Rebound.,away,2,0,2,2,FALSE,FALSE,0.9230922459090974,0.5464323470136655,6,6,14.5,146.5,Michael Greenstein/Jeffrey Anderson/Chance Moore,"Tucson, AZ",McKale Memorial Center,NA,13560,NA,NA,NA,NA,NA,NA,NA,NA,TCU,TCU,FALSE
401725632,2024-12-30,Arizona,TCU,13,1,18:09,2289,2289,David Punch missed Jumper.,away,2,0,2,0,FALSE,FALSE,0.9230922459090974,0.5464323470136655,6,6,14.5,146.5,Michael Greenstein/Jeffrey Anderson/Chance Moore,"Tucson, AZ",McKale Memorial Center,NA,13560,NA,NA,TCU,missed,David Punch,NA,FALSE,FALSE,TCU,Arizona,FALSE
401725632,2024-12-30,Arizona,TCU,14,1,18:09,2289,2289,Arizona Defensive Rebound.,home,2,0,2,0,FALSE,FALSE,0.9230922459090974,0.5464323470136655,6,6,14.5,146.5,Michael Greenstein/Jeffrey Anderson/Chance Moore,"Tucson, AZ",McKale Memorial Center,NA,13560,NA,NA,NA,NA,NA,NA,NA,NA,TCU,Arizona,FALSE
401725632,2024-12-30,Arizona,TCU,15,1,17:58,2278,2278,Foul on Trazarien White.,away,2,0,2,11,FALSE,TRUE,0.9229553884232423,0.5466784441662067,6,6,14.5,146.5,Michael Greenstein/Jeffrey Anderson/Chance Moore,"Tucson, AZ",McKale Memorial Center,NA,13560,NA,NA,NA,NA,NA,NA,NA,NA,Arizona,Arizona,FALSE
401725632,2024-12-30,Arizona,TCU,16,1,17:57,2277,2277,Caleb Love made Three Point Jumper. Assisted by Jaden Bradley.,home,5,0,5,1,TRUE,FALSE,0.9407016092044692,0.6149988125117353,6,6,14.5,146.5,Michael Greenstein/Jeffrey Anderson/Chance Moore,"Tucson, AZ",McKale Memorial Center,NA,13560,NA,NA,Arizona,made,Caleb Love,Jaden Bradley,TRUE,FALSE,Arizona,TCU,FALSE
401725632,2024-12-30,Arizona,TCU,17,1,17:40,2260,2260,Foul on Anthony Dell'Orso.,home,5,0,5,17,FALSE,TRUE,0.9406606632404313,0.6159123803640595,6,6,14.5,146.5,Michael Greenstein/Jeffrey Anderson/Chance Moore,"Tucson, AZ",McKale Memorial Center,NA,13560,NA,NA,NA,NA,NA,NA,NA,NA,TCU,TCU,FALSE
401725632,2024-12-30,Arizona,TCU,18,1,17:40,2260,2260,Vasean Allette made Free Throw.,away,5,1,4,0,TRUE,FALSE,0.9351641401357916,0.593339293947433,6,6,14.5,146.5,Michael Greenstein/Jeffrey Anderson/Chance Moore,"Tucson, AZ",McKale Memorial Center,NA,13560,NA,NA,TCU,made,Vasean Allette,NA,FALSE,TRUE,TCU,TCU,FALSE
401725632,2024-12-30,Arizona,TCU,19,1,17:40,2260,2260,Vasean Allette made Free Throw.,away,5,2,3,0,TRUE,FALSE,0.9291968039283223,0.5703649781600648,6,6,14.5,146.5,Michael Greenstein/Jeffrey Anderson/Chance Moore,"Tucson, AZ",McKale Memorial Center,NA,13560,NA,NA,TCU,made,Vasean Allette,NA,FALSE,TRUE,TCU,Arizona,FALSE
401725632,2024-12-30,Arizona,TCU,20,1,17:18,2238,2238,Jaden Bradley made Layup. Assisted by Anthony Dell'Orso.,home,7,2,5,22,TRUE,FALSE,0.94060171924094,0.6171018578559682,6,6,14.5,146.5,Michael Greenstein/Jeffrey Anderson/Chance Moore,"Tucson, AZ",McKale Memorial Center,NA,13560,NA,NA,Arizona,made,Jaden Bradley,Anthony Dell'Orso,FALSE,FALSE,Arizona,TCU,FALSE
401725632,2024-12-30,Arizona,TCU,21,1,16:59,2219,2219,Trazarien White missed Three Point Jumper.,away,7,2,5,19,FALSE,FALSE,0.9405450055010892,0.618134713239287,6,6,14.5,146.5,Michael Greenstein/Jeffrey Anderson/Chance Moore,"Tucson, AZ",McKale Memorial Center,NA,13560,NA,NA,TCU,missed,Trazarien White,NA,TRUE,FALSE,TCU,Arizona,FALSE
401725632,2024-12-30,Arizona,TCU,22,1,16:57,2217,2217,Caleb Love Defensive Rebound.,home,7,2,5,2,FALSE,FALSE,0.9405387064111976,0.6182436970186944,6,6,14.5,146.5,Michael Greenstein/Jeffrey Anderson/Chance Moore,"Tucson, AZ",McKale Memorial Center,NA,13560,NA,NA,NA,NA,NA,NA,NA,NA,TCU,Arizona,FALSE
401725632,2024-12-30,Arizona,TCU,23,1,16:36,2196,2196,Caleb Love missed Three Point Jumper.,home,7,2,5,21,FALSE,FALSE,0.9404685978391532,0.6193906086965473,6,6,14.5,146.5,Michael Greenstein/Jeffrey Anderson/Chance Moore,"Tucson, AZ",McKale Memorial Center,NA,13560,NA,NA,Arizona,missed,Caleb Love,NA,TRUE,FALSE,Arizona,TCU,FALSE
401725632,2024-12-30,Arizona,TCU,24,1,16:32,2192,2192,Ernest Udeh Jr. Defensive Rebound.,away,7,2,5,4,FALSE,FALSE,0.9404543979145057,0.6196095451575472,6,6,14.5,146.5,Michael Greenstein/Jeffrey Anderson/Chance Moore,"Tucson, AZ",McKale Memorial Center,NA,13560,NA,NA,NA,NA,NA,NA,NA,NA,Arizona,TCU,FALSE
401725632,2024-12-30,Arizona,TCU,25,1,16:06,2166,2166,Ernest Udeh Jr. made Hookshot.,away,7,4,3,26,TRUE,FALSE,0.9282605532013377,0.5735543170849603,6,6,14.5,146.5,Michael Greenstein/Jeffrey Anderson/Chance Moore,"Tucson, AZ",McKale Memorial Center,NA,13560,NA,NA,TCU,made,Ernest Udeh Jr.,NA,FALSE,FALSE,TCU,Arizona,FALSE
401725632,2024-12-30,Arizona,TCU,26,1,15:59,2159,2159,Caleb Love made Layup. Assisted by Jaden Bradley.,home,9,4,5,7,TRUE,FALSE,0.940326502790522,0.6214206849910571,6,6,14.5,146.5,Michael Greenstein/Jeffrey Anderson/Chance Moore,"Tucson, AZ",McKale Memorial Center,NA,13560,NA,NA,Arizona,made,Caleb Love,Jaden Bradley,FALSE,FALSE,Arizona,TCU,FALSE
401725632,2024-12-30,Arizona,TCU,27,1,15:41,2141,2141,Vasean Allette missed Three Point Jumper.,away,9,4,5,18,FALSE,FALSE,0.9402494759784875,0.6224144719794179,6,6,14.5,146.5,Michael Greenstein/Jeffrey Anderson/Chance Moore,"Tucson, AZ",McKale Memorial Center,NA,13560,NA,NA,TCU,missed,Vasean Allette,NA,TRUE,FALSE,TCU,TCU,FALSE
401725632,2024-12-30,Arizona,TCU,28,1,15:38,2138,2138,Trazarien White Offensive Rebound.,away,9,4,5,3,FALSE,FALSE,0.940236183609045,0.6225806190917641,6,6,14.5,146.5,Michael Greenstein/Jeffrey Anderson/Chance Moore,"Tucson, AZ",McKale Memorial Center,NA,13560,NA,NA,NA,NA,NA,NA,NA,NA,TCU,TCU,FALSE
401725632,2024-12-30,Arizona,TCU,29,1,15:34,2134,2134,Vasean Allette made Layup.,away,9,6,3,4,TRUE,FALSE,0.9278971816927949,0.5746566555022267,6,6,14.5,146.5,Michael Greenstein/Jeffrey Anderson/Chance Moore,"Tucson, AZ",McKale Memorial Center,NA,13560,NA,NA,TCU,made,Vasean Allette,NA,FALSE,FALSE,TCU,Arizona,FALSE
401725632,2024-12-30,Arizona,TCU,30,1,15:19,2119,2119,Tobe Awaka made Layup. Assisted by KJ Lewis.,home,11,6,5,15,TRUE,FALSE,0.9401490762189983,0.6236365186902852,6,6,14.5,146.5,Michael Greenstein/Jeffrey Anderson/Chance Moore,"Tucson, AZ",McKale Memorial Center,NA,13560,NA,NA,Arizona,made,Tobe Awaka,KJ Lewis,FALSE,FALSE,Arizona,TCU,FALSE
401725632,2024-12-30,Arizona,TCU,31,1,14:54,2094,2094,Vasean Allette missed Three Point Jumper.,away,11,6,5,25,FALSE,FALSE,0.9400270604780229,0.6250360750198689,6,6,14.5,146.5,Michael Greenstein/Jeffrey Anderson/Chance Moore,"Tucson, AZ",McKale Memorial Center,NA,13560,NA,NA,TCU,missed,Vasean Allette,NA,TRUE,FALSE,TCU,Arizona,FALSE
401725632,2024-12-30,Arizona,TCU,32,1,14:53,2093,2093,Arizona Defensive Rebound.,home,11,6,5,1,FALSE,FALSE,0.9400220114838529,0.6250923133715076,6,6,14.5,146.5,Michael Greenstein/Jeffrey Anderson/Chance Moore,"Tucson, AZ",McKale Memorial Center,NA,13560,NA,NA,NA,NA,NA,NA,NA,NA,TCU,Arizona,FALSE
401725632,2024-12-30,Arizona,TCU,33,1,14:53,2093,2093, Official TV Timeout,NA,11,6,5,0,FALSE,FALSE,0.9400220114838529,0.6250923133715076,6,5,14.5,146.5,Michael Greenstein/Jeffrey Anderson/Chance Moore,"Tucson, AZ",McKale Memorial Center,NA,13560,NA,NA,NA,NA,NA,NA,NA,NA,TCU,Arizona,FALSE
401725632,2024-12-30,Arizona,TCU,34,1,14:39,2079,2079,Carter Bryant made Dunk. Assisted by Henri Veesaar.,home,13,6,7,14,TRUE,FALSE,0.9505691083240452,0.672700770691759,6,5,14.5,146.5,Michael Greenstein/Jeffrey Anderson/Chance Moore,"Tucson, AZ",McKale Memorial Center,NA,13560,NA,NA,Arizona,made,Carter Bryant,Henri Veesaar,FALSE,FALSE,Arizona,TCU,FALSE
401725632,2024-12-30,Arizona,TCU,35,1,14:11,2051,2051,Micah Robinson missed Three Point Jumper.,away,13,6,7,28,FALSE,FALSE,0.9505713829411008,0.6747946105046861,6,5,14.5,146.5,Michael Greenstein/Jeffrey Anderson/Chance Moore,"Tucson, AZ",McKale Memorial Center,NA,13560,NA,NA,TCU,missed,Micah Robinson,NA,TRUE,FALSE,TCU,Arizona,FALSE
401725632,2024-12-30,Arizona,TCU,36,1,14:09,2049,2049,Henri Veesaar Defensive Rebound.,home,13,6,7,2,FALSE,FALSE,0.950571333296564,0.6749449440399024,6,5,14.5,146.5,Michael Greenstein/Jeffrey Anderson/Chance Moore,"Tucson, AZ",McKale Memorial Center,NA,13560,NA,NA,NA,NA,NA,NA,NA,NA,TCU,Arizona,FALSE
401725632,2024-12-30,Arizona,TCU,37,1,14:09,2049,2049,Foul on Malick Diallo.,away,13,6,7,0,FALSE,TRUE,0.950571333296564,0.6749449440399024,6,5,14.5,146.5,Michael Greenstein/Jeffrey Anderson/Chance Moore,"Tucson, AZ",McKale Memorial Center,NA,13560,NA,NA,NA,NA,NA,NA,NA,NA,Arizona,Arizona,FALSE
401725632,2024-12-30,Arizona,TCU,38,1,13:53,2033,2033,KJ Lewis missed Three Point Jumper.,home,13,6,7,16,FALSE,FALSE,0.9505699996239523,0.6761515238282086,6,5,14.5,146.5,Michael Greenstein/Jeffrey Anderson/Chance Moore,"Tucson, AZ",McKale Memorial Center,NA,13560,NA,NA,Arizona,missed,KJ Lewis,NA,TRUE,FALSE,Arizona,TCU,FALSE
401725632,2024-12-30,Arizona,TCU,39,1,13:49,2029,2029,Malick Diallo Defensive Rebound.,away,13,6,7,4,FALSE,FALSE,0.9505694169001293,0.6764542814412746,6,5,14.5,146.5,Michael Greenstein/Jeffrey Anderson/Chance Moore,"Tucson, AZ",McKale Memorial Center,NA,13560,NA,NA,NA,NA,NA,NA,NA,NA,Arizona,TCU,FALSE
401725632,2024-12-30,Arizona,TCU,40,1,13:35,2015,2015,Vasean Allette made Jumper.,away,13,8,5,14,TRUE,FALSE,0.9395918957854643,0.6295475499535356,6,5,14.5,146.5,Michael Greenstein/Jeffrey Anderson/Chance Moore,"Tucson, AZ",McKale Memorial Center,NA,13560,NA,NA,TCU,made,Vasean Allette,NA,FALSE,FALSE,TCU,Arizona,FALSE
401725632,2024-12-30,Arizona,TCU,41,1,13:13,1993,1993,Caleb Love missed Three Point Jumper.,home,13,8,5,22,FALSE,FALSE,0.93945888133569,0.6308313901106216,6,5,14.5,146.5,Michael Greenstein/Jeffrey Anderson/Chance Moore,"Tucson, AZ",McKale Memorial Center,NA,13560,NA,NA,Arizona,missed,Caleb Love,NA,TRUE,FALSE,Arizona,TCU,FALSE
401725632,2024-12-30,Arizona,TCU,42,1,13:09,1989,1989,Micah Robinson Defensive Rebound.,away,13,8,5,4,FALSE,FALSE,0.939434205422646,0.6310662345388073,6,5,14.5,146.5,Michael Greenstein/Jeffrey Anderson/Chance Moore,"Tucson, AZ",McKale Memorial Center,NA,13560,NA,NA,NA,NA,NA,NA,NA,NA,Arizona,TCU,FALSE
401725632,2024-12-30,Arizona,TCU,43,1,12:50,1970,1970,Jace Posey Turnover.,away,13,8,5,19,FALSE,FALSE,0.9393150426676011,0.6321879441078526,6,5,14.5,146.5,Michael Greenstein/Jeffrey Anderson/Chance Moore,"Tucson, AZ",McKale Memorial Center,NA,13560,NA,NA,NA,NA,NA,NA,NA,NA,TCU,Arizona,FALSE
401725632,2024-12-30,Arizona,TCU,44,1,12:50,1970,1970,KJ Lewis Steal.,home,13,8,5,0,FALSE,FALSE,0.9393150426676011,0.6321879441078526,6,5,14.5,146.5,Michael Greenstein/Jeffrey Anderson/Chance Moore,"Tucson, AZ",McKale Memorial Center,NA,13560,NA,NA,NA,NA,NA,NA,NA,NA,TCU,Arizona,FALSE
401725632,2024-12-30,Arizona,TCU,45,1,12:47,1967,1967,Foul on Malick Diallo.,away,13,8,5,3,FALSE,TRUE,0.939295942551689,0.6323660128229185,6,5,14.5,146.5,Michael Greenstein/Jeffrey Anderson/Chance Moore,"Tucson, AZ",McKale Memorial Center,NA,13560,NA,NA,NA,NA,NA,NA,NA,NA,Arizona,Arizona,FALSE
401725632,2024-12-30,Arizona,TCU,46,1,12:47,1967,1967,KJ Lewis made Free Throw.,home,14,8,6,0,TRUE,FALSE,0.9451942921805441,0.6572034743036099,6,5,14.5,146.5,Michael Greenstein/Jeffrey Anderson/Chance Moore,"Tucson, AZ",McKale Memorial Center,NA,13560,NA,NA,Arizona,made,KJ Lewis,NA,FALSE,TRUE,Arizona,Arizona,FALSE
401725632,2024-12-30,Arizona,TCU,47,1,12:47,1967,1967,KJ Lewis made Free Throw.,home,15,8,7,0,TRUE,FALSE,0.9505496971890475,0.6812088435468409,6,5,14.5,146.5,Michael Greenstein/Jeffrey Anderson/Chance Moore,"Tucson, AZ",McKale Memorial Center,NA,13560,NA,NA,Arizona,made,KJ Lewis,NA,FALSE,TRUE,Arizona,TCU,FALSE
401725632,2024-12-30,Arizona,TCU,48,1,12:28,1948,1948,Jace Posey missed Jumper.,away,15,8,7,19,FALSE,FALSE,0.9505404389723852,0.6826910124940578,6,5,14.5,146.5,Michael Greenstein/Jeffrey Anderson/Chance Moore,"Tucson, AZ",McKale Memorial Center,NA,13560,NA,NA,TCU,missed,Jace Posey,NA,FALSE,FALSE,TCU,TCU,FALSE
401725632,2024-12-30,Arizona,TCU,49,1,12:25,1945,1945,Ernest Udeh Jr. Offensive Rebound.,away,15,8,7,3,FALSE,FALSE,0.9505388733644673,0.6829261947538487,6,5,14.5,146.5,Michael Greenstein/Jeffrey Anderson/Chance Moore,"Tucson, AZ",McKale Memorial Center,NA,13560,NA,NA,NA,NA,NA,NA,NA,NA,TCU,TCU,FALSE
401725632,2024-12-30,Arizona,TCU,50,1,12:24,1944,1944,Ernest Udeh Jr. Turnover.,away,15,8,7,1,FALSE,FALSE,0.9505383457711549,0.6830046601478879,6,5,14.5,146.5,Michael Greenstein/Jeffrey Anderson/Chance Moore,"Tucson, AZ",McKale Memorial Center,NA,13560,NA,NA,NA,NA,NA,NA,NA,NA,TCU,Arizona,FALSE
401725632,2024-12-30,Arizona,TCU,51,1,12:24,1944,1944,Carter Bryant Steal.,home,15,8,7,0,FALSE,FALSE,0.9505383457711549,0.6830046601478879,6,5,14.5,146.5,Michael Greenstein/Jeffrey Anderson/Chance Moore,"Tucson, AZ",McKale Memorial Center,NA,13560,NA,NA,NA,NA,NA,NA,NA,NA,TCU,Arizona,FALSE
401725632,2024-12-30,Arizona,TCU,52,1,12:08,1928,1928,Henri Veesaar made Dunk. Assisted by Jaden Bradley.,home,17,8,9,16,TRUE,FALSE,0.9599451403586434,0.7299610314481995,6,5,14.5,146.5,Michael Greenstein/Jeffrey Anderson/Chance Moore,"Tucson, AZ",McKale Memorial Center,NA,13560,NA,NA,Arizona,made,Henri Veesaar,Jaden Bradley,FALSE,FALSE,Arizona,TCU,FALSE
401725632,2024-12-30,Arizona,TCU,53,1,11:46,1906,1906,Vasean Allette missed Three Point Jumper.,away,17,8,9,22,FALSE,FALSE,0.9600180327478303,0.7319902031878327,6,5,14.5,146.5,Michael Greenstein/Jeffrey Anderson/Chance Moore,"Tucson, AZ",McKale Memorial Center,NA,13560,NA,NA,TCU,missed,Vasean Allette,NA,TRUE,FALSE,TCU,Arizona,FALSE
401725632,2024-12-30,Arizona,TCU,54,1,11:40,1900,1900,Carter Bryant Defensive Rebound.,home,17,8,9,6,FALSE,FALSE,0.9600364877790994,0.7325412428004605,6,5,14.5,146.5,Michael Greenstein/Jeffrey Anderson/Chance Moore,"Tucson, AZ",McKale Memorial Center,NA,13560,NA,NA,NA,NA,NA,NA,NA,NA,TCU,Arizona,FALSE
401725632,2024-12-30,Arizona,TCU,55,1,11:25,1885,1885,Caleb Love made Three Point Jumper. Assisted by Jaden Bradley.,home,20,8,12,15,TRUE,FALSE,0.9712051270446903,0.7945828111091745,6,5,14.5,146.5,Michael Greenstein/Jeffrey Anderson/Chance Moore,"Tucson, AZ",McKale Memorial Center,NA,13560,NA,NA,Arizona,made,Caleb Love,Jaden Bradley,TRUE,FALSE,Arizona,TCU,FALSE
401725632,2024-12-30,Arizona,TCU,56,1,11:22,1882,1882,TCU  Timeout,away,20,8,12,3,FALSE,FALSE,0.9712243508951711,0.794888592255442,5,5,14.5,146.5,Michael Greenstein/Jeffrey Anderson/Chance Moore,"Tucson, AZ",McKale Memorial Center,NA,13560,NA,NA,NA,NA,NA,NA,NA,NA,TCU,TCU,FALSE
401725632,2024-12-30,Arizona,TCU,57,1,11:22,1882,1882, Official TV Timeout,NA,20,8,12,0,FALSE,FALSE,0.9712243508951711,0.794888592255442,5,4,14.5,146.5,Michael Greenstein/Jeffrey Anderson/Chance Moore,"Tucson, AZ",McKale Memorial Center,NA,13560,NA,NA,NA,NA,NA,NA,NA,NA,TCU,TCU,FALSE
401725632,2024-12-30,Arizona,TCU,58,1,10:53,1853,1853,Isaiah Manning missed Three Point Jumper.,away,20,8,12,29,FALSE,FALSE,0.9714060765763635,0.797833512314326,5,4,14.5,146.5,Michael Greenstein/Jeffrey Anderson/Chance Moore,"Tucson, AZ",McKale Memorial Center,NA,13560,NA,NA,TCU,missed,Isaiah Manning,NA,TRUE,FALSE,TCU,Arizona,FALSE
401725632,2024-12-30,Arizona,TCU,59,1,10:50,1850,1850,Carter Bryant Defensive Rebound.,home,20,8,12,3,FALSE,FALSE,0.971424527769956,0.7981373542967602,5,4,14.5,146.5,Michael Greenstein/Jeffrey Anderson/Chance Moore,"Tucson, AZ",McKale Memorial Center,NA,13560,NA,NA,NA,NA,NA,NA,NA,NA,TCU,Arizona,FALSE
401725632,2024-12-30,Arizona,TCU,60,1,10:38,1838,1838,Henri Veesaar made Layup. Assisted by KJ Lewis.,home,22,8,14,12,TRUE,FALSE,0.9772290330550918,0.8337753715249561,5,4,14.5,146.5,Michael Greenstein/Jeffrey Anderson/Chance Moore,"Tucson, AZ",McKale Memorial Center,NA,13560,NA,NA,Arizona,made,Henri Veesaar,KJ Lewis,FALSE,FALSE,Arizona,TCU,FALSE
401725632,2024-12-30,Arizona,TCU,61,1,10:22,1822,1822,Vasean Allette missed Layup.,away,22,8,14,16,FALSE,FALSE,0.9773443017989162,0.8354059949051358,5,4,14.5,146.5,Michael Greenstein/Jeffrey Anderson/Chance Moore,"Tucson, AZ",McKale Memorial Center,NA,13560,NA,NA,TCU,missed,Vasean Allette,NA,FALSE,FALSE,TCU,TCU,FALSE
401725632,2024-12-30,Arizona,TCU,62,1,10:19,1819,1819,Jace Posey Offensive Rebound.,away,22,8,14,3,FALSE,FALSE,0.9773658499146379,0.8357114987815756,5,4,14.5,146.5,Michael Greenstein/Jeffrey Anderson/Chance Moore,"Tucson, AZ",McKale Memorial Center,NA,13560,NA,NA,NA,NA,NA,NA,NA,NA,TCU,TCU,FALSE
401725632,2024-12-30,Arizona,TCU,63,1,10:18,1818,1818,Jace Posey missed Jumper.,away,22,8,14,1,FALSE,FALSE,0.9773730296675551,0.8358133239831279,5,4,14.5,146.5,Michael Greenstein/Jeffrey Anderson/Chance Moore,"Tucson, AZ",McKale Memorial Center,NA,13560,NA,NA,TCU,missed,Jace Posey,NA,FALSE,FALSE,TCU,Arizona,FALSE
401725632,2024-12-30,Arizona,TCU,64,1,10:15,1815,1815,Henri Veesaar Defensive Rebound.,home,22,8,14,3,FALSE,FALSE,0.9773945617303333,0.8361187788634659,5,4,14.5,146.5,Michael Greenstein/Jeffrey Anderson/Chance Moore,"Tucson, AZ",McKale Memorial Center,NA,13560,NA,NA,NA,NA,NA,NA,NA,NA,TCU,Arizona,FALSE
401725632,2024-12-30,Arizona,TCU,65,1,10:12,1812,1812,KJ Lewis Turnover.,home,22,8,14,3,FALSE,FALSE,0.9774160854829297,0.8364242139165164,5,4,14.5,146.5,Michael Greenstein/Jeffrey Anderson/Chance Moore,"Tucson, AZ",McKale Memorial Center,NA,13560,NA,NA,NA,NA,NA,NA,NA,NA,Arizona,TCU,FALSE
401725632,2024-12-30,Arizona,TCU,66,1,10:12,1812,1812,Vasean Allette Steal.,away,22,8,14,0,FALSE,FALSE,0.9774160854829297,0.8364242139165164,5,4,14.5,146.5,Michael Greenstein/Jeffrey Anderson/Chance Moore,"Tucson, AZ",McKale Memorial Center,NA,13560,NA,NA,NA,NA,NA,NA,NA,NA,Arizona,TCU,FALSE
401725632,2024-12-30,Arizona,TCU,67,1,10:07,1807,1807,Vasean Allette made Layup. Assisted by Jace Posey.,away,22,10,12,5,TRUE,FALSE,0.9716851521470785,0.8024899472189853,5,4,14.5,146.5,Michael Greenstein/Jeffrey Anderson/Chance Moore,"Tucson, AZ",McKale Memorial Center,NA,13560,NA,NA,TCU,made,Vasean Allette,Jace Posey,FALSE,FALSE,TCU,Arizona,FALSE
401725632,2024-12-30,Arizona,TCU,68,1,9:45,1785,1785,KJ Lewis missed Three Point Jumper.,home,22,10,12,22,FALSE,FALSE,0.9718178545716851,0.8047239578793562,5,4,14.5,146.5,Michael Greenstein/Jeffrey Anderson/Chance Moore,"Tucson, AZ",McKale Memorial Center,NA,13560,NA,NA,Arizona,missed,KJ Lewis,NA,TRUE,FALSE,Arizona,TCU,FALSE
401725632,2024-12-30,Arizona,TCU,69,1,9:42,1782,1782,Ernest Udeh Jr. Defensive Rebound.,away,22,10,12,3,FALSE,FALSE,0.9718360272640835,0.8050294206919041,5,4,14.5,146.5,Michael Greenstein/Jeffrey Anderson/Chance Moore,"Tucson, AZ",McKale Memorial Center,NA,13560,NA,NA,NA,NA,NA,NA,NA,NA,Arizona,TCU,FALSE
401725632,2024-12-30,Arizona,TCU,70,1,9:33,1773,1773,Trazarien White missed Three Point Jumper.,away,22,10,12,9,FALSE,FALSE,0.9718907343627543,0.8059473118648176,5,4,14.5,146.5,Michael Greenstein/Jeffrey Anderson/Chance Moore,"Tucson, AZ",McKale Memorial Center,NA,13560,NA,NA,TCU,missed,Trazarien White,NA,TRUE,FALSE,TCU,Arizona,FALSE
401725632,2024-12-30,Arizona,TCU,71,1,9:30,1770,1770,KJ Lewis Defensive Rebound.,home,22,10,12,3,FALSE,FALSE,0.9719090444892906,0.8062538219908983,5,4,14.5,146.5,Michael Greenstein/Jeffrey Anderson/Chance Moore,"Tucson, AZ",McKale Memorial Center,NA,13560,NA,NA,NA,NA,NA,NA,NA,NA,TCU,Arizona,FALSE
401725632,2024-12-30,Arizona,TCU,72,1,9:28,1768,1768,Carter Bryant made Layup. Assisted by KJ Lewis.,home,24,10,14,2,TRUE,FALSE,0.9777328184299745,0.8409106283097509,5,4,14.5,146.5,Michael Greenstein/Jeffrey Anderson/Chance Moore,"Tucson, AZ",McKale Memorial Center,NA,13560,NA,NA,Arizona,made,Carter Bryant,KJ Lewis,FALSE,FALSE,Arizona,TCU,FALSE
401725632,2024-12-30,Arizona,TCU,73,1,9:28,1768,1768,Foul on Trazarien White.,away,24,10,14,0,FALSE,TRUE,0.9777328184299745,0.8409106283097509,5,4,14.5,146.5,Michael Greenstein/Jeffrey Anderson/Chance Moore,"Tucson, AZ",McKale Memorial Center,NA,13560,NA,NA,NA,NA,NA,NA,NA,NA,Arizona,TCU,FALSE
401725632,2024-12-30,Arizona,TCU,74,1,9:28,1768,1768,Carter Bryant missed Free Throw.,home,24,10,14,0,FALSE,FALSE,0.9777328184299745,0.8409106283097509,5,4,14.5,146.5,Michael Greenstein/Jeffrey Anderson/Chance Moore,"Tucson, AZ",McKale Memorial Center,NA,13560,NA,NA,Arizona,missed,Carter Bryant,NA,FALSE,TRUE,Arizona,TCU,FALSE
401725632,2024-12-30,Arizona,TCU,75,1,9:25,1765,1765,Ernest Udeh Jr. Defensive Rebound.,away,24,10,14,3,FALSE,FALSE,0.9777546200099139,0.8412175705019377,5,4,14.5,146.5,Michael Greenstein/Jeffrey Anderson/Chance Moore,"Tucson, AZ",McKale Memorial Center,NA,13560,NA,NA,NA,NA,NA,NA,NA,NA,Arizona,TCU,FALSE
401725632,2024-12-30,Arizona,TCU,76,1,9:07,1747,1747,Noah Reynolds missed Layup.,away,24,10,14,18,FALSE,FALSE,0.977886440432116,0.8430640229907204,5,4,14.5,146.5,Michael Greenstein/Jeffrey Anderson/Chance Moore,"Tucson, AZ",McKale Memorial Center,NA,13560,NA,NA,TCU,missed,Noah Reynolds,NA,FALSE,FALSE,TCU,TCU,FALSE
401725632,2024-12-30,Arizona,TCU,77,1,9:04,1744,1744,Ernest Udeh Jr. Offensive Rebound.,away,24,10,14,3,FALSE,FALSE,0.9779086065444229,0.8433726817448978,5,4,14.5,146.5,Michael Greenstein/Jeffrey Anderson/Chance Moore,"Tucson, AZ",McKale Memorial Center,NA,13560,NA,NA,NA,NA,NA,NA,NA,NA,TCU,TCU,FALSE
401725632,2024-12-30,Arizona,TCU,78,1,9:03,1743,1743,Ernest Udeh Jr. made Layup.,away,24,12,12,1,TRUE,FALSE,0.9720761721121515,0.8090273145492876,5,4,14.5,146.5,Michael Greenstein/Jeffrey Anderson/Chance Moore,"Tucson, AZ",McKale Memorial Center,NA,13560,NA,NA,TCU,made,Ernest Udeh Jr.,NA,FALSE,FALSE,TCU,Arizona,FALSE
401725632,2024-12-30,Arizona,TCU,79,1,8:33,1713,1713,Jaden Bradley Turnover.,home,24,12,12,30,FALSE,FALSE,0.9722689176303021,0.8121486065440832,5,4,14.5,146.5,Michael Greenstein/Jeffrey Anderson/Chance Moore,"Tucson, AZ",McKale Memorial Center,NA,13560,NA,NA,NA,NA,NA,NA,NA,NA,Arizona,TCU,FALSE
401725632,2024-12-30,Arizona,TCU,80,1,8:33,1713,1713,Trazarien White Steal.,away,24,12,12,0,FALSE,FALSE,0.9722689176303021,0.8121486065440832,5,4,14.5,146.5,Michael Greenstein/Jeffrey Anderson/Chance Moore,"Tucson, AZ",McKale Memorial Center,NA,13560,NA,NA,NA,NA,NA,NA,NA,NA,Arizona,TCU,FALSE
401725632,2024-12-30,Arizona,TCU,81,1,8:33,1713,1713,Foul on Jaden Bradley.,home,24,12,12,0,FALSE,TRUE,0.9722689176303021,0.8121486065440832,5,4,14.5,146.5,Michael Greenstein/Jeffrey Anderson/Chance Moore,"Tucson, AZ",McKale Memorial Center,NA,13560,NA,NA,NA,NA,NA,NA,NA,NA,Arizona,TCU,FALSE
401725632,2024-12-30,Arizona,TCU,82,1,8:16,1696,1696,Trazarien White made Three Point Jumper. Assisted by Noah Reynolds.,away,24,15,9,17,TRUE,FALSE,0.9605453564748787,0.7515441780034582,5,4,14.5,146.5,Michael Greenstein/Jeffrey Anderson/Chance Moore,"Tucson, AZ",McKale Memorial Center,NA,13560,NA,NA,TCU,made,Trazarien White,Noah Reynolds,TRUE,FALSE,TCU,Arizona,FALSE
401725632,2024-12-30,Arizona,TCU,83,1,7:52,1672,1672,Foul on David Punch.,away,24,15,9,24,FALSE,TRUE,0.960609058939203,0.7538772758571358,5,4,14.5,146.5,Michael Greenstein/Jeffrey Anderson/Chance Moore,"Tucson, AZ",McKale Memorial Center,NA,13560,NA,NA,NA,NA,NA,NA,NA,NA,Arizona,Arizona,FALSE
401725632,2024-12-30,Arizona,TCU,84,1,7:52,1672,1672, Official TV Timeout,NA,24,15,9,0,FALSE,FALSE,0.960609058939203,0.7538772758571358,5,3,14.5,146.5,Michael Greenstein/Jeffrey Anderson/Chance Moore,"Tucson, AZ",McKale Memorial Center,NA,13560,NA,NA,NA,NA,NA,NA,NA,NA,Arizona,Arizona,FALSE
401725632,2024-12-30,Arizona,TCU,85,1,7:52,1672,1672,Trey Townsend made Free Throw.,home,25,15,10,0,TRUE,FALSE,0.9650549883512228,0.7762207715434299,5,3,14.5,146.5,Michael Greenstein/Jeffrey Anderson/Chance Moore,"Tucson, AZ",McKale Memorial Center,NA,13560,NA,NA,Arizona,made,Trey Townsend,NA,FALSE,TRUE,Arizona,Arizona,FALSE
401725632,2024-12-30,Arizona,TCU,86,1,7:52,1672,1672,Trey Townsend made Free Throw.,home,26,15,11,0,TRUE,FALSE,0.9690153055625023,0.7970818540790366,5,3,14.5,146.5,Michael Greenstein/Jeffrey Anderson/Chance Moore,"Tucson, AZ",McKale Memorial Center,NA,13560,NA,NA,Arizona,made,Trey Townsend,NA,FALSE,TRUE,Arizona,TCU,FALSE
401725632,2024-12-30,Arizona,TCU,87,1,7:27,1647,1647,Noah Reynolds missed Layup.,away,26,15,11,25,FALSE,FALSE,0.9691284271116658,0.7995744444480816,5,3,14.5,146.5,Michael Greenstein/Jeffrey Anderson/Chance Moore,"Tucson, AZ",McKale Memorial Center,NA,13560,NA,NA,TCU,missed,Noah Reynolds,NA,FALSE,FALSE,TCU,TCU,FALSE
401725632,2024-12-30,Arizona,TCU,88,1,7:27,1647,1647,Ernest Udeh Jr. Offensive Rebound.,away,26,15,11,0,FALSE,FALSE,0.9691284271116658,0.7995744444480816,5,3,14.5,146.5,Michael Greenstein/Jeffrey Anderson/Chance Moore,"Tucson, AZ",McKale Memorial Center,NA,13560,NA,NA,NA,NA,NA,NA,NA,NA,TCU,TCU,FALSE
401725632,2024-12-30,Arizona,TCU,89,1,7:27,1647,1647,Ernest Udeh Jr. made Two Point Tip Shot.,away,26,17,9,0,TRUE,FALSE,0.9606453450831768,0.7562200513185147,5,3,14.5,146.5,Michael Greenstein/Jeffrey Anderson/Chance Moore,"Tucson, AZ",McKale Memorial Center,NA,13560,NA,NA,TCU,made,Ernest Udeh Jr.,NA,FALSE,FALSE,TCU,Arizona,FALSE
401725632,2024-12-30,Arizona,TCU,90,1,7:27,1647,1647,Foul on Tobe Awaka.,home,26,17,9,0,FALSE,TRUE,0.9606453450831768,0.7562200513185147,5,3,14.5,146.5,Michael Greenstein/Jeffrey Anderson/Chance Moore,"Tucson, AZ",McKale Memorial Center,NA,13560,NA,NA,NA,NA,NA,NA,NA,NA,TCU,TCU,FALSE
401725632,2024-12-30,Arizona,TCU,91,1,7:27,1647,1647,Ernest Udeh Jr. made Free Throw.,away,26,18,8,0,TRUE,FALSE,0.9556044940014917,0.7322917591111414,5,3,14.5,146.5,Michael Greenstein/Jeffrey Anderson/Chance Moore,"Tucson, AZ",McKale Memorial Center,NA,13560,NA,NA,TCU,made,Ernest Udeh Jr.,NA,FALSE,TRUE,TCU,Arizona,FALSE
401725632,2024-12-30,Arizona,TCU,92,1,7:08,1628,1628,Trey Townsend Turnover.,home,26,18,8,19,FALSE,FALSE,0.9555724715069377,0.733932963512869,5,3,14.5,146.5,Michael Greenstein/Jeffrey Anderson/Chance Moore,"Tucson, AZ",McKale Memorial Center,NA,13560,NA,NA,NA,NA,NA,NA,NA,NA,Arizona,TCU,FALSE
401725632,2024-12-30,Arizona,TCU,93,1,7:08,1628,1628,Vasean Allette Steal.,away,26,18,8,0,FALSE,FALSE,0.9555724715069377,0.733932963512869,5,3,14.5,146.5,Michael Greenstein/Jeffrey Anderson/Chance Moore,"Tucson, AZ",McKale Memorial Center,NA,13560,NA,NA,NA,NA,NA,NA,NA,NA,Arizona,TCU,FALSE
401725632,2024-12-30,Arizona,TCU,94,1,6:59,1619,1619,Noah Reynolds made Three Point Jumper. Assisted by Vasean Allette.,away,26,21,5,9,TRUE,FALSE,0.9361965646454528,0.6539917441205467,5,3,14.5,146.5,Michael Greenstein/Jeffrey Anderson/Chance Moore,"Tucson, AZ",McKale Memorial Center,NA,13560,NA,NA,TCU,made,Noah Reynolds,Vasean Allette,TRUE,FALSE,TCU,Arizona,FALSE
401725632,2024-12-30,Arizona,TCU,95,1,6:52,1612,1612,Anthony Dell'Orso missed Three Point Jumper.,home,26,21,5,7,FALSE,FALSE,0.9361048810634823,0.6544240756613535,5,3,14.5,146.5,Michael Greenstein/Jeffrey Anderson/Chance Moore,"Tucson, AZ",McKale Memorial Center,NA,13560,NA,NA,Arizona,missed,Anthony Dell'Orso,NA,TRUE,FALSE,Arizona,TCU,FALSE
401725632,2024-12-30,Arizona,TCU,96,1,6:48,1608,1608,Ernest Udeh Jr. Defensive Rebound.,away,26,21,5,4,FALSE,FALSE,0.9360517827292699,0.6546707365350704,5,3,14.5,146.5,Michael Greenstein/Jeffrey Anderson/Chance Moore,"Tucson, AZ",McKale Memorial Center,NA,13560,NA,NA,NA,NA,NA,NA,NA,NA,Arizona,TCU,FALSE
401725632,2024-12-30,Arizona,TCU,97,1,6:40,1600,1600,Noah Reynolds made Jumper.,away,26,23,3,8,TRUE,FALSE,0.9187195591820017,0.5950998982458968,5,3,14.5,146.5,Michael Greenstein/Jeffrey Anderson/Chance Moore,"Tucson, AZ",McKale Memorial Center,NA,13560,NA,NA,TCU,made,Noah Reynolds,NA,FALSE,FALSE,TCU,Arizona,FALSE
401725632,2024-12-30,Arizona,TCU,98,1,6:38,1598,1598,Arizona  Timeout,home,26,23,3,2,FALSE,FALSE,0.9186694437763019,0.595178725720181,5,2,14.5,146.5,Michael Greenstein/Jeffrey Anderson/Chance Moore,"Tucson, AZ",McKale Memorial Center,NA,13560,NA,NA,NA,NA,NA,NA,NA,NA,Arizona,Arizona,FALSE
401725632,2024-12-30,Arizona,TCU,99,1,6:21,1581,1581,Foul on Malick Diallo.,away,26,23,3,17,FALSE,TRUE,0.9182383562305388,0.595849861640906,5,2,14.5,146.5,Michael Greenstein/Jeffrey Anderson/Chance Moore,"Tucson, AZ",McKale Memorial Center,NA,13560,NA,NA,NA,NA,NA,NA,NA,NA,Arizona,Arizona,FALSE
401725632,2024-12-30,Arizona,TCU,100,1,6:21,1581,1581,Henri Veesaar missed Free Throw.,home,26,23,3,0,FALSE,FALSE,0.9182383562305388,0.595849861640906,5,2,14.5,146.5,Michael Greenstein/Jeffrey Anderson/Chance Moore,"Tucson, AZ",McKale Memorial Center,NA,13560,NA,NA,Arizona,missed,Henri Veesaar,NA,FALSE,TRUE,Arizona,Arizona,FALSE
401725632,2024-12-30,Arizona,TCU,101,1,6:21,1581,1581,Arizona Deadball Team Rebound.,home,26,23,3,0,FALSE,FALSE,0.9182383562305388,0.595849861640906,5,2,14.5,146.5,Michael Greenstein/Jeffrey Anderson/Chance Moore,"Tucson, AZ",McKale Memorial Center,NA,13560,NA,NA,NA,NA,NA,NA,NA,NA,Arizona,Arizona,FALSE
401725632,2024-12-30,Arizona,TCU,102,1,6:21,1581,1581,Henri Veesaar made Free Throw.,home,27,23,4,0,TRUE,FALSE,0.9274423713660636,0.626587108418175,5,2,14.5,146.5,Michael Greenstein/Jeffrey Anderson/Chance Moore,"Tucson, AZ",McKale Memorial Center,NA,13560,NA,NA,Arizona,made,Henri Veesaar,NA,FALSE,TRUE,Arizona,TCU,FALSE
401725632,2024-12-30,Arizona,TCU,103,1,6:09,1569,1569,David Punch missed Jumper.,away,27,23,4,12,FALSE,FALSE,0.9272100570681874,0.6272041335939562,5,2,14.5,146.5,Michael Greenstein/Jeffrey Anderson/Chance Moore,"Tucson, AZ",McKale Memorial Center,NA,13560,NA,NA,TCU,missed,David Punch,NA,FALSE,FALSE,TCU,Arizona,FALSE
401725632,2024-12-30,Arizona,TCU,104,1,6:06,1566,1566,Henri Veesaar Defensive Rebound.,home,27,23,4,3,FALSE,FALSE,0.9271516599696398,0.6273590471601788,5,2,14.5,146.5,Michael Greenstein/Jeffrey Anderson/Chance Moore,"Tucson, AZ",McKale Memorial Center,NA,13560,NA,NA,NA,NA,NA,NA,NA,NA,TCU,Arizona,FALSE
401725632,2024-12-30,Arizona,TCU,105,1,6:01,1561,1561,Caleb Love missed Three Point Jumper.,home,27,23,4,5,FALSE,FALSE,0.9270541232647246,0.6276179572889758,5,2,14.5,146.5,Michael Greenstein/Jeffrey Anderson/Chance Moore,"Tucson, AZ",McKale Memorial Center,NA,13560,NA,NA,Arizona,missed,Caleb Love,NA,TRUE,FALSE,Arizona,TCU,FALSE
401725632,2024-12-30,Arizona,TCU,106,1,5:58,1558,1558,Vasean Allette Defensive Rebound.,away,27,23,4,3,FALSE,FALSE,0.9269955011835643,0.6277737808975986,5,2,14.5,146.5,Michael Greenstein/Jeffrey Anderson/Chance Moore,"Tucson, AZ",McKale Memorial Center,NA,13560,NA,NA,NA,NA,NA,NA,NA,NA,Arizona,TCU,FALSE
401725632,2024-12-30,Arizona,TCU,107,1,5:52,1552,1552,Vasean Allette missed Jumper.,away,27,23,4,6,FALSE,FALSE,0.9268781033982058,0.6280866313511096,5,2,14.5,146.5,Michael Greenstein/Jeffrey Anderson/Chance Moore,"Tucson, AZ",McKale Memorial Center,NA,13560,NA,NA,TCU,missed,Vasean Allette,NA,FALSE,FALSE,TCU,TCU,FALSE
401725632,2024-12-30,Arizona,TCU,108,1,5:48,1548,1548,Vasean Allette Offensive Rebound.,away,27,23,4,4,FALSE,FALSE,0.9267997738178153,0.62829617809587,5,2,14.5,146.5,Michael Greenstein/Jeffrey Anderson/Chance Moore,"Tucson, AZ",McKale Memorial Center,NA,13560,NA,NA,NA,NA,NA,NA,NA,NA,TCU,TCU,FALSE
401725632,2024-12-30,Arizona,TCU,109,1,5:46,1546,1546,Vasean Allette Turnover.,away,27,23,4,2,FALSE,FALSE,0.9267606034425875,0.6284012698832263,5,2,14.5,146.5,Michael Greenstein/Jeffrey Anderson/Chance Moore,"Tucson, AZ",McKale Memorial Center,NA,13560,NA,NA,NA,NA,NA,NA,NA,NA,TCU,Arizona,FALSE
401725632,2024-12-30,Arizona,TCU,110,1,5:46,1546,1546,Caleb Love Steal.,home,27,23,4,0,FALSE,FALSE,0.9267606034425875,0.6284012698832263,5,2,14.5,146.5,Michael Greenstein/Jeffrey Anderson/Chance Moore,"Tucson, AZ",McKale Memorial Center,NA,13560,NA,NA,NA,NA,NA,NA,NA,NA,TCU,Arizona,FALSE
401725632,2024-12-30,Arizona,TCU,111,1,5:42,1542,1542,KJ Lewis missed Layup.,home,27,23,4,4,FALSE,FALSE,0.9266822744989768,0.6286121310510162,5,2,14.5,146.5,Michael Greenstein/Jeffrey Anderson/Chance Moore,"Tucson, AZ",McKale Memorial Center,NA,13560,NA,NA,Arizona,missed,KJ Lewis,NA,FALSE,FALSE,Arizona,Arizona,FALSE
401725632,2024-12-30,Arizona,TCU,112,1,5:38,1538,1538,Trey Townsend Offensive Rebound.,home,27,23,4,4,FALSE,FALSE,0.9266039920389237,0.6288239499790217,5,2,14.5,146.5,Michael Greenstein/Jeffrey Anderson/Chance Moore,"Tucson, AZ",McKale Memorial Center,NA,13560,NA,NA,NA,NA,NA,NA,NA,NA,Arizona,Arizona,FALSE
401725632,2024-12-30,Arizona,TCU,113,1,5:38,1538,1538,Trey Townsend made Two Point Tip Shot.,home,29,23,6,0,TRUE,FALSE,0.9426349662491983,0.6879949824851426,5,2,14.5,146.5,Michael Greenstein/Jeffrey Anderson/Chance Moore,"Tucson, AZ",McKale Memorial Center,NA,13560,NA,NA,Arizona,made,Trey Townsend,NA,FALSE,FALSE,Arizona,TCU,FALSE
401725632,2024-12-30,Arizona,TCU,114,1,5:21,1521,1521,Vasean Allette missed Three Point Jumper.,away,29,23,6,17,FALSE,FALSE,0.9424776240399877,0.6892529421843796,5,2,14.5,146.5,Michael Greenstein/Jeffrey Anderson/Chance Moore,"Tucson, AZ",McKale Memorial Center,NA,13560,NA,NA,TCU,missed,Vasean Allette,NA,TRUE,FALSE,TCU,Arizona,FALSE
401725632,2024-12-30,Arizona,TCU,115,1,5:17,1517,1517,KJ Lewis Defensive Rebound.,home,29,23,6,4,FALSE,FALSE,0.9424415131497648,0.6895531548632161,5,2,14.5,146.5,Michael Greenstein/Jeffrey Anderson/Chance Moore,"Tucson, AZ",McKale Memorial Center,NA,13560,NA,NA,NA,NA,NA,NA,NA,NA,TCU,Arizona,FALSE
401725632,2024-12-30,Arizona,TCU,116,1,5:08,1508,1508,Jaden Bradley made Jumper.,home,31,23,8,9,TRUE,FALSE,0.9552669551840539,0.7442721297493338,5,2,14.5,146.5,Michael Greenstein/Jeffrey Anderson/Chance Moore,"Tucson, AZ",McKale Memorial Center,NA,13560,NA,NA,Arizona,made,Jaden Bradley,NA,FALSE,FALSE,Arizona,TCU,FALSE
401725632,2024-12-30,Arizona,TCU,117,1,5:05,1505,1505,TCU  Timeout,away,31,23,8,3,FALSE,FALSE,0.9552618070170006,0.744544573828326,4,2,14.5,146.5,Michael Greenstein/Jeffrey Anderson/Chance Moore,"Tucson, AZ",McKale Memorial Center,NA,13560,NA,NA,NA,NA,NA,NA,NA,NA,TCU,TCU,FALSE
401725632,2024-12-30,Arizona,TCU,118,1,4:37,1477,1477,Vasean Allette missed Jumper.,away,31,23,8,28,FALSE,FALSE,0.9552316467422892,0.7471551821630225,4,2,14.5,146.5,Michael Greenstein/Jeffrey Anderson/Chance Moore,"Tucson, AZ",McKale Memorial Center,NA,13560,NA,NA,TCU,missed,Vasean Allette,NA,FALSE,FALSE,TCU,Arizona,FALSE
401725632,2024-12-30,Arizona,TCU,119,1,4:37,1477,1477,Henri Veesaar Block.,home,31,23,8,0,FALSE,FALSE,0.9552316467422892,0.7471551821630225,4,2,14.5,146.5,Michael Greenstein/Jeffrey Anderson/Chance Moore,"Tucson, AZ",McKale Memorial Center,NA,13560,NA,NA,NA,NA,NA,NA,NA,NA,TCU,Arizona,FALSE
401725632,2024-12-30,Arizona,TCU,120,1,4:33,1473,1473,Henri Veesaar Defensive Rebound.,home,31,23,8,4,FALSE,FALSE,0.9552303882116033,0.7475392683504011,4,2,14.5,146.5,Michael Greenstein/Jeffrey Anderson/Chance Moore,"Tucson, AZ",McKale Memorial Center,NA,13560,NA,NA,NA,NA,NA,NA,NA,NA,TCU,Arizona,FALSE
401725632,2024-12-30,Arizona,TCU,121,1,4:31,1471,1471,Caleb Love made Jumper. Assisted by Henri Veesaar.,home,33,23,10,2,TRUE,FALSE,0.9655122487551663,0.7954659868738074,4,2,14.5,146.5,Michael Greenstein/Jeffrey Anderson/Chance Moore,"Tucson, AZ",McKale Memorial Center,NA,13560,NA,NA,Arizona,made,Caleb Love,Henri Veesaar,FALSE,FALSE,Arizona,TCU,FALSE
401725632,2024-12-30,Arizona,TCU,122,1,4:13,1453,1453,Noah Reynolds Turnover.,away,33,23,10,18,FALSE,FALSE,0.9655967065843911,0.7973778605304906,4,2,14.5,146.5,Michael Greenstein/Jeffrey Anderson/Chance Moore,"Tucson, AZ",McKale Memorial Center,NA,13560,NA,NA,NA,NA,NA,NA,NA,NA,TCU,Arizona,FALSE
401725632,2024-12-30,Arizona,TCU,123,1,4:13,1453,1453,Jaden Bradley Steal.,home,33,23,10,0,FALSE,FALSE,0.9655967065843911,0.7973778605304906,4,2,14.5,146.5,Michael Greenstein/Jeffrey Anderson/Chance Moore,"Tucson, AZ",McKale Memorial Center,NA,13560,NA,NA,NA,NA,NA,NA,NA,NA,TCU,Arizona,FALSE
401725632,2024-12-30,Arizona,TCU,124,1,4:10,1450,1450,Foul on Noah Reynolds.,away,33,23,10,3,FALSE,TRUE,0.9656126270277028,0.7977033418431752,4,2,14.5,146.5,Michael Greenstein/Jeffrey Anderson/Chance Moore,"Tucson, AZ",McKale Memorial Center,NA,13560,NA,NA,NA,NA,NA,NA,NA,NA,Arizona,Arizona,FALSE
401725632,2024-12-30,Arizona,TCU,125,1,4:10,1450,1450,Jaden Bradley made Free Throw.,home,34,23,11,0,TRUE,FALSE,0.969888485737338,0.8189428696756733,4,2,14.5,146.5,Michael Greenstein/Jeffrey Anderson/Chance Moore,"Tucson, AZ",McKale Memorial Center,NA,13560,NA,NA,Arizona,made,Jaden Bradley,NA,FALSE,TRUE,Arizona,Arizona,FALSE
401725632,2024-12-30,Arizona,TCU,126,1,4:10,1450,1450,Jaden Bradley missed Free Throw.,home,34,23,11,0,FALSE,FALSE,0.969888485737338,0.8189428696756733,4,2,14.5,146.5,Michael Greenstein/Jeffrey Anderson/Chance Moore,"Tucson, AZ",McKale Memorial Center,NA,13560,NA,NA,Arizona,missed,Jaden Bradley,NA,FALSE,TRUE,Arizona,TCU,FALSE
401725632,2024-12-30,Arizona,TCU,127,1,4:09,1449,1449,Ernest Udeh Jr. Defensive Rebound.,away,34,23,11,1,FALSE,FALSE,0.9698951711702993,0.8190527172968581,4,2,14.5,146.5,Michael Greenstein/Jeffrey Anderson/Chance Moore,"Tucson, AZ",McKale Memorial Center,NA,13560,NA,NA,NA,NA,NA,NA,NA,NA,Arizona,TCU,FALSE
401725632,2024-12-30,Arizona,TCU,128,1,3:46,1426,1426,Noah Reynolds made Three Point Jumper. Assisted by Ernest Udeh Jr..,away,34,26,8,23,TRUE,FALSE,0.9552495582381566,0.7521707026318694,4,2,14.5,146.5,Michael Greenstein/Jeffrey Anderson/Chance Moore,"Tucson, AZ",McKale Memorial Center,NA,13560,NA,NA,TCU,made,Noah Reynolds,Ernest Udeh Jr,TRUE,FALSE,TCU,Arizona,FALSE
401725632,2024-12-30,Arizona,TCU,129,1,3:31,1411,1411,Jaden Bradley Turnover.,home,34,26,8,15,FALSE,FALSE,0.9552375942918052,0.7535877097935347,4,2,14.5,146.5,Michael Greenstein/Jeffrey Anderson/Chance Moore,"Tucson, AZ",McKale Memorial Center,NA,13560,NA,NA,NA,NA,NA,NA,NA,NA,Arizona,TCU,FALSE
401725632,2024-12-30,Arizona,TCU,130,1,3:31,1411,1411,Ernest Udeh Jr. Steal.,away,34,26,8,0,FALSE,FALSE,0.9552375942918052,0.7535877097935347,4,2,14.5,146.5,Michael Greenstein/Jeffrey Anderson/Chance Moore,"Tucson, AZ",McKale Memorial Center,NA,13560,NA,NA,NA,NA,NA,NA,NA,NA,Arizona,TCU,FALSE
401725632,2024-12-30,Arizona,TCU,131,1,3:26,1406,1406,Micah Robinson missed Jumper.,away,34,26,8,5,FALSE,FALSE,0.9552312372038396,0.7540523353669291,4,2,14.5,146.5,Michael Greenstein/Jeffrey Anderson/Chance Moore,"Tucson, AZ",McKale Memorial Center,NA,13560,NA,NA,TCU,missed,Micah Robinson,NA,FALSE,FALSE,TCU,TCU,FALSE
401725632,2024-12-30,Arizona,TCU,132,1,3:26,1406,1406,Carter Bryant Block.,home,34,26,8,0,FALSE,FALSE,0.9552312372038396,0.7540523353669291,4,2,14.5,146.5,Michael Greenstein/Jeffrey Anderson/Chance Moore,"Tucson, AZ",McKale Memorial Center,NA,13560,NA,NA,NA,NA,NA,NA,NA,NA,TCU,TCU,FALSE
401725632,2024-12-30,Arizona,TCU,133,1,3:26,1406,1406,TCU Offensive Rebound.,away,34,26,8,0,FALSE,FALSE,0.9552312372038396,0.7540523353669291,4,2,14.5,146.5,Michael Greenstein/Jeffrey Anderson/Chance Moore,"Tucson, AZ",McKale Memorial Center,NA,13560,NA,NA,NA,NA,NA,NA,NA,NA,TCU,TCU,FALSE
401725632,2024-12-30,Arizona,TCU,134,1,3:26,1406,1406, Official TV Timeout,NA,34,26,8,0,FALSE,FALSE,0.9552312372038396,0.7540523353669291,4,1,14.5,146.5,Michael Greenstein/Jeffrey Anderson/Chance Moore,"Tucson, AZ",McKale Memorial Center,NA,13560,NA,NA,NA,NA,NA,NA,NA,NA,TCU,TCU,FALSE
401725632,2024-12-30,Arizona,TCU,135,1,3:23,1403,1403,Micah Robinson made Layup. Assisted by Noah Reynolds.,away,34,28,6,3,TRUE,FALSE,0.9415789791535979,0.6987555073315058,4,1,14.5,146.5,Michael Greenstein/Jeffrey Anderson/Chance Moore,"Tucson, AZ",McKale Memorial Center,NA,13560,NA,NA,TCU,made,Micah Robinson,Noah Reynolds,FALSE,FALSE,TCU,Arizona,FALSE
401725632,2024-12-30,Arizona,TCU,136,1,3:01,1381,1381,Henri Veesaar made Layup. Assisted by KJ Lewis.,home,36,28,8,22,TRUE,FALSE,0.9551861376357801,0.7563344981167437,4,1,14.5,146.5,Michael Greenstein/Jeffrey Anderson/Chance Moore,"Tucson, AZ",McKale Memorial Center,NA,13560,NA,NA,Arizona,made,Henri Veesaar,KJ Lewis,FALSE,FALSE,Arizona,TCU,FALSE
401725632,2024-12-30,Arizona,TCU,137,1,3:01,1381,1381,Foul on Trazarien White.,away,36,28,8,0,FALSE,TRUE,0.9551861376357801,0.7563344981167437,4,1,14.5,146.5,Michael Greenstein/Jeffrey Anderson/Chance Moore,"Tucson, AZ",McKale Memorial Center,NA,13560,NA,NA,NA,NA,NA,NA,NA,NA,Arizona,TCU,FALSE
401725632,2024-12-30,Arizona,TCU,138,1,3:01,1381,1381,Henri Veesaar made Free Throw.,home,37,28,9,0,TRUE,FALSE,0.9608709377418927,0.78147338250594,4,1,14.5,146.5,Michael Greenstein/Jeffrey Anderson/Chance Moore,"Tucson, AZ",McKale Memorial Center,NA,13560,NA,NA,Arizona,made,Henri Veesaar,NA,FALSE,TRUE,Arizona,TCU,FALSE
401725632,2024-12-30,Arizona,TCU,139,1,2:50,1370,1370,Jace Posey Turnover.,away,37,28,9,11,FALSE,FALSE,0.9608745167211273,0.7825056335084856,4,1,14.5,146.5,Michael Greenstein/Jeffrey Anderson/Chance Moore,"Tucson, AZ",McKale Memorial Center,NA,13560,NA,NA,NA,NA,NA,NA,NA,NA,TCU,Arizona,FALSE
401725632,2024-12-30,Arizona,TCU,140,1,2:50,1370,1370,KJ Lewis Steal.,home,37,28,9,0,FALSE,FALSE,0.9608745167211273,0.7825056335084856,4,1,14.5,146.5,Michael Greenstein/Jeffrey Anderson/Chance Moore,"Tucson, AZ",McKale Memorial Center,NA,13560,NA,NA,NA,NA,NA,NA,NA,NA,TCU,Arizona,FALSE
401725632,2024-12-30,Arizona,TCU,141,1,2:44,1364,1364,Caleb Love made Dunk. Assisted by KJ Lewis.,home,39,28,11,6,TRUE,FALSE,0.9702970665420777,0.827623902155206,4,1,14.5,146.5,Michael Greenstein/Jeffrey Anderson/Chance Moore,"Tucson, AZ",McKale Memorial Center,NA,13560,NA,NA,Arizona,made,Caleb Love,KJ Lewis,FALSE,FALSE,Arizona,TCU,FALSE
401725632,2024-12-30,Arizona,TCU,142,1,2:36,1356,1356,Foul on Henri Veesaar.,home,39,28,11,8,FALSE,TRUE,0.9703264185596735,0.8283911136790041,4,1,14.5,146.5,Michael Greenstein/Jeffrey Anderson/Chance Moore,"Tucson, AZ",McKale Memorial Center,NA,13560,NA,NA,NA,NA,NA,NA,NA,NA,TCU,TCU,FALSE
401725632,2024-12-30,Arizona,TCU,143,1,2:28,1348,1348,Noah Reynolds made Layup.,away,39,30,9,8,TRUE,FALSE,0.9608788329541551,0.7845633568532175,4,1,14.5,146.5,Michael Greenstein/Jeffrey Anderson/Chance Moore,"Tucson, AZ",McKale Memorial Center,NA,13560,NA,NA,TCU,made,Noah Reynolds,NA,FALSE,FALSE,TCU,Arizona,FALSE
401725632,2024-12-30,Arizona,TCU,144,1,2:28,1348,1348,Foul on Henri Veesaar.,home,39,30,9,0,FALSE,TRUE,0.9608788329541551,0.7845633568532175,4,1,14.5,146.5,Michael Greenstein/Jeffrey Anderson/Chance Moore,"Tucson, AZ",McKale Memorial Center,NA,13560,NA,NA,NA,NA,NA,NA,NA,NA,TCU,TCU,FALSE
401725632,2024-12-30,Arizona,TCU,145,1,2:28,1348,1348,Noah Reynolds missed Free Throw.,away,39,30,9,0,FALSE,FALSE,0.9608788329541551,0.7845633568532175,4,1,14.5,146.5,Michael Greenstein/Jeffrey Anderson/Chance Moore,"Tucson, AZ",McKale Memorial Center,NA,13560,NA,NA,TCU,missed,Noah Reynolds,NA,FALSE,TRUE,TCU,Arizona,FALSE
401725632,2024-12-30,Arizona,TCU,146,1,2:27,1347,1347,Caleb Love Defensive Rebound.,home,39,30,9,1,FALSE,FALSE,0.9608790398848687,0.7846570636534627,4,1,14.5,146.5,Michael Greenstein/Jeffrey Anderson/Chance Moore,"Tucson, AZ",McKale Memorial Center,NA,13560,NA,NA,NA,NA,NA,NA,NA,NA,TCU,Arizona,FALSE
401725632,2024-12-30,Arizona,TCU,147,1,2:00,1320,1320,Jaden Bradley Turnover.,home,39,30,9,27,FALSE,FALSE,0.9608898488567478,0.7872112870060639,4,1,14.5,146.5,Michael Greenstein/Jeffrey Anderson/Chance Moore,"Tucson, AZ",McKale Memorial Center,NA,13560,NA,NA,NA,NA,NA,NA,NA,NA,Arizona,TCU,FALSE
401725632,2024-12-30,Arizona,TCU,148,1,2:00,1320,1320,Noah Reynolds Steal.,away,39,30,9,0,FALSE,FALSE,0.9608898488567478,0.7872112870060639,4,1,14.5,146.5,Michael Greenstein/Jeffrey Anderson/Chance Moore,"Tucson, AZ",McKale Memorial Center,NA,13560,NA,NA,NA,NA,NA,NA,NA,NA,Arizona,TCU,FALSE
401725632,2024-12-30,Arizona,TCU,149,1,1:53,1313,1313,Vasean Allette made Layup. Assisted by Micah Robinson.,away,39,32,7,7,TRUE,FALSE,0.9483395073541585,0.7350930924935876,4,1,14.5,146.5,Michael Greenstein/Jeffrey Anderson/Chance Moore,"Tucson, AZ",McKale Memorial Center,NA,13560,NA,NA,TCU,made,Vasean Allette,Micah Robinson,FALSE,FALSE,TCU,Arizona,FALSE
401725632,2024-12-30,Arizona,TCU,150,1,1:39,1299,1299,Carter Bryant Turnover.,home,39,32,7,14,FALSE,FALSE,0.9482712365389843,0.736334406140987,4,1,14.5,146.5,Michael Greenstein/Jeffrey Anderson/Chance Moore,"Tucson, AZ",McKale Memorial Center,NA,13560,NA,NA,NA,NA,NA,NA,NA,NA,Arizona,TCU,FALSE
401725632,2024-12-30,Arizona,TCU,151,1,1:26,1286,1286,Micah Robinson made Three Point Jumper. Assisted by Noah Reynolds.,away,39,35,4,13,TRUE,FALSE,0.921632143096517,0.6434439743585295,4,1,14.5,146.5,Michael Greenstein/Jeffrey Anderson/Chance Moore,"Tucson, AZ",McKale Memorial Center,NA,13560,NA,NA,TCU,made,Micah Robinson,Noah Reynolds,TRUE,FALSE,TCU,Arizona,FALSE
401725632,2024-12-30,Arizona,TCU,152,1,1:03,1263,1263,Carter Bryant missed Three Point Jumper.,home,39,35,4,23,FALSE,FALSE,0.9211712607235895,0.6449222817521456,4,1,14.5,146.5,Michael Greenstein/Jeffrey Anderson/Chance Moore,"Tucson, AZ",McKale Memorial Center,NA,13560,NA,NA,Arizona,missed,Carter Bryant,NA,TRUE,FALSE,Arizona,Arizona,FALSE
401725632,2024-12-30,Arizona,TCU,153,1,1:02,1262,1262,Arizona Offensive Rebound.,home,39,35,4,1,FALSE,FALSE,0.921151852182703,0.6449886454197719,4,1,14.5,146.5,Michael Greenstein/Jeffrey Anderson/Chance Moore,"Tucson, AZ",McKale Memorial Center,NA,13560,NA,NA,NA,NA,NA,NA,NA,NA,Arizona,Arizona,FALSE
401725632,2024-12-30,Arizona,TCU,154,1,0:48,1248,1248,Caleb Love made Layup. Assisted by Tobe Awaka.,home,41,35,6,14,TRUE,FALSE,0.9401992138969625,0.7113294332882297,4,1,14.5,146.5,Michael Greenstein/Jeffrey Anderson/Chance Moore,"Tucson, AZ",McKale Memorial Center,NA,13560,NA,NA,Arizona,made,Caleb Love,Tobe Awaka,FALSE,FALSE,Arizona,TCU,FALSE
401725632,2024-12-30,Arizona,TCU,155,1,0:30,1230,1230,Noah Reynolds missed Three Point Jumper.,away,41,35,6,18,FALSE,FALSE,0.940110392618883,0.7130558302557571,4,1,14.5,146.5,Michael Greenstein/Jeffrey Anderson/Chance Moore,"Tucson, AZ",McKale Memorial Center,NA,13560,NA,NA,TCU,missed,Noah Reynolds,NA,TRUE,FALSE,TCU,TCU,FALSE
401725632,2024-12-30,Arizona,TCU,156,1,0:26,1226,1226,Vasean Allette Offensive Rebound.,away,41,35,6,4,FALSE,FALSE,0.9400948540750232,0.7134529902756405,4,1,14.5,146.5,Michael Greenstein/Jeffrey Anderson/Chance Moore,"Tucson, AZ",McKale Memorial Center,NA,13560,NA,NA,NA,NA,NA,NA,NA,NA,TCU,TCU,FALSE
401725632,2024-12-30,Arizona,TCU,157,1,0:08,1208,1208,Vasean Allette made Jumper.,away,41,37,4,18,TRUE,FALSE,0.9202132918819417,0.648897291806538,4,1,14.5,146.5,Michael Greenstein/Jeffrey Anderson/Chance Moore,"Tucson, AZ",McKale Memorial Center,NA,13560,NA,NA,TCU,made,Vasean Allette,NA,FALSE,FALSE,TCU,Arizona,FALSE
401725632,2024-12-30,Arizona,TCU,158,1,0:03,1203,1203,Jaden Bradley missed Three Point Jumper.,home,41,37,4,5,FALSE,FALSE,0.9201366416965991,0.6492863483699297,4,1,14.5,146.5,Michael Greenstein/Jeffrey Anderson/Chance Moore,"Tucson, AZ",McKale Memorial Center,NA,13560,NA,NA,Arizona,missed,Jaden Bradley,NA,TRUE,FALSE,Arizona,TCU,FALSE
401725632,2024-12-30,Arizona,TCU,159,1,0:03,1203,1203,TCU Defensive Rebound.,away,41,37,4,0,FALSE,FALSE,0.9201366416965991,0.6492863483699297,4,1,14.5,146.5,Michael Greenstein/Jeffrey Anderson/Chance Moore,"Tucson, AZ",McKale Memorial Center,NA,13560,NA,NA,NA,NA,NA,NA,NA,NA,Arizona,TCU,FALSE
401725632,2024-12-30,Arizona,TCU,160,1,0:00,1200,1200,End of 1st half,NA,41,37,4,3,FALSE,FALSE,0.9200902583548305,0.6495177425372644,4,1,14.5,146.5,Michael Greenstein/Jeffrey Anderson/Chance Moore,"Tucson, AZ",McKale Memorial Center,NA,13560,NA,NA,NA,NA,NA,NA,NA,NA,TCU,NA,FALSE
401725632,2024-12-30,Arizona,TCU,161,2,19:47,1187,1187,Trey Townsend made Jumper.,home,43,37,6,13,TRUE,FALSE,0.939994125658427,0.7174579700037188,4,1,14.5,146.5,Michael Greenstein/Jeffrey Anderson/Chance Moore,"Tucson, AZ",McKale Memorial Center,NA,13560,NA,NA,Arizona,made,Trey Townsend,NA,FALSE,FALSE,Arizona,TCU,FALSE
401725632,2024-12-30,Arizona,TCU,162,2,19:29,1169,1169,Trazarien White made Three Point Jumper. Assisted by Noah Reynolds.,away,43,40,3,18,TRUE,FALSE,0.9072159440786438,0.6154645333736616,4,1,14.5,146.5,Michael Greenstein/Jeffrey Anderson/Chance Moore,"Tucson, AZ",McKale Memorial Center,NA,13560,NA,NA,TCU,made,Trazarien White,Noah Reynolds,TRUE,FALSE,TCU,Arizona,FALSE
401725632,2024-12-30,Arizona,TCU,163,2,19:01,1141,1141,Caleb Love missed Three Point Jumper.,home,43,40,3,28,FALSE,FALSE,0.906505177958556,0.6170484330723718,4,1,14.5,146.5,Michael Greenstein/Jeffrey Anderson/Chance Moore,"Tucson, AZ",McKale Memorial Center,NA,13560,NA,NA,Arizona,missed,Caleb Love,NA,TRUE,FALSE,Arizona,Arizona,FALSE
401725632,2024-12-30,Arizona,TCU,164,2,18:56,1136,1136,Caleb Love Offensive Rebound.,home,43,40,3,5,FALSE,FALSE,0.9063777886104385,0.6173293911058557,4,1,14.5,146.5,Michael Greenstein/Jeffrey Anderson/Chance Moore,"Tucson, AZ",McKale Memorial Center,NA,13560,NA,NA,NA,NA,NA,NA,NA,NA,Arizona,Arizona,FALSE
401725632,2024-12-30,Arizona,TCU,165,2,18:54,1134,1134,Caleb Love missed Three Point Jumper.,home,43,40,3,2,FALSE,FALSE,0.9063268231688896,0.6174417729423893,4,1,14.5,146.5,Michael Greenstein/Jeffrey Anderson/Chance Moore,"Tucson, AZ",McKale Memorial Center,NA,13560,NA,NA,Arizona,missed,Caleb Love,NA,TRUE,FALSE,Arizona,Arizona,FALSE
401725632,2024-12-30,Arizona,TCU,166,2,18:50,1130,1130,Trey Townsend Offensive Rebound.,home,43,40,3,4,FALSE,FALSE,0.9062248919202879,0.617666619326228,4,1,14.5,146.5,Michael Greenstein/Jeffrey Anderson/Chance Moore,"Tucson, AZ",McKale Memorial Center,NA,13560,NA,NA,NA,NA,NA,NA,NA,NA,Arizona,Arizona,FALSE
401725632,2024-12-30,Arizona,TCU,167,2,18:38,1118,1118,Anthony Dell'Orso missed Jumper.,home,43,40,3,12,FALSE,FALSE,0.905919309387448,0.6183429323797337,4,1,14.5,146.5,Michael Greenstein/Jeffrey Anderson/Chance Moore,"Tucson, AZ",McKale Memorial Center,NA,13560,NA,NA,Arizona,missed,Anthony Dell'Orso,NA,FALSE,FALSE,Arizona,TCU,FALSE
401725632,2024-12-30,Arizona,TCU,168,2,18:34,1114,1114,Ernest Udeh Jr. Defensive Rebound.,away,43,40,3,4,FALSE,FALSE,0.9058175986772705,0.6185693727805368,4,1,14.5,146.5,Michael Greenstein/Jeffrey Anderson/Chance Moore,"Tucson, AZ",McKale Memorial Center,NA,13560,NA,NA,NA,NA,NA,NA,NA,NA,Arizona,TCU,FALSE
401725632,2024-12-30,Arizona,TCU,169,2,18:14,1094,1094,David Punch made Jumper.,away,43,42,1,20,TRUE,FALSE,0.8734845028732341,0.5406051449647659,4,1,14.5,146.5,Michael Greenstein/Jeffrey Anderson/Chance Moore,"Tucson, AZ",McKale Memorial Center,NA,13560,NA,NA,TCU,made,David Punch,NA,FALSE,FALSE,TCU,Arizona,FALSE
401725632,2024-12-30,Arizona,TCU,170,2,17:59,1079,1079,Trey Townsend made Dunk. Assisted by Caleb Love.,home,45,42,3,15,TRUE,FALSE,0.9049352248998548,0.6205944154912812,4,1,14.5,146.5,Michael Greenstein/Jeffrey Anderson/Chance Moore,"Tucson, AZ",McKale Memorial Center,NA,13560,NA,NA,Arizona,made,Trey Townsend,Caleb Love,FALSE,FALSE,Arizona,TCU,FALSE
401725632,2024-12-30,Arizona,TCU,171,2,17:32,1052,1052,Trazarien White missed Jumper.,away,45,42,3,27,FALSE,FALSE,0.9042709473942802,0.6222453938019108,4,1,14.5,146.5,Michael Greenstein/Jeffrey Anderson/Chance Moore,"Tucson, AZ",McKale Memorial Center,NA,13560,NA,NA,TCU,missed,Trazarien White,NA,FALSE,FALSE,TCU,Arizona,FALSE
401725632,2024-12-30,Arizona,TCU,172,2,17:30,1050,1050,Tobe Awaka Defensive Rebound.,home,45,42,3,2,FALSE,FALSE,0.9042225522270964,0.6223719432175816,4,1,14.5,146.5,Michael Greenstein/Jeffrey Anderson/Chance Moore,"Tucson, AZ",McKale Memorial Center,NA,13560,NA,NA,NA,NA,NA,NA,NA,NA,TCU,Arizona,FALSE
401725632,2024-12-30,Arizona,TCU,173,2,17:24,1044,1044,Caleb Love made Jumper. Assisted by Tobe Awaka.,home,47,42,5,6,TRUE,FALSE,0.9294030819959801,0.6975029308196202,4,1,14.5,146.5,Michael Greenstein/Jeffrey Anderson/Chance Moore,"Tucson, AZ",McKale Memorial Center,NA,13560,NA,NA,Arizona,made,Caleb Love,Tobe Awaka,FALSE,FALSE,Arizona,TCU,FALSE
401725632,2024-12-30,Arizona,TCU,174,2,17:07,1027,1027,Vasean Allette missed Three Point Jumper.,away,47,42,5,17,FALSE,FALSE,0.929308604621471,0.6991825556453762,4,1,14.5,146.5,Michael Greenstein/Jeffrey Anderson/Chance Moore,"Tucson, AZ",McKale Memorial Center,NA,13560,NA,NA,TCU,missed,Vasean Allette,NA,TRUE,FALSE,TCU,TCU,FALSE
401725632,2024-12-30,Arizona,TCU,175,2,17:03,1023,1023,Ernest Udeh Jr. Offensive Rebound.,away,47,42,5,4,FALSE,FALSE,0.9292893914992337,0.6995899105634454,4,1,14.5,146.5,Michael Greenstein/Jeffrey Anderson/Chance Moore,"Tucson, AZ",McKale Memorial Center,NA,13560,NA,NA,NA,NA,NA,NA,NA,NA,TCU,TCU,FALSE
401725632,2024-12-30,Arizona,TCU,176,2,16:49,1009,1009,David Punch missed Jumper.,away,47,42,5,14,FALSE,FALSE,0.9292321622250382,0.7010560371087694,4,1,14.5,146.5,Michael Greenstein/Jeffrey Anderson/Chance Moore,"Tucson, AZ",McKale Memorial Center,NA,13560,NA,NA,TCU,missed,David Punch,NA,FALSE,FALSE,TCU,TCU,FALSE
401725632,2024-12-30,Arizona,TCU,177,2,16:46,1006,1006,Ernest Udeh Jr. Offensive Rebound.,away,47,42,5,3,FALSE,FALSE,0.9292220431546397,0.7013788530835594,4,1,14.5,146.5,Michael Greenstein/Jeffrey Anderson/Chance Moore,"Tucson, AZ",McKale Memorial Center,NA,13560,NA,NA,NA,NA,NA,NA,NA,NA,TCU,TCU,FALSE
401725632,2024-12-30,Arizona,TCU,178,2,16:45,1005,1005,Ernest Udeh Jr. missed Jumper.,away,47,42,5,1,FALSE,FALSE,0.9292188461825786,0.7014871681139286,4,1,14.5,146.5,Michael Greenstein/Jeffrey Anderson/Chance Moore,"Tucson, AZ",McKale Memorial Center,NA,13560,NA,NA,TCU,missed,Ernest Udeh Jr.,NA,FALSE,FALSE,TCU,Arizona,FALSE
401725632,2024-12-30,Arizona,TCU,179,2,16:43,1003,1003,Jaden Bradley Defensive Rebound.,home,47,42,5,2,FALSE,FALSE,0.9292127202440585,0.7017048784282777,4,1,14.5,146.5,Michael Greenstein/Jeffrey Anderson/Chance Moore,"Tucson, AZ",McKale Memorial Center,NA,13560,NA,NA,NA,NA,NA,NA,NA,NA,TCU,Arizona,FALSE
401725632,2024-12-30,Arizona,TCU,180,2,16:35,995,995,Tobe Awaka missed Jumper.,home,47,42,5,8,FALSE,FALSE,0.9291918858170439,0.7025905049816795,4,1,14.5,146.5,Michael Greenstein/Jeffrey Anderson/Chance Moore,"Tucson, AZ",McKale Memorial Center,NA,13560,NA,NA,Arizona,missed,Tobe Awaka,NA,FALSE,FALSE,Arizona,TCU,FALSE
401725632,2024-12-30,Arizona,TCU,181,2,16:32,992,992,Ernest Udeh Jr. Defensive Rebound.,away,47,42,5,3,FALSE,FALSE,0.9291856332042567,0.7029288991819861,4,1,14.5,146.5,Michael Greenstein/Jeffrey Anderson/Chance Moore,"Tucson, AZ",McKale Memorial Center,NA,13560,NA,NA,NA,NA,NA,NA,NA,NA,Arizona,TCU,FALSE
401725632,2024-12-30,Arizona,TCU,182,2,16:28,988,988,Noah Reynolds made Layup. Assisted by Ernest Udeh Jr..,away,47,44,3,4,TRUE,FALSE,0.9028018873800844,0.6266994856234849,4,1,14.5,146.5,Michael Greenstein/Jeffrey Anderson/Chance Moore,"Tucson, AZ",McKale Memorial Center,NA,13560,NA,NA,TCU,made,Noah Reynolds,Ernest Udeh Jr,FALSE,FALSE,TCU,Arizona,FALSE
401725632,2024-12-30,Arizona,TCU,183,2,16:09,969,969,Trey Townsend missed Three Point Jumper.,home,47,44,3,19,FALSE,FALSE,0.9024060511146089,0.6282218417162765,4,1,14.5,146.5,Michael Greenstein/Jeffrey Anderson/Chance Moore,"Tucson, AZ",McKale Memorial Center,NA,13560,NA,NA,Arizona,missed,Trey Townsend,NA,TRUE,FALSE,Arizona,TCU,FALSE
401725632,2024-12-30,Arizona,TCU,184,2,16:06,966,966,Ernest Udeh Jr. Defensive Rebound.,away,47,44,3,3,FALSE,FALSE,0.9023451007903468,0.6284663313251713,4,1,14.5,146.5,Michael Greenstein/Jeffrey Anderson/Chance Moore,"Tucson, AZ",McKale Memorial Center,NA,13560,NA,NA,NA,NA,NA,NA,NA,NA,Arizona,TCU,FALSE
401725632,2024-12-30,Arizona,TCU,185,2,15:55,955,955,Foul on Trey Townsend.,home,47,44,3,11,FALSE,TRUE,0.9021212864074944,0.629327134116665,4,1,14.5,146.5,Michael Greenstein/Jeffrey Anderson/Chance Moore,"Tucson, AZ",McKale Memorial Center,NA,13560,NA,NA,NA,NA,NA,NA,NA,NA,TCU,TCU,FALSE
401725632,2024-12-30,Arizona,TCU,186,2,15:55,955,955, Official TV Timeout,NA,47,44,3,0,FALSE,FALSE,0.9021212864074944,0.629327134116665,4,0,14.5,146.5,Michael Greenstein/Jeffrey Anderson/Chance Moore,"Tucson, AZ",McKale Memorial Center,NA,13560,NA,NA,NA,NA,NA,NA,NA,NA,TCU,TCU,FALSE
401725632,2024-12-30,Arizona,TCU,187,2,15:55,955,955,Ernest Udeh Jr. made Free Throw.,away,47,45,2,0,TRUE,FALSE,0.8853984168447103,0.5873176221737575,4,0,14.5,146.5,Michael Greenstein/Jeffrey Anderson/Chance Moore,"Tucson, AZ",McKale Memorial Center,NA,13560,NA,NA,TCU,made,Ernest Udeh Jr.,NA,FALSE,TRUE,TCU,TCU,FALSE
401725632,2024-12-30,Arizona,TCU,188,2,15:55,955,955,Ernest Udeh Jr. made Free Throw.,away,47,46,1,0,TRUE,FALSE,0.8662420265992091,0.5439968566144211,4,0,14.5,146.5,Michael Greenstein/Jeffrey Anderson/Chance Moore,"Tucson, AZ",McKale Memorial Center,NA,13560,NA,NA,TCU,made,Ernest Udeh Jr.,NA,FALSE,TRUE,TCU,Arizona,FALSE
401725632,2024-12-30,Arizona,TCU,189,2,15:38,938,938,KJ Lewis made Layup. Assisted by Caleb Love.,home,49,46,3,17,TRUE,FALSE,0.9017751102507326,0.6305613328782528,4,0,14.5,146.5,Michael Greenstein/Jeffrey Anderson/Chance Moore,"Tucson, AZ",McKale Memorial Center,NA,13560,NA,NA,Arizona,made,KJ Lewis,Caleb Love,FALSE,FALSE,Arizona,TCU,FALSE
401725632,2024-12-30,Arizona,TCU,190,2,15:08,908,908,David Punch made Layup. Assisted by Malick Diallo.,away,49,48,1,30,TRUE,FALSE,0.8639157730913022,0.5451347477520337,4,0,14.5,146.5,Michael Greenstein/Jeffrey Anderson/Chance Moore,"Tucson, AZ",McKale Memorial Center,NA,13560,NA,NA,TCU,made,David Punch,Malick Diallo,FALSE,FALSE,TCU,Arizona,FALSE
401725632,2024-12-30,Arizona,TCU,191,2,15:08,908,908,Foul on Henri Veesaar.,home,49,48,1,0,FALSE,TRUE,0.8639157730913022,0.5451347477520337,4,0,14.5,146.5,Michael Greenstein/Jeffrey Anderson/Chance Moore,"Tucson, AZ",McKale Memorial Center,NA,13560,NA,NA,NA,NA,NA,NA,NA,NA,TCU,TCU,FALSE
401725632,2024-12-30,Arizona,TCU,192,2,15:07,907,907,David Punch missed Free Throw.,away,49,48,1,1,FALSE,FALSE,0.8638681397398408,0.5451569896979658,4,0,14.5,146.5,Michael Greenstein/Jeffrey Anderson/Chance Moore,"Tucson, AZ",McKale Memorial Center,NA,13560,NA,NA,TCU,missed,David Punch,NA,FALSE,TRUE,TCU,Arizona,FALSE
401725632,2024-12-30,Arizona,TCU,193,2,15:06,906,906,Caleb Love Defensive Rebound.,home,49,48,1,1,FALSE,FALSE,0.8638205609316388,0.5451791821940191,4,0,14.5,146.5,Michael Greenstein/Jeffrey Anderson/Chance Moore,"Tucson, AZ",McKale Memorial Center,NA,13560,NA,NA,NA,NA,NA,NA,NA,NA,TCU,Arizona,FALSE
401725632,2024-12-30,Arizona,TCU,194,2,14:48,888,888,Carter Bryant missed Three Point Jumper.,home,49,48,1,18,FALSE,FALSE,0.8629718273589122,0.5455724632198636,4,0,14.5,146.5,Michael Greenstein/Jeffrey Anderson/Chance Moore,"Tucson, AZ",McKale Memorial Center,NA,13560,NA,NA,Arizona,missed,Carter Bryant,NA,TRUE,FALSE,Arizona,Arizona,FALSE
401725632,2024-12-30,Arizona,TCU,195,2,14:45,885,885,Arizona Offensive Rebound.,home,49,48,1,3,FALSE,FALSE,0.8628314523436837,0.545637331216283,4,0,14.5,146.5,Michael Greenstein/Jeffrey Anderson/Chance Moore,"Tucson, AZ",McKale Memorial Center,NA,13560,NA,NA,NA,NA,NA,NA,NA,NA,Arizona,Arizona,FALSE
401725632,2024-12-30,Arizona,TCU,196,2,14:35,875,875,Henri Veesaar made Jumper. Assisted by Caleb Love.,home,51,48,3,10,TRUE,FALSE,0.9005125921074705,0.6345513218766502,4,0,14.5,146.5,Michael Greenstein/Jeffrey Anderson/Chance Moore,"Tucson, AZ",McKale Memorial Center,NA,13560,NA,NA,Arizona,made,Henri Veesaar,Caleb Love,FALSE,FALSE,Arizona,TCU,FALSE
401725632,2024-12-30,Arizona,TCU,197,2,14:18,858,858,Vasean Allette missed Jumper.,away,51,48,3,17,FALSE,FALSE,0.9001842533496643,0.6355942393965843,4,0,14.5,146.5,Michael Greenstein/Jeffrey Anderson/Chance Moore,"Tucson, AZ",McKale Memorial Center,NA,13560,NA,NA,TCU,missed,Vasean Allette,NA,FALSE,FALSE,TCU,Arizona,FALSE
401725632,2024-12-30,Arizona,TCU,198,2,14:17,857,857,Henri Veesaar Defensive Rebound.,home,51,48,3,1,FALSE,FALSE,0.9001651795213231,0.6356564992587654,4,0,14.5,146.5,Michael Greenstein/Jeffrey Anderson/Chance Moore,"Tucson, AZ",McKale Memorial Center,NA,13560,NA,NA,NA,NA,NA,NA,NA,NA,TCU,Arizona,FALSE
401725632,2024-12-30,Arizona,TCU,199,2,14:08,848,848,KJ Lewis made Jumper. Assisted by Jaden Bradley.,home,53,48,5,9,TRUE,FALSE,0.9288952102384618,0.717416969870814,4,0,14.5,146.5,Michael Greenstein/Jeffrey Anderson/Chance Moore,"Tucson, AZ",McKale Memorial Center,NA,13560,NA,NA,Arizona,made,KJ Lewis,Jaden Bradley,FALSE,FALSE,Arizona,TCU,FALSE
401725632,2024-12-30,Arizona,TCU,200,2,13:46,826,826,Vasean Allette made Jumper. Assisted by Noah Reynolds.,away,53,50,3,22,TRUE,FALSE,0.8995897365168213,0.6376817170704718,4,0,14.5,146.5,Michael Greenstein/Jeffrey Anderson/Chance Moore,"Tucson, AZ",McKale Memorial Center,NA,13560,NA,NA,TCU,made,Vasean Allette,Noah Reynolds,FALSE,FALSE,TCU,Arizona,FALSE
401725632,2024-12-30,Arizona,TCU,201,2,13:46,826,826,Foul on Caleb Love.,home,53,50,3,0,FALSE,TRUE,0.8995897365168213,0.6376817170704718,4,0,14.5,146.5,Michael Greenstein/Jeffrey Anderson/Chance Moore,"Tucson, AZ",McKale Memorial Center,NA,13560,NA,NA,NA,NA,NA,NA,NA,NA,TCU,TCU,FALSE
401725632,2024-12-30,Arizona,TCU,202,2,13:46,826,826,Vasean Allette made Free Throw.,away,53,51,2,0,TRUE,FALSE,0.8812410764442936,0.593119769300928,4,0,14.5,146.5,Michael Greenstein/Jeffrey Anderson/Chance Moore,"Tucson, AZ",McKale Memorial Center,NA,13560,NA,NA,TCU,made,Vasean Allette,NA,FALSE,TRUE,TCU,Arizona,FALSE
401725632,2024-12-30,Arizona,TCU,203,2,13:33,813,813,Henri Veesaar made Jumper. Assisted by Caleb Love.,home,55,51,4,13,TRUE,FALSE,0.9152816867074399,0.6811609669215358,4,0,14.5,146.5,Michael Greenstein/Jeffrey Anderson/Chance Moore,"Tucson, AZ",McKale Memorial Center,NA,13560,NA,NA,Arizona,made,Henri Veesaar,Caleb Love,FALSE,FALSE,Arizona,TCU,FALSE
401725632,2024-12-30,Arizona,TCU,204,2,13:08,788,788,Noah Reynolds made Layup.,away,55,53,2,25,TRUE,FALSE,0.8800418659853304,0.5951427177992694,4,0,14.5,146.5,Michael Greenstein/Jeffrey Anderson/Chance Moore,"Tucson, AZ",McKale Memorial Center,NA,13560,NA,NA,TCU,made,Noah Reynolds,NA,FALSE,FALSE,TCU,Arizona,FALSE
401725632,2024-12-30,Arizona,TCU,205,2,12:52,772,772,Henri Veesaar made Three Point Jumper. Assisted by Jaden Bradley.,home,58,53,5,16,TRUE,FALSE,0.9290422028952787,0.7258177512915588,4,0,14.5,146.5,Michael Greenstein/Jeffrey Anderson/Chance Moore,"Tucson, AZ",McKale Memorial Center,NA,13560,NA,NA,Arizona,made,Henri Veesaar,Jaden Bradley,TRUE,FALSE,Arizona,TCU,FALSE
401725632,2024-12-30,Arizona,TCU,206,2,12:29,749,749,Noah Reynolds made Jumper.,away,58,55,3,23,TRUE,FALSE,0.8983426252488168,0.6443370650045614,4,0,14.5,146.5,Michael Greenstein/Jeffrey Anderson/Chance Moore,"Tucson, AZ",McKale Memorial Center,NA,13560,NA,NA,TCU,made,Noah Reynolds,NA,FALSE,FALSE,TCU,Arizona,FALSE
401725632,2024-12-30,Arizona,TCU,207,2,12:13,733,733,Caleb Love made Three Point Jumper. Assisted by KJ Lewis.,home,61,55,6,16,TRUE,FALSE,0.9415221625254743,0.7693327062980239,4,0,14.5,146.5,Michael Greenstein/Jeffrey Anderson/Chance Moore,"Tucson, AZ",McKale Memorial Center,NA,13560,NA,NA,Arizona,made,Caleb Love,KJ Lewis,TRUE,FALSE,Arizona,TCU,FALSE
401725632,2024-12-30,Arizona,TCU,208,2,11:43,703,703,Isaiah Manning made Three Point Jumper. Assisted by Noah Reynolds.,away,61,58,3,30,TRUE,FALSE,0.8976718469144851,0.6495643486695881,4,0,14.5,146.5,Michael Greenstein/Jeffrey Anderson/Chance Moore,"Tucson, AZ",McKale Memorial Center,NA,13560,NA,NA,TCU,made,Isaiah Manning,Noah Reynolds,TRUE,FALSE,TCU,Arizona,FALSE
401725632,2024-12-30,Arizona,TCU,209,2,11:18,678,678,Caleb Love made Three Point Jumper. Assisted by Henri Veesaar.,home,64,58,6,25,TRUE,FALSE,0.9423580005710965,0.7782375111834302,4,0,14.5,146.5,Michael Greenstein/Jeffrey Anderson/Chance Moore,"Tucson, AZ",McKale Memorial Center,NA,13560,NA,NA,Arizona,made,Caleb Love,Henri Veesaar,TRUE,FALSE,Arizona,TCU,FALSE
401725632,2024-12-30,Arizona,TCU,210,2,11:01,661,661,Foul on Carter Bryant.,home,64,58,6,17,FALSE,TRUE,0.9425211217909419,0.7805832081008184,4,0,14.5,146.5,Michael Greenstein/Jeffrey Anderson/Chance Moore,"Tucson, AZ",McKale Memorial Center,NA,13560,NA,NA,NA,NA,NA,NA,NA,NA,TCU,TCU,FALSE
401725632,2024-12-30,Arizona,TCU,211,2,11:01,661,661, Official TV Timeout,NA,64,58,6,0,FALSE,FALSE,0.9425211217909419,0.7805832081008184,4,-1,14.5,146.5,Michael Greenstein/Jeffrey Anderson/Chance Moore,"Tucson, AZ",McKale Memorial Center,NA,13560,NA,NA,NA,NA,NA,NA,NA,NA,TCU,TCU,FALSE
401725632,2024-12-30,Arizona,TCU,212,2,10:56,656,656,Isaiah Manning made Three Point Jumper. Assisted by Noah Reynolds.,away,64,61,3,5,TRUE,FALSE,0.8967357336542731,0.6539707407774007,4,-1,14.5,146.5,Michael Greenstein/Jeffrey Anderson/Chance Moore,"Tucson, AZ",McKale Memorial Center,NA,13560,NA,NA,TCU,made,Isaiah Manning,Noah Reynolds,TRUE,FALSE,TCU,Arizona,FALSE
401725632,2024-12-30,Arizona,TCU,213,2,10:25,625,625,Caleb Love made Three Point Jumper. Assisted by Henri Veesaar.,home,67,61,6,31,TRUE,FALSE,0.9429025822465246,0.7857037869954852,4,-1,14.5,146.5,Michael Greenstein/Jeffrey Anderson/Chance Moore,"Tucson, AZ",McKale Memorial Center,NA,13560,NA,NA,Arizona,made,Caleb Love,Henri Veesaar,TRUE,FALSE,Arizona,TCU,FALSE
401725632,2024-12-30,Arizona,TCU,214,2,10:06,606,606,Foul on Caleb Love.,home,67,61,6,19,FALSE,TRUE,0.9431898745791839,0.7887626111282842,4,-1,14.5,146.5,Michael Greenstein/Jeffrey Anderson/Chance Moore,"Tucson, AZ",McKale Memorial Center,NA,13560,NA,NA,NA,NA,NA,NA,NA,NA,TCU,TCU,FALSE
401725632,2024-12-30,Arizona,TCU,215,2,9:55,595,595,Vasean Allette missed Jumper.,away,67,61,6,11,FALSE,FALSE,0.9434021010045273,0.7907210670788881,4,-1,14.5,146.5,Michael Greenstein/Jeffrey Anderson/Chance Moore,"Tucson, AZ",McKale Memorial Center,NA,13560,NA,NA,TCU,missed,Vasean Allette,NA,FALSE,FALSE,TCU,Arizona,FALSE
401725632,2024-12-30,Arizona,TCU,216,2,9:52,592,592,Henri Veesaar Defensive Rebound.,home,67,61,6,3,FALSE,FALSE,0.9434669825518777,0.7912835924249876,4,-1,14.5,146.5,Michael Greenstein/Jeffrey Anderson/Chance Moore,"Tucson, AZ",McKale Memorial Center,NA,13560,NA,NA,NA,NA,NA,NA,NA,NA,TCU,Arizona,FALSE
401725632,2024-12-30,Arizona,TCU,217,2,9:35,575,575,Jaden Bradley made Layup. Assisted by KJ Lewis.,home,69,61,8,17,TRUE,FALSE,0.9635300609202726,0.8587484257476016,4,-1,14.5,146.5,Michael Greenstein/Jeffrey Anderson/Chance Moore,"Tucson, AZ",McKale Memorial Center,NA,13560,NA,NA,Arizona,made,Jaden Bradley,KJ Lewis,FALSE,FALSE,Arizona,TCU,FALSE
401725632,2024-12-30,Arizona,TCU,218,2,9:18,558,558,Noah Reynolds missed Three Point Jumper.,away,69,61,8,17,FALSE,FALSE,0.9641843398686973,0.8626561589595346,4,-1,14.5,146.5,Michael Greenstein/Jeffrey Anderson/Chance Moore,"Tucson, AZ",McKale Memorial Center,NA,13560,NA,NA,TCU,missed,Noah Reynolds,NA,TRUE,FALSE,TCU,TCU,FALSE
401725632,2024-12-30,Arizona,TCU,219,2,9:17,557,557,TCU Offensive Rebound.,away,69,61,8,1,FALSE,FALSE,0.9642268900214425,0.8629021922124589,4,-1,14.5,146.5,Michael Greenstein/Jeffrey Anderson/Chance Moore,"Tucson, AZ",McKale Memorial Center,NA,13560,NA,NA,NA,NA,NA,NA,NA,NA,TCU,TCU,FALSE
401725632,2024-12-30,Arizona,TCU,220,2,9:09,549,549,Noah Reynolds made Layup.,away,69,63,6,8,TRUE,FALSE,0.9448152687498698,0.8010196481088951,4,-1,14.5,146.5,Michael Greenstein/Jeffrey Anderson/Chance Moore,"Tucson, AZ",McKale Memorial Center,NA,13560,NA,NA,TCU,made,Noah Reynolds,NA,FALSE,FALSE,TCU,Arizona,FALSE
401725632,2024-12-30,Arizona,TCU,221,2,8:56,536,536,Trey Townsend missed Layup.,home,69,63,6,13,FALSE,FALSE,0.9452711868631665,0.8041641146661167,4,-1,14.5,146.5,Michael Greenstein/Jeffrey Anderson/Chance Moore,"Tucson, AZ",McKale Memorial Center,NA,13560,NA,NA,Arizona,missed,Trey Townsend,NA,FALSE,FALSE,Arizona,Arizona,FALSE
401725632,2024-12-30,Arizona,TCU,222,2,8:56,536,536,Ernest Udeh Jr. Block.,away,69,63,6,0,FALSE,FALSE,0.9452711868631665,0.8041641146661167,4,-1,14.5,146.5,Michael Greenstein/Jeffrey Anderson/Chance Moore,"Tucson, AZ",McKale Memorial Center,NA,13560,NA,NA,NA,NA,NA,NA,NA,NA,Arizona,Arizona,FALSE
401725632,2024-12-30,Arizona,TCU,223,2,8:56,536,536,Arizona Offensive Rebound.,home,69,63,6,0,FALSE,FALSE,0.9452711868631665,0.8041641146661167,4,-1,14.5,146.5,Michael Greenstein/Jeffrey Anderson/Chance Moore,"Tucson, AZ",McKale Memorial Center,NA,13560,NA,NA,NA,NA,NA,NA,NA,NA,Arizona,Arizona,FALSE
401725632,2024-12-30,Arizona,TCU,224,2,8:53,533,533,Henri Veesaar missed Three Point Jumper.,home,69,63,6,3,FALSE,FALSE,0.9453591438958394,0.80482366693525,4,-1,14.5,146.5,Michael Greenstein/Jeffrey Anderson/Chance Moore,"Tucson, AZ",McKale Memorial Center,NA,13560,NA,NA,Arizona,missed,Henri Veesaar,NA,TRUE,FALSE,Arizona,TCU,FALSE
401725632,2024-12-30,Arizona,TCU,225,2,8:50,530,530,Noah Reynolds Defensive Rebound.,away,69,63,6,3,FALSE,FALSE,0.9454418123999452,0.8054630105957569,4,-1,14.5,146.5,Michael Greenstein/Jeffrey Anderson/Chance Moore,"Tucson, AZ",McKale Memorial Center,NA,13560,NA,NA,NA,NA,NA,NA,NA,NA,Arizona,TCU,FALSE
401725632,2024-12-30,Arizona,TCU,226,2,8:40,520,520,Vasean Allette Turnover.,away,69,63,6,10,FALSE,FALSE,0.9456862224396505,0.8074752760735442,4,-1,14.5,146.5,Michael Greenstein/Jeffrey Anderson/Chance Moore,"Tucson, AZ",McKale Memorial Center,NA,13560,NA,NA,NA,NA,NA,NA,NA,NA,TCU,Arizona,FALSE
401725632,2024-12-30,Arizona,TCU,227,2,8:40,520,520,Caleb Love Steal.,home,69,63,6,0,FALSE,FALSE,0.9456862224396505,0.8074752760735442,4,-1,14.5,146.5,Michael Greenstein/Jeffrey Anderson/Chance Moore,"Tucson, AZ",McKale Memorial Center,NA,13560,NA,NA,NA,NA,NA,NA,NA,NA,TCU,Arizona,FALSE
401725632,2024-12-30,Arizona,TCU,228,2,8:35,515,515,KJ Lewis made Dunk. Assisted by Caleb Love.,home,71,63,8,5,TRUE,FALSE,0.9657493661210867,0.8721148402959731,4,-1,14.5,146.5,Michael Greenstein/Jeffrey Anderson/Chance Moore,"Tucson, AZ",McKale Memorial Center,NA,13560,NA,NA,Arizona,made,KJ Lewis,Caleb Love,FALSE,FALSE,Arizona,TCU,FALSE
401725632,2024-12-30,Arizona,TCU,229,2,8:26,506,506,TCU  Timeout,away,71,63,8,9,FALSE,FALSE,0.9659862321910383,0.8737153545893425,3,-1,14.5,146.5,Michael Greenstein/Jeffrey Anderson/Chance Moore,"Tucson, AZ",McKale Memorial Center,NA,13560,NA,NA,NA,NA,NA,NA,NA,NA,TCU,TCU,FALSE
401725632,2024-12-30,Arizona,TCU,230,2,8:26,506,506, Official TV Timeout,NA,71,63,8,0,FALSE,FALSE,0.9659862321910383,0.8737153545893425,3,-2,14.5,146.5,Michael Greenstein/Jeffrey Anderson/Chance Moore,"Tucson, AZ",McKale Memorial Center,NA,13560,NA,NA,NA,NA,NA,NA,NA,NA,TCU,TCU,FALSE
401725632,2024-12-30,Arizona,TCU,231,2,8:15,495,495,Foul on Henri Veesaar.,home,71,63,8,11,FALSE,TRUE,0.9662713093589361,0.8756459991588033,3,-2,14.5,146.5,Michael Greenstein/Jeffrey Anderson/Chance Moore,"Tucson, AZ",McKale Memorial Center,NA,13560,NA,NA,NA,NA,NA,NA,NA,NA,TCU,TCU,FALSE
401725632,2024-12-30,Arizona,TCU,232,2,8:15,495,495,David Punch made Free Throw.,away,71,64,7,0,TRUE,FALSE,0.9573489936105254,0.8465573231530467,3,-2,14.5,146.5,Michael Greenstein/Jeffrey Anderson/Chance Moore,"Tucson, AZ",McKale Memorial Center,NA,13560,NA,NA,TCU,made,David Punch,NA,FALSE,TRUE,TCU,TCU,FALSE
401725632,2024-12-30,Arizona,TCU,233,2,8:15,495,495,David Punch missed Free Throw.,away,71,64,7,0,FALSE,FALSE,0.9573489936105254,0.8465573231530467,3,-2,14.5,146.5,Michael Greenstein/Jeffrey Anderson/Chance Moore,"Tucson, AZ",McKale Memorial Center,NA,13560,NA,NA,TCU,missed,David Punch,NA,FALSE,TRUE,TCU,Arizona,FALSE
401725632,2024-12-30,Arizona,TCU,234,2,8:14,494,494,Caleb Love Defensive Rebound.,home,71,64,7,1,FALSE,FALSE,0.9573737876198255,0.8467420897924178,3,-2,14.5,146.5,Michael Greenstein/Jeffrey Anderson/Chance Moore,"Tucson, AZ",McKale Memorial Center,NA,13560,NA,NA,NA,NA,NA,NA,NA,NA,TCU,Arizona,FALSE
401725632,2024-12-30,Arizona,TCU,235,2,7:53,473,473,Trey Townsend missed Jumper.,home,71,64,7,21,FALSE,FALSE,0.9579624049605227,0.8508648042271288,3,-2,14.5,146.5,Michael Greenstein/Jeffrey Anderson/Chance Moore,"Tucson, AZ",McKale Memorial Center,NA,13560,NA,NA,Arizona,missed,Trey Townsend,NA,FALSE,FALSE,Arizona,Arizona,FALSE
401725632,2024-12-30,Arizona,TCU,236,2,7:50,470,470,Tobe Awaka Offensive Rebound.,home,71,64,7,3,FALSE,FALSE,0.958062433167875,0.8515111956005466,3,-2,14.5,146.5,Michael Greenstein/Jeffrey Anderson/Chance Moore,"Tucson, AZ",McKale Memorial Center,NA,13560,NA,NA,NA,NA,NA,NA,NA,NA,Arizona,Arizona,FALSE
401725632,2024-12-30,Arizona,TCU,237,2,7:49,469,469,Foul on Ernest Udeh Jr..,away,71,64,7,1,FALSE,TRUE,0.9580969520805328,0.8517309020134284,3,-2,14.5,146.5,Michael Greenstein/Jeffrey Anderson/Chance Moore,"Tucson, AZ",McKale Memorial Center,NA,13560,NA,NA,NA,NA,NA,NA,NA,NA,Arizona,Arizona,FALSE
401725632,2024-12-30,Arizona,TCU,238,2,7:49,469,469, Official TV Timeout,NA,71,64,7,0,FALSE,FALSE,0.9580969520805328,0.8517309020134284,3,-3,14.5,146.5,Michael Greenstein/Jeffrey Anderson/Chance Moore,"Tucson, AZ",McKale Memorial Center,NA,13560,NA,NA,NA,NA,NA,NA,NA,NA,Arizona,Arizona,FALSE
401725632,2024-12-30,Arizona,TCU,239,2,7:43,463,463,Foul on David Punch.,away,71,64,7,6,FALSE,TRUE,0.9583175958243042,0.8530978914772258,3,-3,14.5,146.5,Michael Greenstein/Jeffrey Anderson/Chance Moore,"Tucson, AZ",McKale Memorial Center,NA,13560,NA,NA,NA,NA,NA,NA,NA,NA,Arizona,Arizona,FALSE
401725632,2024-12-30,Arizona,TCU,240,2,7:43,463,463,Caleb Love made Free Throw.,home,72,64,8,0,TRUE,FALSE,0.9672768283184675,0.8818856305634579,3,-3,14.5,146.5,Michael Greenstein/Jeffrey Anderson/Chance Moore,"Tucson, AZ",McKale Memorial Center,NA,13560,NA,NA,Arizona,made,Caleb Love,NA,FALSE,TRUE,Arizona,Arizona,FALSE
401725632,2024-12-30,Arizona,TCU,241,2,7:43,463,463,Caleb Love made Free Throw.,home,73,64,9,0,TRUE,FALSE,0.9743618786074787,0.905655850212557,3,-3,14.5,146.5,Michael Greenstein/Jeffrey Anderson/Chance Moore,"Tucson, AZ",McKale Memorial Center,NA,13560,NA,NA,Arizona,made,Caleb Love,NA,FALSE,TRUE,Arizona,TCU,FALSE
401725632,2024-12-30,Arizona,TCU,242,2,7:26,446,446,Foul on Tobe Awaka.,home,73,64,9,17,FALSE,TRUE,0.9750960926284732,0.9095036259441702,3,-3,14.5,146.5,Michael Greenstein/Jeffrey Anderson/Chance Moore,"Tucson, AZ",McKale Memorial Center,NA,13560,NA,NA,NA,NA,NA,NA,NA,NA,TCU,TCU,FALSE
401725632,2024-12-30,Arizona,TCU,243,2,7:26,446,446,Noah Reynolds made Free Throw.,away,73,65,8,0,TRUE,FALSE,0.9680500294108213,0.8860678468079818,3,-3,14.5,146.5,Michael Greenstein/Jeffrey Anderson/Chance Moore,"Tucson, AZ",McKale Memorial Center,NA,13560,NA,NA,TCU,made,Noah Reynolds,NA,FALSE,TRUE,TCU,TCU,FALSE
401725632,2024-12-30,Arizona,TCU,244,2,7:26,446,446,Noah Reynolds made Free Throw.,away,73,66,7,0,TRUE,FALSE,0.9590940538105166,0.8575137365959324,3,-3,14.5,146.5,Michael Greenstein/Jeffrey Anderson/Chance Moore,"Tucson, AZ",McKale Memorial Center,NA,13560,NA,NA,TCU,made,Noah Reynolds,NA,FALSE,TRUE,TCU,Arizona,FALSE
401725632,2024-12-30,Arizona,TCU,245,2,7:01,421,421,Tobe Awaka missed Jumper.,home,73,66,7,25,FALSE,FALSE,0.9606720518279348,0.8655788234284563,3,-3,14.5,146.5,Michael Greenstein/Jeffrey Anderson/Chance Moore,"Tucson, AZ",McKale Memorial Center,NA,13560,NA,NA,Arizona,missed,Tobe Awaka,NA,FALSE,FALSE,Arizona,TCU,FALSE
401725632,2024-12-30,Arizona,TCU,246,2,6:58,418,418,Vasean Allette Defensive Rebound.,away,73,66,7,3,FALSE,FALSE,0.9608520862283876,0.8665279897689224,3,-3,14.5,146.5,Michael Greenstein/Jeffrey Anderson/Chance Moore,"Tucson, AZ",McKale Memorial Center,NA,13560,NA,NA,NA,NA,NA,NA,NA,NA,Arizona,TCU,FALSE
401725632,2024-12-30,Arizona,TCU,247,2,6:54,414,414,Noah Reynolds missed Three Point Jumper.,away,73,66,7,4,FALSE,FALSE,0.9610810643900745,0.8677608753294953,3,-3,14.5,146.5,Michael Greenstein/Jeffrey Anderson/Chance Moore,"Tucson, AZ",McKale Memorial Center,NA,13560,NA,NA,TCU,missed,Noah Reynolds,NA,TRUE,FALSE,TCU,Arizona,FALSE
401725632,2024-12-30,Arizona,TCU,248,2,6:50,410,410,Caleb Love Defensive Rebound.,home,73,66,7,4,FALSE,FALSE,0.9612991219917605,0.8689617677900635,3,-3,14.5,146.5,Michael Greenstein/Jeffrey Anderson/Chance Moore,"Tucson, AZ",McKale Memorial Center,NA,13560,NA,NA,NA,NA,NA,NA,NA,NA,TCU,Arizona,FALSE
401725632,2024-12-30,Arizona,TCU,249,2,6:30,390,390,Tobe Awaka made Layup.,home,75,66,9,20,TRUE,FALSE,0.9780005080615196,0.9240094795846515,3,-3,14.5,146.5,Michael Greenstein/Jeffrey Anderson/Chance Moore,"Tucson, AZ",McKale Memorial Center,NA,13560,NA,NA,Arizona,made,Tobe Awaka,NA,FALSE,FALSE,Arizona,TCU,FALSE
401725632,2024-12-30,Arizona,TCU,250,2,6:30,390,390,Foul on David Punch.,away,75,66,9,0,FALSE,TRUE,0.9780005080615196,0.9240094795846515,3,-3,14.5,146.5,Michael Greenstein/Jeffrey Anderson/Chance Moore,"Tucson, AZ",McKale Memorial Center,NA,13560,NA,NA,NA,NA,NA,NA,NA,NA,Arizona,TCU,FALSE
401725632,2024-12-30,Arizona,TCU,251,2,6:30,390,390,Tobe Awaka made Free Throw.,home,76,66,10,0,TRUE,FALSE,0.9832433099427775,0.9413474868856584,3,-3,14.5,146.5,Michael Greenstein/Jeffrey Anderson/Chance Moore,"Tucson, AZ",McKale Memorial Center,NA,13560,NA,NA,Arizona,made,Tobe Awaka,NA,FALSE,TRUE,Arizona,TCU,FALSE
401725632,2024-12-30,Arizona,TCU,252,2,6:18,378,378,David Punch made Layup. Assisted by Vasean Allette.,away,76,68,8,12,TRUE,FALSE,0.9717317665366737,0.9051878871683063,3,-3,14.5,146.5,Michael Greenstein/Jeffrey Anderson/Chance Moore,"Tucson, AZ",McKale Memorial Center,NA,13560,NA,NA,TCU,made,David Punch,Vasean Allette,FALSE,FALSE,TCU,Arizona,FALSE
401725632,2024-12-30,Arizona,TCU,253,2,6:18,378,378,Foul on Trey Townsend.,home,76,68,8,0,FALSE,TRUE,0.9717317665366737,0.9051878871683063,3,-3,14.5,146.5,Michael Greenstein/Jeffrey Anderson/Chance Moore,"Tucson, AZ",McKale Memorial Center,NA,13560,NA,NA,NA,NA,NA,NA,NA,NA,TCU,TCU,FALSE
401725632,2024-12-30,Arizona,TCU,254,2,6:18,378,378,David Punch made Free Throw.,away,76,69,7,0,TRUE,FALSE,0.9628634682019379,0.8780630922636544,3,-3,14.5,146.5,Michael Greenstein/Jeffrey Anderson/Chance Moore,"Tucson, AZ",McKale Memorial Center,NA,13560,NA,NA,TCU,made,David Punch,NA,FALSE,TRUE,TCU,Arizona,FALSE
401725632,2024-12-30,Arizona,TCU,255,2,6:05,365,365,Foul on Vasean Allette.,away,76,69,7,13,FALSE,TRUE,0.9635314083431968,0.8818669245717171,3,-3,14.5,146.5,Michael Greenstein/Jeffrey Anderson/Chance Moore,"Tucson, AZ",McKale Memorial Center,NA,13560,NA,NA,NA,NA,NA,NA,NA,NA,Arizona,Arizona,FALSE
401725632,2024-12-30,Arizona,TCU,256,2,6:03,363,363,Caleb Love missed Three Point Jumper.,home,76,69,7,2,FALSE,FALSE,0.9636415306783077,0.8824736224829055,3,-3,14.5,146.5,Michael Greenstein/Jeffrey Anderson/Chance Moore,"Tucson, AZ",McKale Memorial Center,NA,13560,NA,NA,Arizona,missed,Caleb Love,NA,TRUE,FALSE,Arizona,Arizona,FALSE
401725632,2024-12-30,Arizona,TCU,257,2,5:58,358,358,Jaden Bradley Offensive Rebound.,home,76,69,7,5,FALSE,FALSE,0.9639280352023871,0.8840224073434487,3,-3,14.5,146.5,Michael Greenstein/Jeffrey Anderson/Chance Moore,"Tucson, AZ",McKale Memorial Center,NA,13560,NA,NA,NA,NA,NA,NA,NA,NA,Arizona,Arizona,FALSE
401725632,2024-12-30,Arizona,TCU,258,2,5:43,343,343,Foul on Noah Reynolds.,away,76,69,7,15,FALSE,TRUE,0.9649063612513812,0.8890017300897417,3,-3,14.5,146.5,Michael Greenstein/Jeffrey Anderson/Chance Moore,"Tucson, AZ",McKale Memorial Center,NA,13560,NA,NA,NA,NA,NA,NA,NA,NA,Arizona,Arizona,FALSE
401725632,2024-12-30,Arizona,TCU,259,2,5:43,343,343,Jaden Bradley missed Free Throw.,home,76,69,7,0,FALSE,FALSE,0.9649063612513812,0.8890017300897417,3,-3,14.5,146.5,Michael Greenstein/Jeffrey Anderson/Chance Moore,"Tucson, AZ",McKale Memorial Center,NA,13560,NA,NA,Arizona,missed,Jaden Bradley,NA,FALSE,TRUE,Arizona,Arizona,FALSE
401725632,2024-12-30,Arizona,TCU,260,2,5:43,343,343,Jaden Bradley made Free Throw.,home,77,69,8,0,TRUE,FALSE,0.9736923993514278,0.9151195513148429,3,-3,14.5,146.5,Michael Greenstein/Jeffrey Anderson/Chance Moore,"Tucson, AZ",McKale Memorial Center,NA,13560,NA,NA,Arizona,made,Jaden Bradley,NA,FALSE,TRUE,Arizona,Arizona,FALSE
401725632,2024-12-30,Arizona,TCU,261,2,5:43,343,343,Arizona Deadball Team Rebound.,home,77,69,8,0,FALSE,FALSE,0.9736923993514278,0.9151195513148429,3,-3,14.5,146.5,Michael Greenstein/Jeffrey Anderson/Chance Moore,"Tucson, AZ",McKale Memorial Center,NA,13560,NA,NA,NA,NA,NA,NA,NA,NA,Arizona,Arizona,FALSE
401725632,2024-12-30,Arizona,TCU,262,2,5:16,316,316,Vasean Allette made Layup.,away,77,71,6,27,TRUE,FALSE,0.955768082303967,0.8675525627431394,3,-3,14.5,146.5,Michael Greenstein/Jeffrey Anderson/Chance Moore,"Tucson, AZ",McKale Memorial Center,NA,13560,NA,NA,TCU,made,Vasean Allette,NA,FALSE,FALSE,TCU,Arizona,FALSE
401725632,2024-12-30,Arizona,TCU,263,2,5:16,316,316,Foul on Carter Bryant.,home,77,71,6,0,FALSE,TRUE,0.955768082303967,0.8675525627431394,3,-3,14.5,146.5,Michael Greenstein/Jeffrey Anderson/Chance Moore,"Tucson, AZ",McKale Memorial Center,NA,13560,NA,NA,NA,NA,NA,NA,NA,NA,TCU,Arizona,FALSE
401725632,2024-12-30,Arizona,TCU,264,2,5:16,316,316,Technical Foul on Vasean Allette.,away,77,71,6,0,FALSE,FALSE,0.955768082303967,0.8675525627431394,3,-3,14.5,146.5,Michael Greenstein/Jeffrey Anderson/Chance Moore,"Tucson, AZ",McKale Memorial Center,NA,13560,NA,NA,NA,NA,NA,NA,NA,NA,TCU,Arizona,FALSE
401725632,2024-12-30,Arizona,TCU,265,2,5:16,316,316,Vasean Allette Turnover.,away,77,71,6,0,FALSE,FALSE,0.955768082303967,0.8675525627431394,3,-3,14.5,146.5,Michael Greenstein/Jeffrey Anderson/Chance Moore,"Tucson, AZ",McKale Memorial Center,NA,13560,NA,NA,NA,NA,NA,NA,NA,NA,TCU,Arizona,FALSE
401725632,2024-12-30,Arizona,TCU,266,2,5:16,316,316,Caleb Love made Free Throw.,home,78,71,7,0,TRUE,FALSE,0.9672741607782,0.8995955375539116,3,-3,14.5,146.5,Michael Greenstein/Jeffrey Anderson/Chance Moore,"Tucson, AZ",McKale Memorial Center,NA,13560,NA,NA,Arizona,made,Caleb Love,NA,FALSE,TRUE,Arizona,Arizona,FALSE
401725632,2024-12-30,Arizona,TCU,267,2,5:16,316,316,Caleb Love made Free Throw.,home,79,71,8,0,TRUE,FALSE,0.9758627435741685,0.9245604651316668,3,-3,14.5,146.5,Michael Greenstein/Jeffrey Anderson/Chance Moore,"Tucson, AZ",McKale Memorial Center,NA,13560,NA,NA,Arizona,made,Caleb Love,NA,FALSE,TRUE,Arizona,TCU,FALSE
401725632,2024-12-30,Arizona,TCU,268,2,5:16,316,316,Vasean Allette made Free Throw.,away,79,72,7,0,TRUE,FALSE,0.9672741607782,0.8995955375539116,3,-3,14.5,146.5,Michael Greenstein/Jeffrey Anderson/Chance Moore,"Tucson, AZ",McKale Memorial Center,NA,13560,NA,NA,TCU,made,Vasean Allette,NA,FALSE,TRUE,TCU,Arizona,FALSE
401725632,2024-12-30,Arizona,TCU,269,2,4:57,297,297,Tobe Awaka made Dunk. Assisted by KJ Lewis.,home,81,72,9,19,TRUE,FALSE,0.9833530230354953,0.9485476479538952,3,-3,14.5,146.5,Michael Greenstein/Jeffrey Anderson/Chance Moore,"Tucson, AZ",McKale Memorial Center,NA,13560,NA,NA,Arizona,made,Tobe Awaka,KJ Lewis,FALSE,FALSE,Arizona,TCU,FALSE
401725632,2024-12-30,Arizona,TCU,270,2,4:31,271,271,Micah Robinson made Three Point Jumper. Assisted by Vasean Allette.,away,81,75,6,26,TRUE,FALSE,0.9551222435268976,0.8735669060725607,3,-3,14.5,146.5,Michael Greenstein/Jeffrey Anderson/Chance Moore,"Tucson, AZ",McKale Memorial Center,NA,13560,NA,NA,TCU,made,Micah Robinson,Vasean Allette,TRUE,FALSE,TCU,Arizona,FALSE
401725632,2024-12-30,Arizona,TCU,271,2,4:04,244,244,Carter Bryant made Three Point Jumper. Assisted by Caleb Love.,home,84,75,9,27,TRUE,FALSE,0.980474769025198,0.9444630365245842,3,-3,14.5,146.5,Michael Greenstein/Jeffrey Anderson/Chance Moore,"Tucson, AZ",McKale Memorial Center,NA,13560,NA,NA,Arizona,made,Carter Bryant,Caleb Love,TRUE,FALSE,Arizona,TCU,FALSE
401725632,2024-12-30,Arizona,TCU,272,2,4:02,242,242,Arizona  Timeout,home,84,75,9,2,FALSE,FALSE,0.9803642640164228,0.9443311937964937,3,-4,14.5,146.5,Michael Greenstein/Jeffrey Anderson/Chance Moore,"Tucson, AZ",McKale Memorial Center,NA,13560,NA,NA,NA,NA,NA,NA,NA,NA,TCU,TCU,FALSE
401725632,2024-12-30,Arizona,TCU,273,2,4:02,242,242, Official TV Timeout,NA,84,75,9,0,FALSE,FALSE,0.9803642640164228,0.9443311937964937,3,-5,14.5,146.5,Michael Greenstein/Jeffrey Anderson/Chance Moore,"Tucson, AZ",McKale Memorial Center,NA,13560,NA,NA,NA,NA,NA,NA,NA,NA,TCU,TCU,FALSE
401725632,2024-12-30,Arizona,TCU,274,2,3:41,221,221,Ernest Udeh Jr. Turnover.,away,84,75,9,21,FALSE,FALSE,0.980190952177237,0.9457100561675248,3,-5,14.5,146.5,Michael Greenstein/Jeffrey Anderson/Chance Moore,"Tucson, AZ",McKale Memorial Center,NA,13560,NA,NA,NA,NA,NA,NA,NA,NA,TCU,Arizona,FALSE
401725632,2024-12-30,Arizona,TCU,275,2,3:41,221,221,KJ Lewis Steal.,home,84,75,9,0,FALSE,FALSE,0.980190952177237,0.9457100561675248,3,-5,14.5,146.5,Michael Greenstein/Jeffrey Anderson/Chance Moore,"Tucson, AZ",McKale Memorial Center,NA,13560,NA,NA,NA,NA,NA,NA,NA,NA,TCU,Arizona,FALSE
401725632,2024-12-30,Arizona,TCU,276,2,3:23,203,203,Tobe Awaka made Layup. Assisted by Caleb Love.,home,86,75,11,18,TRUE,FALSE,0.9907496030116849,0.9749825628053415,3,-5,14.5,146.5,Michael Greenstein/Jeffrey Anderson/Chance Moore,"Tucson, AZ",McKale Memorial Center,NA,13560,NA,NA,Arizona,made,Tobe Awaka,Caleb Love,FALSE,FALSE,Arizona,TCU,FALSE
401725632,2024-12-30,Arizona,TCU,277,2,2:57,177,177,Vasean Allette missed Jumper.,away,86,75,11,26,FALSE,FALSE,0.9943000839955687,0.9852759299304364,3,-5,14.5,146.5,Michael Greenstein/Jeffrey Anderson/Chance Moore,"Tucson, AZ",McKale Memorial Center,NA,13560,NA,NA,TCU,missed,Vasean Allette,NA,FALSE,FALSE,TCU,Arizona,FALSE
401725632,2024-12-30,Arizona,TCU,278,2,2:54,174,174,Arizona Defensive Rebound.,home,86,75,11,3,FALSE,FALSE,0.9946543840651061,0.9862692677390872,3,-5,14.5,146.5,Michael Greenstein/Jeffrey Anderson/Chance Moore,"Tucson, AZ",McKale Memorial Center,NA,13560,NA,NA,NA,NA,NA,NA,NA,NA,TCU,Arizona,FALSE
401725632,2024-12-30,Arizona,TCU,279,2,2:32,152,152,Carter Bryant missed Three Point Jumper.,home,86,75,11,22,FALSE,FALSE,0.9967773268258793,0.9920773593283401,3,-5,14.5,146.5,Michael Greenstein/Jeffrey Anderson/Chance Moore,"Tucson, AZ",McKale Memorial Center,NA,13560,NA,NA,Arizona,missed,Carter Bryant,NA,TRUE,FALSE,Arizona,TCU,FALSE
401725632,2024-12-30,Arizona,TCU,280,2,2:29,149,149,David Punch Defensive Rebound.,away,86,75,11,3,FALSE,FALSE,0.9970124142718226,0.9927012593782678,3,-5,14.5,146.5,Michael Greenstein/Jeffrey Anderson/Chance Moore,"Tucson, AZ",McKale Memorial Center,NA,13560,NA,NA,NA,NA,NA,NA,NA,NA,Arizona,TCU,FALSE
401725632,2024-12-30,Arizona,TCU,281,2,2:21,141,141,Noah Reynolds made Three Point Jumper.,away,86,78,8,8,TRUE,FALSE,0.9902484670602903,0.9768193254543137,3,-5,14.5,146.5,Michael Greenstein/Jeffrey Anderson/Chance Moore,"Tucson, AZ",McKale Memorial Center,NA,13560,NA,NA,TCU,made,Noah Reynolds,NA,TRUE,FALSE,TCU,Arizona,FALSE
401725632,2024-12-30,Arizona,TCU,282,2,1:50,110,110,Carter Bryant Turnover.,home,86,78,8,31,FALSE,FALSE,0.9952245106956717,0.989369654438079,3,-5,14.5,146.5,Michael Greenstein/Jeffrey Anderson/Chance Moore,"Tucson, AZ",McKale Memorial Center,NA,13560,NA,NA,NA,NA,NA,NA,NA,NA,Arizona,TCU,FALSE
401725632,2024-12-30,Arizona,TCU,283,2,1:43,103,103,Noah Reynolds missed Layup.,away,86,78,8,7,FALSE,FALSE,0.9960893377295211,0.9914350852994744,3,-5,14.5,146.5,Michael Greenstein/Jeffrey Anderson/Chance Moore,"Tucson, AZ",McKale Memorial Center,NA,13560,NA,NA,TCU,missed,Noah Reynolds,NA,FALSE,FALSE,TCU,TCU,FALSE
401725632,2024-12-30,Arizona,TCU,284,2,1:43,103,103,Tobe Awaka Block.,home,86,78,8,0,FALSE,FALSE,0.9960893377295211,0.9914350852994744,3,-5,14.5,146.5,Michael Greenstein/Jeffrey Anderson/Chance Moore,"Tucson, AZ",McKale Memorial Center,NA,13560,NA,NA,NA,NA,NA,NA,NA,NA,TCU,TCU,FALSE
401725632,2024-12-30,Arizona,TCU,285,2,1:39,99,99,Ernest Udeh Jr. Offensive Rebound.,away,86,78,8,4,FALSE,FALSE,0.996537689229616,0.9924889483374048,3,-5,14.5,146.5,Michael Greenstein/Jeffrey Anderson/Chance Moore,"Tucson, AZ",McKale Memorial Center,NA,13560,NA,NA,NA,NA,NA,NA,NA,NA,TCU,TCU,FALSE
401725632,2024-12-30,Arizona,TCU,286,2,1:39,99,99,Foul on Carter Bryant.,home,86,78,8,0,FALSE,TRUE,0.996537689229616,0.9924889483374048,3,-5,14.5,146.5,Michael Greenstein/Jeffrey Anderson/Chance Moore,"Tucson, AZ",McKale Memorial Center,NA,13560,NA,NA,NA,NA,NA,NA,NA,NA,TCU,TCU,FALSE
401725632,2024-12-30,Arizona,TCU,287,2,1:39,99,99,Ernest Udeh Jr. missed Free Throw.,away,86,78,8,0,FALSE,FALSE,0.996537689229616,0.9924889483374048,3,-5,14.5,146.5,Michael Greenstein/Jeffrey Anderson/Chance Moore,"Tucson, AZ",McKale Memorial Center,NA,13560,NA,NA,TCU,missed,Ernest Udeh Jr.,NA,FALSE,TRUE,TCU,TCU,FALSE
401725632,2024-12-30,Arizona,TCU,288,2,1:39,99,99,TCU Deadball Team Rebound.,away,86,78,8,0,FALSE,FALSE,0.996537689229616,0.9924889483374048,3,-5,14.5,146.5,Michael Greenstein/Jeffrey Anderson/Chance Moore,"Tucson, AZ",McKale Memorial Center,NA,13560,NA,NA,NA,NA,NA,NA,NA,NA,TCU,TCU,FALSE
401725632,2024-12-30,Arizona,TCU,289,2,1:39,99,99,Ernest Udeh Jr. made Free Throw.,away,86,79,7,0,TRUE,FALSE,0.9936433112367479,0.9862566336532477,3,-5,14.5,146.5,Michael Greenstein/Jeffrey Anderson/Chance Moore,"Tucson, AZ",McKale Memorial Center,NA,13560,NA,NA,TCU,made,Ernest Udeh Jr.,NA,FALSE,TRUE,TCU,Arizona,FALSE
401725632,2024-12-30,Arizona,TCU,290,2,1:18,78,78,Foul on Noah Reynolds.,away,86,79,7,21,FALSE,TRUE,0.9965290121901096,0.9928685394919513,3,-5,14.5,146.5,Michael Greenstein/Jeffrey Anderson/Chance Moore,"Tucson, AZ",McKale Memorial Center,NA,13560,NA,NA,NA,NA,NA,NA,NA,NA,Arizona,Arizona,FALSE
401725632,2024-12-30,Arizona,TCU,291,2,1:18,78,78,Caleb Love made Free Throw.,home,87,79,8,0,TRUE,FALSE,0.9982822034828921,0.9964640702899027,3,-5,14.5,146.5,Michael Greenstein/Jeffrey Anderson/Chance Moore,"Tucson, AZ",McKale Memorial Center,NA,13560,NA,NA,Arizona,made,Caleb Love,NA,FALSE,TRUE,Arizona,Arizona,FALSE
401725632,2024-12-30,Arizona,TCU,292,2,1:18,78,78,Caleb Love made Free Throw.,home,88,79,9,0,TRUE,FALSE,0.9991506149820257,0.9982500060461196,3,-5,14.5,146.5,Michael Greenstein/Jeffrey Anderson/Chance Moore,"Tucson, AZ",McKale Memorial Center,NA,13560,NA,NA,Arizona,made,Caleb Love,NA,FALSE,TRUE,Arizona,TCU,FALSE
401725632,2024-12-30,Arizona,TCU,293,2,1:06,66,66,Micah Robinson missed Three Point Jumper.,away,88,79,9,12,FALSE,FALSE,0.9994886444522315,0.9989797574798052,3,-5,14.5,146.5,Michael Greenstein/Jeffrey Anderson/Chance Moore,"Tucson, AZ",McKale Memorial Center,NA,13560,NA,NA,TCU,missed,Micah Robinson,NA,TRUE,FALSE,TCU,Arizona,FALSE
401725632,2024-12-30,Arizona,TCU,294,2,1:03,63,63,Caleb Love Defensive Rebound.,home,88,79,9,3,FALSE,FALSE,0.9995521659530129,0.9991137856002618,3,-5,14.5,146.5,Michael Greenstein/Jeffrey Anderson/Chance Moore,"Tucson, AZ",McKale Memorial Center,NA,13560,NA,NA,NA,NA,NA,NA,NA,NA,TCU,Arizona,FALSE
401725632,2024-12-30,Arizona,TCU,295,2,0:35,35,35,Jaden Bradley missed Layup.,home,88,79,9,28,FALSE,FALSE,0.9998843924677006,0.9997887189925966,3,-5,14.5,146.5,Michael Greenstein/Jeffrey Anderson/Chance Moore,"Tucson, AZ",McKale Memorial Center,NA,13560,NA,NA,Arizona,missed,Jaden Bradley,NA,FALSE,FALSE,Arizona,TCU,FALSE
401725632,2024-12-30,Arizona,TCU,296,2,0:32,32,32,Noah Reynolds Defensive Rebound.,away,88,79,9,3,FALSE,FALSE,0.999901334513069,0.9998212711699395,3,-5,14.5,146.5,Michael Greenstein/Jeffrey Anderson/Chance Moore,"Tucson, AZ",McKale Memorial Center,NA,13560,NA,NA,NA,NA,NA,NA,NA,NA,Arizona,TCU,FALSE
401725632,2024-12-30,Arizona,TCU,297,2,0:29,29,29,Trazarien White missed Three Point Jumper.,away,88,79,9,3,FALSE,FALSE,0.9999159720281416,0.9998491364267251,3,-5,14.5,146.5,Michael Greenstein/Jeffrey Anderson/Chance Moore,"Tucson, AZ",McKale Memorial Center,NA,13560,NA,NA,TCU,missed,Trazarien White,NA,TRUE,FALSE,TCU,TCU,FALSE
401725632,2024-12-30,Arizona,TCU,298,2,0:27,27,27,TCU Deadball Team Rebound.,away,88,79,9,2,FALSE,FALSE,0.9999245846487997,0.9998654051407512,3,-5,14.5,146.5,Michael Greenstein/Jeffrey Anderson/Chance Moore,"Tucson, AZ",McKale Memorial Center,NA,13560,NA,NA,NA,NA,NA,NA,NA,NA,TCU,TCU,FALSE
401725632,2024-12-30,Arizona,TCU,299,2,0:27,27,27,Foul on Tobe Awaka.,home,88,79,9,0,FALSE,TRUE,0.9999245846487997,0.9998654051407512,3,-5,14.5,146.5,Michael Greenstein/Jeffrey Anderson/Chance Moore,"Tucson, AZ",McKale Memorial Center,NA,13560,NA,NA,NA,NA,NA,NA,NA,NA,TCU,TCU,FALSE
401725632,2024-12-30,Arizona,TCU,300,2,0:27,27,27,Micah Robinson made Free Throw.,away,88,80,8,0,TRUE,FALSE,0.9997969954411047,0.9996377311247803,3,-5,14.5,146.5,Michael Greenstein/Jeffrey Anderson/Chance Moore,"Tucson, AZ",McKale Memorial Center,NA,13560,NA,NA,TCU,made,Micah Robinson,NA,FALSE,TRUE,TCU,TCU,FALSE
401725632,2024-12-30,Arizona,TCU,301,2,0:27,27,27,Micah Robinson made Free Throw.,away,88,81,7,0,TRUE,FALSE,0.9994536661855397,0.9990253104137609,3,-5,14.5,146.5,Michael Greenstein/Jeffrey Anderson/Chance Moore,"Tucson, AZ",McKale Memorial Center,NA,13560,NA,NA,TCU,made,Micah Robinson,NA,FALSE,TRUE,TCU,TCU,FALSE
401725632,2024-12-30,Arizona,TCU,302,2,0:27,27,27,Arizona  Timeout,home,88,81,7,0,FALSE,FALSE,0.9994536661855397,0.9990253104137609,3,-6,14.5,146.5,Michael Greenstein/Jeffrey Anderson/Chance Moore,"Tucson, AZ",McKale Memorial Center,NA,13560,NA,NA,NA,NA,NA,NA,NA,NA,TCU,TCU,FALSE
401725632,2024-12-30,Arizona,TCU,303,2,0:23,23,23,Foul on Trazarien White.,away,88,81,7,4,FALSE,TRUE,0.9995378277091505,0.9991852439679113,3,-6,14.5,146.5,Michael Greenstein/Jeffrey Anderson/Chance Moore,"Tucson, AZ",McKale Memorial Center,NA,13560,NA,NA,NA,NA,NA,NA,NA,NA,Arizona,Arizona,FALSE
401725632,2024-12-30,Arizona,TCU,304,2,0:23,23,23,Jaden Bradley made Free Throw.,home,89,81,8,0,TRUE,FALSE,0.9998326210775187,0.9997048640088042,3,-6,14.5,146.5,Michael Greenstein/Jeffrey Anderson/Chance Moore,"Tucson, AZ",McKale Memorial Center,NA,13560,NA,NA,Arizona,made,Jaden Bradley,NA,FALSE,TRUE,Arizona,Arizona,FALSE
401725632,2024-12-30,Arizona,TCU,305,2,0:23,23,23,Jaden Bradley made Free Throw.,home,90,81,9,0,TRUE,FALSE,0.9999393939555545,0.999893125831806,3,-6,14.5,146.5,Michael Greenstein/Jeffrey Anderson/Chance Moore,"Tucson, AZ",McKale Memorial Center,NA,13560,NA,NA,Arizona,made,Jaden Bradley,NA,FALSE,TRUE,Arizona,TCU,FALSE
401725632,2024-12-30,Arizona,TCU,306,2,0:12,12,12,Noah Reynolds missed Layup.,away,90,81,9,11,FALSE,FALSE,0.9999677904944893,0.9999450812311699,3,-6,14.5,146.5,Michael Greenstein/Jeffrey Anderson/Chance Moore,"Tucson, AZ",McKale Memorial Center,NA,13560,NA,NA,TCU,missed,Noah Reynolds,NA,FALSE,FALSE,TCU,Arizona,FALSE
401725632,2024-12-30,Arizona,TCU,307,2,0:09,9,9,Carter Bryant Defensive Rebound.,home,90,81,9,3,FALSE,FALSE,0.9999731088187387,0.9999545760054835,3,-6,14.5,146.5,Michael Greenstein/Jeffrey Anderson/Chance Moore,"Tucson, AZ",McKale Memorial Center,NA,13560,NA,NA,NA,NA,NA,NA,NA,NA,TCU,Arizona,FALSE
401725632,2024-12-30,Arizona,TCU,308,2,0:00,0,0,End of 2nd half,NA,90,81,9,9,FALSE,FALSE,1,1,3,-6,14.5,146.5,Michael Greenstein/Jeffrey Anderson/Chance Moore,"Tucson, AZ",McKale Memorial Center,NA,13560,NA,NA,NA,NA,NA,NA,NA,NA,Arizona,NA,FALSE
401725632,2024-12-30,Arizona,TCU,309,2,0:00,0,0,End of Game,NA,90,81,9,0,FALSE,FALSE,1,1,3,-6,14.5,146.5,Michael Greenstein/Jeffrey Anderson/Chance Moore,"Tucson, AZ",McKale Memorial Center,NA,13560,NA,NA,NA,NA,NA,NA,NA,NA,Arizona,NA,FALSE
