game_id,date,home,away,play_id,half,time_remaining_half,secs_remaining,secs_remaining_absolute,description,home_score,away_score,score_diff,play_length,win_prob,naive_win_prob,home_time_out_remaining,away_time_out_remaining,home_favored_by,total_line,referees,arena_location,arena,capacity,attendance,shot_x,shot_y,shot_team,shot_outcome,shooter,assist,three_pt,free_throw,possession_before,possession_after,wrong_time
401408608,2022-03-19,Tennessee,Michigan,1,1,20:00,2400,2400,PLAY,0,0,0,0,0.7545479402286529,0.5,4,4,7,136.5,"c(""Larry Scirotto"", "" Earl Walton"", "" Joe Lindsay"")","Indianapolis, IN",Gainbridge Fieldhouse,17923,NA,NA,NA,NA,NA,NA,NA,NA,NA,NA,Michigan,NA
401408608,2022-03-19,Tennessee,Michigan,2,1,20:00,2400,2400,Jump Ball won by Michigan,0,0,0,0,0.7545479402286529,0.5,4,4,7,136.5,"c(""Larry Scirotto"", "" Earl Walton"", "" Joe Lindsay"")","Indianapolis, IN",Gainbridge Fieldhouse,17923,NA,NA,NA,NA,NA,NA,NA,NA,NA,Michigan,Michigan,FALSE
401408608,2022-03-19,Tennessee,Michigan,3,1,19:36,2376,2376,Eli Brooks made Three Point Jumper.,0,3,-3,24,0.7010699948845233,0.43342107021462245,4,4,7,136.5,"c(""Larry Scirotto"", "" Earl Walton"", "" Joe Lindsay"")","Indianapolis, IN",Gainbridge Fieldhouse,17923,NA,42,25.066666666666666,Michigan,made,Eli Brooks,NA,TRUE,FALSE,Michigan,Tennessee,FALSE
401408608,2022-03-19,Tennessee,Michigan,4,1,19:20,2360,2360,Kennedy Chandler missed Layup.,0,3,-3,16,0.7002474038981898,0.4329127569306653,4,4,7,136.5,"c(""Larry Scirotto"", "" Earl Walton"", "" Joe Lindsay"")","Indianapolis, IN",Gainbridge Fieldhouse,17923,NA,21,86.89777777777778,Tennessee,missed,Kennedy Chandler,NA,FALSE,FALSE,Tennessee,Michigan,FALSE
401408608,2022-03-19,Tennessee,Michigan,5,1,19:20,2360,2360,Moussa Diabate Block.,0,3,-3,0,0.7002474038981898,0.4329127569306653,4,4,7,136.5,"c(""Larry Scirotto"", "" Earl Walton"", "" Joe Lindsay"")","Indianapolis, IN",Gainbridge Fieldhouse,17923,NA,NA,NA,NA,NA,NA,NA,NA,NA,Tennessee,Michigan,FALSE
401408608,2022-03-19,Tennessee,Michigan,6,1,19:20,2360,2360,DeVante' Jones Defensive Rebound.,0,3,-3,0,0.7002474038981898,0.4329127569306653,4,4,7,136.5,"c(""Larry Scirotto"", "" Earl Walton"", "" Joe Lindsay"")","Indianapolis, IN",Gainbridge Fieldhouse,17923,NA,NA,NA,NA,NA,NA,NA,NA,NA,Tennessee,Michigan,FALSE
401408608,2022-03-19,Tennessee,Michigan,7,1,19:14,2354,2354,Eli Brooks missed Three Point Jumper.,0,3,-3,6,0.699935515054915,0.43272082956111063,4,4,7,136.5,"c(""Larry Scirotto"", "" Earl Walton"", "" Joe Lindsay"")","Indianapolis, IN",Gainbridge Fieldhouse,17923,NA,46,18.799999999999997,Michigan,missed,Eli Brooks,NA,TRUE,FALSE,Michigan,Michigan,FALSE
401408608,2022-03-19,Tennessee,Michigan,8,1,19:14,2354,2354,Eli Brooks Offensive Rebound.,0,3,-3,0,0.699935515054915,0.43272082956111063,4,4,7,136.5,"c(""Larry Scirotto"", "" Earl Walton"", "" Joe Lindsay"")","Indianapolis, IN",Gainbridge Fieldhouse,17923,NA,NA,NA,NA,NA,NA,NA,NA,NA,Michigan,Michigan,FALSE
401408608,2022-03-19,Tennessee,Michigan,9,1,19:09,2349,2349,Hunter Dickinson made Three Point Jumper. Assisted by DeVante' Jones.,0,6,-6,5,0.6397627039077373,0.3675306652116349,4,4,7,136.5,"c(""Larry Scirotto"", "" Earl Walton"", "" Joe Lindsay"")","Indianapolis, IN",Gainbridge Fieldhouse,17923,NA,27,31.33333333333333,Michigan,made,Hunter Dickinson,DeVante' Jones,TRUE,FALSE,Michigan,Tennessee,FALSE
401408608,2022-03-19,Tennessee,Michigan,10,1,18:44,2324,2324,Brandon Huntley-Hatfield missed Jumper.,0,6,-6,25,0.6375473834383794,0.36599907850723595,4,4,7,136.5,"c(""Larry Scirotto"", "" Earl Walton"", "" Joe Lindsay"")","Indianapolis, IN",Gainbridge Fieldhouse,17923,NA,36,80.6311111111111,Tennessee,missed,Brandon Huntley-Hatfield,NA,FALSE,FALSE,Tennessee,Michigan,FALSE
401408608,2022-03-19,Tennessee,Michigan,11,1,18:44,2324,2324,DeVante' Jones Defensive Rebound.,0,6,-6,0,0.6375473834383794,0.36599907850723595,4,4,7,136.5,"c(""Larry Scirotto"", "" Earl Walton"", "" Joe Lindsay"")","Indianapolis, IN",Gainbridge Fieldhouse,17923,NA,NA,NA,NA,NA,NA,NA,NA,NA,Tennessee,Michigan,FALSE
401408608,2022-03-19,Tennessee,Michigan,12,1,18:37,2317,2317,DeVante' Jones missed Jumper.,0,6,-6,7,0.6369185089950309,0.3655669486371545,4,4,7,136.5,"c(""Larry Scirotto"", "" Earl Walton"", "" Joe Lindsay"")","Indianapolis, IN",Gainbridge Fieldhouse,17923,NA,21.999999999999996,12.533333333333333,Michigan,missed,DeVante' Jones,NA,FALSE,FALSE,Michigan,Tennessee,FALSE
401408608,2022-03-19,Tennessee,Michigan,13,1,18:37,2317,2317,Uros Plavsic Defensive Rebound.,0,6,-6,0,0.6369185089950309,0.3655669486371545,4,4,7,136.5,"c(""Larry Scirotto"", "" Earl Walton"", "" Joe Lindsay"")","Indianapolis, IN",Gainbridge Fieldhouse,17923,NA,NA,NA,NA,NA,NA,NA,NA,NA,Michigan,Tennessee,FALSE
401408608,2022-03-19,Tennessee,Michigan,14,1,18:22,2302,2302,Josiah-Jordan James made Jumper. Assisted by Kennedy Chandler.,2,6,-4,15,0.6772662568072821,0.4084933021655256,4,4,7,136.5,"c(""Larry Scirotto"", "" Earl Walton"", "" Joe Lindsay"")","Indianapolis, IN",Gainbridge Fieldhouse,17923,NA,24,76.45333333333333,Tennessee,made,Josiah-Jordan James,Kennedy Chandler,FALSE,FALSE,Tennessee,Michigan,FALSE
401408608,2022-03-19,Tennessee,Michigan,15,1,18:05,2285,2285,DeVante' Jones made Layup.,2,8,-6,17,0.6339969771575698,0.36357526010749347,4,4,7,136.5,"c(""Larry Scirotto"", "" Earl Walton"", "" Joe Lindsay"")","Indianapolis, IN",Gainbridge Fieldhouse,17923,NA,28,7.311111111111111,Michigan,made,DeVante' Jones,NA,FALSE,FALSE,Michigan,Tennessee,FALSE
401408608,2022-03-19,Tennessee,Michigan,16,1,17:54,2274,2274,Kennedy Chandler missed Jumper.,2,8,-6,11,0.6329753547239102,0.3628850726960572,4,4,7,136.5,"c(""Larry Scirotto"", "" Earl Walton"", "" Joe Lindsay"")","Indianapolis, IN",Gainbridge Fieldhouse,17923,NA,14,71.2311111111111,Tennessee,missed,Kennedy Chandler,NA,FALSE,FALSE,Tennessee,Tennessee,FALSE
401408608,2022-03-19,Tennessee,Michigan,17,1,17:54,2274,2274,Uros Plavsic Offensive Rebound.,2,8,-6,0,0.6329753547239102,0.3628850726960572,4,4,7,136.5,"c(""Larry Scirotto"", "" Earl Walton"", "" Joe Lindsay"")","Indianapolis, IN",Gainbridge Fieldhouse,17923,NA,NA,NA,NA,NA,NA,NA,NA,NA,Tennessee,Tennessee,FALSE
401408608,2022-03-19,Tennessee,Michigan,18,1,17:48,2268,2268,Uros Plavsic missed Layup.,2,8,-6,6,0.6324144391621342,0.3625075396296963,4,4,7,136.5,"c(""Larry Scirotto"", "" Earl Walton"", "" Joe Lindsay"")","Indianapolis, IN",Gainbridge Fieldhouse,17923,NA,28.999999999999996,85.85333333333332,Tennessee,missed,Uros Plavsic,NA,FALSE,FALSE,Tennessee,Michigan,FALSE
401408608,2022-03-19,Tennessee,Michigan,19,1,17:48,2268,2268,Moussa Diabate Defensive Rebound.,2,8,-6,0,0.6324144391621342,0.3625075396296963,4,4,7,136.5,"c(""Larry Scirotto"", "" Earl Walton"", "" Joe Lindsay"")","Indianapolis, IN",Gainbridge Fieldhouse,17923,NA,NA,NA,NA,NA,NA,NA,NA,NA,Tennessee,Michigan,FALSE
401408608,2022-03-19,Tennessee,Michigan,20,1,17:37,2257,2257,Moussa Diabate missed Dunk.,2,8,-6,11,0.631379449034661,0.3618135731944848,4,4,7,136.5,"c(""Larry Scirotto"", "" Earl Walton"", "" Joe Lindsay"")","Indianapolis, IN",Gainbridge Fieldhouse,17923,NA,26,8.355555555555556,Michigan,missed,Moussa Diabate,NA,FALSE,FALSE,Michigan,Tennessee,FALSE
401408608,2022-03-19,Tennessee,Michigan,21,1,17:37,2257,2257,Josiah-Jordan James Block.,2,8,-6,0,0.631379449034661,0.3618135731944848,4,4,7,136.5,"c(""Larry Scirotto"", "" Earl Walton"", "" Joe Lindsay"")","Indianapolis, IN",Gainbridge Fieldhouse,17923,NA,NA,NA,NA,NA,NA,NA,NA,NA,Michigan,Tennessee,FALSE
401408608,2022-03-19,Tennessee,Michigan,22,1,17:37,2257,2257,Santiago Vescovi Defensive Rebound.,2,8,-6,0,0.631379449034661,0.3618135731944848,4,4,7,136.5,"c(""Larry Scirotto"", "" Earl Walton"", "" Joe Lindsay"")","Indianapolis, IN",Gainbridge Fieldhouse,17923,NA,NA,NA,NA,NA,NA,NA,NA,NA,Michigan,Tennessee,FALSE
401408608,2022-03-19,Tennessee,Michigan,23,1,17:35,2255,2255,Jump Ball won by Tennessee,2,8,-6,2,0.6311903524961421,0.36168715671093776,4,4,7,136.5,"c(""Larry Scirotto"", "" Earl Walton"", "" Joe Lindsay"")","Indianapolis, IN",Gainbridge Fieldhouse,17923,NA,NA,NA,NA,NA,NA,NA,NA,NA,Tennessee,Tennessee,FALSE
401408608,2022-03-19,Tennessee,Michigan,24,1,17:18,2238,2238,Jonas Aidoo missed Jumper.,2,8,-6,17,0.629571791561779,0.36060987259816935,4,4,7,136.5,"c(""Larry Scirotto"", "" Earl Walton"", "" Joe Lindsay"")","Indianapolis, IN",Gainbridge Fieldhouse,17923,NA,17,86.89777777777778,Tennessee,missed,Jonas Aidoo,NA,FALSE,FALSE,Tennessee,Michigan,FALSE
401408608,2022-03-19,Tennessee,Michigan,25,1,17:18,2238,2238,DeVante' Jones Defensive Rebound.,2,8,-6,0,0.629571791561779,0.36060987259816935,4,4,7,136.5,"c(""Larry Scirotto"", "" Earl Walton"", "" Joe Lindsay"")","Indianapolis, IN",Gainbridge Fieldhouse,17923,NA,NA,NA,NA,NA,NA,NA,NA,NA,Tennessee,Michigan,FALSE
401408608,2022-03-19,Tennessee,Michigan,26,1,17:03,2223,2223,Moussa Diabate made Layup.,2,10,-8,15,0.5822226936879129,0.316664026113824,4,4,7,136.5,"c(""Larry Scirotto"", "" Earl Walton"", "" Joe Lindsay"")","Indianapolis, IN",Gainbridge Fieldhouse,17923,NA,28,6.266666666666667,Michigan,made,Moussa Diabate,NA,FALSE,FALSE,Michigan,Tennessee,FALSE
401408608,2022-03-19,Tennessee,Michigan,27,1,16:48,2208,2208,Jonas Aidoo made Layup. Assisted by Kennedy Chandler.,4,10,-6,15,0.6266674879406635,0.35869855929610267,4,4,7,136.5,"c(""Larry Scirotto"", "" Earl Walton"", "" Joe Lindsay"")","Indianapolis, IN",Gainbridge Fieldhouse,17923,NA,27,84.80888888888889,Tennessee,made,Jonas Aidoo,Kennedy Chandler,FALSE,FALSE,Tennessee,Michigan,FALSE
401408608,2022-03-19,Tennessee,Michigan,28,1,16:32,2192,2192,DeVante' Jones Turnover.,4,10,-6,16,0.6250941714117325,0.35767502808897006,4,4,7,136.5,"c(""Larry Scirotto"", "" Earl Walton"", "" Joe Lindsay"")","Indianapolis, IN",Gainbridge Fieldhouse,17923,NA,NA,NA,NA,NA,NA,NA,NA,NA,Michigan,Tennessee,FALSE
401408608,2022-03-19,Tennessee,Michigan,29,1,16:32,2192,2192,Josiah-Jordan James Steal.,4,10,-6,0,0.6250941714117325,0.35767502808897006,4,4,7,136.5,"c(""Larry Scirotto"", "" Earl Walton"", "" Joe Lindsay"")","Indianapolis, IN",Gainbridge Fieldhouse,17923,NA,NA,NA,NA,NA,NA,NA,NA,NA,Michigan,Tennessee,FALSE
401408608,2022-03-19,Tennessee,Michigan,30,1,16:25,2185,2185,Josiah-Jordan James made Jumper.,6,10,-4,7,0.669090990234105,0.4033286291367885,4,4,7,136.5,"c(""Larry Scirotto"", "" Earl Walton"", "" Joe Lindsay"")","Indianapolis, IN",Gainbridge Fieldhouse,17923,NA,10,84.80888888888889,Tennessee,made,Josiah-Jordan James,NA,FALSE,FALSE,Tennessee,Michigan,FALSE
401408608,2022-03-19,Tennessee,Michigan,31,1,16:01,2161,2161,DeVante' Jones missed Layup.,6,10,-4,24,0.6673198010167274,0.40225169967599833,4,4,7,136.5,"c(""Larry Scirotto"", "" Earl Walton"", "" Joe Lindsay"")","Indianapolis, IN",Gainbridge Fieldhouse,17923,NA,21.999999999999996,6.266666666666667,Michigan,missed,DeVante' Jones,NA,FALSE,FALSE,Michigan,Tennessee,FALSE
401408608,2022-03-19,Tennessee,Michigan,32,1,16:01,2161,2161,Josiah-Jordan James Defensive Rebound.,6,10,-4,0,0.6673198010167274,0.40225169967599833,4,4,7,136.5,"c(""Larry Scirotto"", "" Earl Walton"", "" Joe Lindsay"")","Indianapolis, IN",Gainbridge Fieldhouse,17923,NA,NA,NA,NA,NA,NA,NA,NA,NA,Michigan,Tennessee,FALSE
401408608,2022-03-19,Tennessee,Michigan,33,1,15:53,2153,2153,Josiah-Jordan James made Jumper. Assisted by Kennedy Chandler.,8,10,-2,8,0.7093423139680738,0.4504641729595203,4,4,7,136.5,"c(""Larry Scirotto"", "" Earl Walton"", "" Joe Lindsay"")","Indianapolis, IN",Gainbridge Fieldhouse,17923,NA,40,86.89777777777778,Tennessee,made,Josiah-Jordan James,Kennedy Chandler,FALSE,FALSE,Tennessee,Michigan,FALSE
401408608,2022-03-19,Tennessee,Michigan,34,1,15:34,2134,2134,Foul on Jonas Aidoo.,8,10,-2,19,0.708380318055761,0.45002145236819663,4,4,7,136.5,"c(""Larry Scirotto"", "" Earl Walton"", "" Joe Lindsay"")","Indianapolis, IN",Gainbridge Fieldhouse,17923,NA,NA,NA,NA,NA,NA,NA,NA,NA,Michigan,Michigan,FALSE
401408608,2022-03-19,Tennessee,Michigan,35,1,15:34,2134,2134,Official TV Timeout,8,10,-2,0,0.708380318055761,0.45002145236819663,4,4,7,136.5,"c(""Larry Scirotto"", "" Earl Walton"", "" Joe Lindsay"")","Indianapolis, IN",Gainbridge Fieldhouse,17923,NA,NA,NA,NA,NA,NA,NA,NA,NA,Michigan,Michigan,FALSE
401408608,2022-03-19,Tennessee,Michigan,36,1,15:34,2134,2134,Hunter Dickinson made Free Throw.,8,11,-3,0,0.6872381009675507,0.4253433444977733,4,4,7,136.5,"c(""Larry Scirotto"", "" Earl Walton"", "" Joe Lindsay"")","Indianapolis, IN",Gainbridge Fieldhouse,17923,NA,NA,NA,Michigan,made,Hunter Dickinson,NA,NA,TRUE,Michigan,Michigan,FALSE
401408608,2022-03-19,Tennessee,Michigan,37,1,15:34,2134,2134,Hunter Dickinson made Free Throw.,8,12,-4,0,0.6652873406429068,0.4010317382941978,4,4,7,136.5,"c(""Larry Scirotto"", "" Earl Walton"", "" Joe Lindsay"")","Indianapolis, IN",Gainbridge Fieldhouse,17923,NA,NA,NA,Michigan,made,Hunter Dickinson,NA,NA,TRUE,Michigan,Tennessee,FALSE
401408608,2022-03-19,Tennessee,Michigan,38,1,15:09,2109,2109,Jonas Aidoo missed Layup.,8,12,-4,25,0.6633666154199077,0.39989237163380015,4,4,7,136.5,"c(""Larry Scirotto"", "" Earl Walton"", "" Joe Lindsay"")","Indianapolis, IN",Gainbridge Fieldhouse,17923,NA,25,83.76444444444444,Tennessee,missed,Jonas Aidoo,NA,FALSE,FALSE,Tennessee,Michigan,FALSE
401408608,2022-03-19,Tennessee,Michigan,39,1,15:09,2109,2109,Frankie Collins Defensive Rebound.,8,12,-4,0,0.6633666154199077,0.39989237163380015,4,4,7,136.5,"c(""Larry Scirotto"", "" Earl Walton"", "" Joe Lindsay"")","Indianapolis, IN",Gainbridge Fieldhouse,17923,NA,NA,NA,NA,NA,NA,NA,NA,NA,Tennessee,Michigan,FALSE
401408608,2022-03-19,Tennessee,Michigan,40,1,14:45,2085,2085,Caleb Houstan missed Three Point Jumper.,8,12,-4,24,0.6614869707312818,0.39878879851145593,4,4,7,136.5,"c(""Larry Scirotto"", "" Earl Walton"", "" Joe Lindsay"")","Indianapolis, IN",Gainbridge Fieldhouse,17923,NA,46,19.84444444444444,Michigan,missed,Caleb Houstan,NA,TRUE,FALSE,Michigan,Tennessee,FALSE
401408608,2022-03-19,Tennessee,Michigan,41,1,14:45,2085,2085,Jonas Aidoo Defensive Rebound.,8,12,-4,0,0.6614869707312818,0.39878879851145593,4,4,7,136.5,"c(""Larry Scirotto"", "" Earl Walton"", "" Joe Lindsay"")","Indianapolis, IN",Gainbridge Fieldhouse,17923,NA,NA,NA,NA,NA,NA,NA,NA,NA,Michigan,Tennessee,FALSE
401408608,2022-03-19,Tennessee,Michigan,42,1,14:30,2070,2070,Foul on Frankie Collins.,8,12,-4,15,0.6602941429065262,0.398093807486047,4,4,7,136.5,"c(""Larry Scirotto"", "" Earl Walton"", "" Joe Lindsay"")","Indianapolis, IN",Gainbridge Fieldhouse,17923,NA,NA,NA,NA,NA,NA,NA,NA,NA,Tennessee,Tennessee,FALSE
401408608,2022-03-19,Tennessee,Michigan,43,1,14:30,2070,2070,Jonas Aidoo made Free Throw.,9,12,-3,0,0.683079169992581,0.4230999840095205,4,4,7,136.5,"c(""Larry Scirotto"", "" Earl Walton"", "" Joe Lindsay"")","Indianapolis, IN",Gainbridge Fieldhouse,17923,NA,NA,NA,Tennessee,made,Jonas Aidoo,NA,NA,TRUE,Tennessee,Tennessee,FALSE
401408608,2022-03-19,Tennessee,Michigan,44,1,14:30,2070,2070,Jonas Aidoo made Free Throw.,10,12,-2,0,0.7050186777644164,0.4485064783338406,4,4,7,136.5,"c(""Larry Scirotto"", "" Earl Walton"", "" Joe Lindsay"")","Indianapolis, IN",Gainbridge Fieldhouse,17923,NA,NA,NA,Tennessee,made,Jonas Aidoo,NA,NA,TRUE,Tennessee,Michigan,FALSE
401408608,2022-03-19,Tennessee,Michigan,45,1,14:00,2040,2040,Moussa Diabate missed Layup.,10,12,-2,30,0.7033780419914288,0.4477819689417997,4,4,7,136.5,"c(""Larry Scirotto"", "" Earl Walton"", "" Joe Lindsay"")","Indianapolis, IN",Gainbridge Fieldhouse,17923,NA,29,7.311111111111111,Michigan,missed,Moussa Diabate,NA,FALSE,FALSE,Michigan,Michigan,FALSE
401408608,2022-03-19,Tennessee,Michigan,46,1,14:00,2040,2040,Michigan Deadball Team Rebound.,10,12,-2,0,0.7033780419914288,0.4477819689417997,4,4,7,136.5,"c(""Larry Scirotto"", "" Earl Walton"", "" Joe Lindsay"")","Indianapolis, IN",Gainbridge Fieldhouse,17923,NA,NA,NA,NA,NA,NA,NA,NA,NA,Michigan,Michigan,FALSE
401408608,2022-03-19,Tennessee,Michigan,47,1,13:58,2038,2038,Michigan  Turnover.,10,12,-2,2,0.7032671842069013,0.4477333080040017,4,4,7,136.5,"c(""Larry Scirotto"", "" Earl Walton"", "" Joe Lindsay"")","Indianapolis, IN",Gainbridge Fieldhouse,17923,NA,NA,NA,NA,NA,NA,NA,NA,NA,Michigan,Tennessee,FALSE
401408608,2022-03-19,Tennessee,Michigan,48,1,13:33,2013,2013,Jonas Aidoo missed Jumper.,10,12,-2,25,0.7018657679208185,0.4471210317412369,4,4,7,136.5,"c(""Larry Scirotto"", "" Earl Walton"", "" Joe Lindsay"")","Indianapolis, IN",Gainbridge Fieldhouse,17923,NA,16,87.94222222222221,Tennessee,missed,Jonas Aidoo,NA,FALSE,FALSE,Tennessee,Michigan,FALSE
401408608,2022-03-19,Tennessee,Michigan,49,1,13:33,2013,2013,Eli Brooks Defensive Rebound.,10,12,-2,0,0.7018657679208185,0.4471210317412369,4,4,7,136.5,"c(""Larry Scirotto"", "" Earl Walton"", "" Joe Lindsay"")","Indianapolis, IN",Gainbridge Fieldhouse,17923,NA,NA,NA,NA,NA,NA,NA,NA,NA,Tennessee,Michigan,FALSE
401408608,2022-03-19,Tennessee,Michigan,50,1,13:16,1996,1996,Hunter Dickinson made Three Point Jumper. Assisted by Eli Brooks.,10,15,-5,17,0.6296115718530727,0.3693444518871093,4,4,7,136.5,"c(""Larry Scirotto"", "" Earl Walton"", "" Joe Lindsay"")","Indianapolis, IN",Gainbridge Fieldhouse,17923,NA,19,30.288888888888888,Michigan,made,Hunter Dickinson,Eli Brooks,TRUE,FALSE,Michigan,Tennessee,FALSE
401408608,2022-03-19,Tennessee,Michigan,51,1,13:02,1982,1982,John Fulkerson missed Layup.,10,15,-5,14,0.628217190088561,0.36852170658480216,4,4,7,136.5,"c(""Larry Scirotto"", "" Earl Walton"", "" Joe Lindsay"")","Indianapolis, IN",Gainbridge Fieldhouse,17923,NA,21,86.89777777777778,Tennessee,missed,John Fulkerson,NA,FALSE,FALSE,Tennessee,Michigan,FALSE
401408608,2022-03-19,Tennessee,Michigan,52,1,13:02,1982,1982,Hunter Dickinson Defensive Rebound.,10,15,-5,0,0.628217190088561,0.36852170658480216,4,4,7,136.5,"c(""Larry Scirotto"", "" Earl Walton"", "" Joe Lindsay"")","Indianapolis, IN",Gainbridge Fieldhouse,17923,NA,NA,NA,NA,NA,NA,NA,NA,NA,Tennessee,Michigan,FALSE
401408608,2022-03-19,Tennessee,Michigan,53,1,12:53,1973,1973,Foul on Zakai Zeigler.,10,15,-5,9,0.6273129825414352,0.3679898602591419,4,4,7,136.5,"c(""Larry Scirotto"", "" Earl Walton"", "" Joe Lindsay"")","Indianapolis, IN",Gainbridge Fieldhouse,17923,NA,NA,NA,NA,NA,NA,NA,NA,NA,Michigan,Michigan,FALSE
401408608,2022-03-19,Tennessee,Michigan,54,1,12:52,1972,1972,Frankie Collins Turnover.,10,15,-5,1,0.6272121349183052,0.3679306213897259,4,4,7,136.5,"c(""Larry Scirotto"", "" Earl Walton"", "" Joe Lindsay"")","Indianapolis, IN",Gainbridge Fieldhouse,17923,NA,NA,NA,NA,NA,NA,NA,NA,NA,Michigan,Tennessee,FALSE
401408608,2022-03-19,Tennessee,Michigan,55,1,12:52,1972,1972,Uros Plavsic Steal.,10,15,-5,0,0.6272121349183052,0.3679306213897259,4,4,7,136.5,"c(""Larry Scirotto"", "" Earl Walton"", "" Joe Lindsay"")","Indianapolis, IN",Gainbridge Fieldhouse,17923,NA,NA,NA,NA,NA,NA,NA,NA,NA,Michigan,Tennessee,FALSE
401408608,2022-03-19,Tennessee,Michigan,56,1,12:50,1970,1970,Josiah-Jordan James made Dunk.,12,15,-3,2,0.6761331692573811,0.41946529672286503,4,4,7,136.5,"c(""Larry Scirotto"", "" Earl Walton"", "" Joe Lindsay"")","Indianapolis, IN",Gainbridge Fieldhouse,17923,NA,27,85.85333333333332,Tennessee,made,Josiah-Jordan James,NA,FALSE,FALSE,Tennessee,Michigan,FALSE
401408608,2022-03-19,Tennessee,Michigan,57,1,12:30,1950,1950,Eli Brooks made Layup.,12,17,-5,20,0.6249740929545752,0.36661984496981154,4,4,7,136.5,"c(""Larry Scirotto"", "" Earl Walton"", "" Joe Lindsay"")","Indianapolis, IN",Gainbridge Fieldhouse,17923,NA,21.000000000000004,6.266666666666667,Michigan,made,Eli Brooks,NA,FALSE,FALSE,Michigan,Tennessee,FALSE
401408608,2022-03-19,Tennessee,Michigan,58,1,12:09,1929,1929,Santiago Vescovi missed Three Point Jumper.,12,17,-5,21,0.6228027926047284,0.3653547809158354,4,4,7,136.5,"c(""Larry Scirotto"", "" Earl Walton"", "" Joe Lindsay"")","Indianapolis, IN",Gainbridge Fieldhouse,17923,NA,22,60.78666666666667,Tennessee,missed,Santiago Vescovi,NA,TRUE,FALSE,Tennessee,Tennessee,FALSE
401408608,2022-03-19,Tennessee,Michigan,59,1,12:09,1929,1929,John Fulkerson Offensive Rebound.,12,17,-5,0,0.6228027926047284,0.3653547809158354,4,4,7,136.5,"c(""Larry Scirotto"", "" Earl Walton"", "" Joe Lindsay"")","Indianapolis, IN",Gainbridge Fieldhouse,17923,NA,NA,NA,NA,NA,NA,NA,NA,NA,Tennessee,Tennessee,FALSE
401408608,2022-03-19,Tennessee,Michigan,60,1,11:59,1919,1919,John Fulkerson missed Jumper.,12,17,-5,10,0.6217585871432524,0.3647502471366143,4,4,7,136.5,"c(""Larry Scirotto"", "" Earl Walton"", "" Joe Lindsay"")","Indianapolis, IN",Gainbridge Fieldhouse,17923,NA,23,79.58666666666667,Tennessee,missed,John Fulkerson,NA,FALSE,FALSE,Tennessee,Tennessee,FALSE
401408608,2022-03-19,Tennessee,Michigan,61,1,11:59,1919,1919,Uros Plavsic Offensive Rebound.,12,17,-5,0,0.6217585871432524,0.3647502471366143,4,4,7,136.5,"c(""Larry Scirotto"", "" Earl Walton"", "" Joe Lindsay"")","Indianapolis, IN",Gainbridge Fieldhouse,17923,NA,NA,NA,NA,NA,NA,NA,NA,NA,Tennessee,Tennessee,FALSE
401408608,2022-03-19,Tennessee,Michigan,62,1,11:57,1917,1917,Foul on Brandon Johns Jr..,12,17,-5,2,0.621549171270548,0.36462950105220465,4,4,7,136.5,"c(""Larry Scirotto"", "" Earl Walton"", "" Joe Lindsay"")","Indianapolis, IN",Gainbridge Fieldhouse,17923,NA,NA,NA,NA,NA,NA,NA,NA,NA,Tennessee,Tennessee,FALSE
401408608,2022-03-19,Tennessee,Michigan,63,1,11:57,1917,1917,Official TV Timeout,12,17,-5,0,0.621549171270548,0.36462950105220465,4,4,7,136.5,"c(""Larry Scirotto"", "" Earl Walton"", "" Joe Lindsay"")","Indianapolis, IN",Gainbridge Fieldhouse,17923,NA,NA,NA,NA,NA,NA,NA,NA,NA,Tennessee,Tennessee,FALSE
401408608,2022-03-19,Tennessee,Michigan,64,1,11:57,1917,1917,Uros Plavsic made Free Throw.,13,17,-4,0,0.6473004901407631,0.3907260766520711,4,4,7,136.5,"c(""Larry Scirotto"", "" Earl Walton"", "" Joe Lindsay"")","Indianapolis, IN",Gainbridge Fieldhouse,17923,NA,NA,NA,Tennessee,made,Uros Plavsic,NA,NA,TRUE,Tennessee,Tennessee,FALSE
401408608,2022-03-19,Tennessee,Michigan,65,1,11:57,1917,1917,Uros Plavsic made Free Throw.,14,17,-3,0,0.6722236274030426,0.41746321244888296,4,4,7,136.5,"c(""Larry Scirotto"", "" Earl Walton"", "" Joe Lindsay"")","Indianapolis, IN",Gainbridge Fieldhouse,17923,NA,NA,NA,Tennessee,made,Uros Plavsic,NA,NA,TRUE,Tennessee,Michigan,FALSE
401408608,2022-03-19,Tennessee,Michigan,66,1,11:38,1898,1898,Moussa Diabate missed Layup.,14,17,-3,19,0.6707868975038357,0.4167416643991403,4,4,7,136.5,"c(""Larry Scirotto"", "" Earl Walton"", "" Joe Lindsay"")","Indianapolis, IN",Gainbridge Fieldhouse,17923,NA,27,8.355555555555556,Michigan,missed,Moussa Diabate,NA,FALSE,FALSE,Michigan,Tennessee,FALSE
401408608,2022-03-19,Tennessee,Michigan,67,1,11:38,1898,1898,John Fulkerson Block.,14,17,-3,0,0.6707868975038357,0.4167416643991403,4,4,7,136.5,"c(""Larry Scirotto"", "" Earl Walton"", "" Joe Lindsay"")","Indianapolis, IN",Gainbridge Fieldhouse,17923,NA,NA,NA,NA,NA,NA,NA,NA,NA,Michigan,Tennessee,FALSE
401408608,2022-03-19,Tennessee,Michigan,68,1,11:38,1898,1898,Zakai Zeigler Defensive Rebound.,14,17,-3,0,0.6707868975038357,0.4167416643991403,4,4,7,136.5,"c(""Larry Scirotto"", "" Earl Walton"", "" Joe Lindsay"")","Indianapolis, IN",Gainbridge Fieldhouse,17923,NA,NA,NA,NA,NA,NA,NA,NA,NA,Michigan,Tennessee,FALSE
401408608,2022-03-19,Tennessee,Michigan,69,1,11:16,1876,1876,John Fulkerson made Layup. Assisted by Kennedy Chandler.,16,17,-1,22,0.7171812183287355,0.4717301993345769,4,4,7,136.5,"c(""Larry Scirotto"", "" Earl Walton"", "" Joe Lindsay"")","Indianapolis, IN",Gainbridge Fieldhouse,17923,NA,21,86.89777777777778,Tennessee,made,John Fulkerson,Kennedy Chandler,FALSE,FALSE,Tennessee,Michigan,FALSE
401408608,2022-03-19,Tennessee,Michigan,70,1,10:59,1859,1859,Brandon Johns Jr. missed Jumper.,16,17,-1,17,0.7163325079492848,0.47150916621993594,4,4,7,136.5,"c(""Larry Scirotto"", "" Earl Walton"", "" Joe Lindsay"")","Indianapolis, IN",Gainbridge Fieldhouse,17923,NA,25,11.488888888888887,Michigan,missed,Brandon Johns Jr.,NA,FALSE,FALSE,Michigan,Tennessee,FALSE
401408608,2022-03-19,Tennessee,Michigan,71,1,10:59,1859,1859,Uros Plavsic Defensive Rebound.,16,17,-1,0,0.7163325079492848,0.47150916621993594,4,4,7,136.5,"c(""Larry Scirotto"", "" Earl Walton"", "" Joe Lindsay"")","Indianapolis, IN",Gainbridge Fieldhouse,17923,NA,NA,NA,NA,NA,NA,NA,NA,NA,Michigan,Tennessee,FALSE
401408608,2022-03-19,Tennessee,Michigan,72,1,10:34,1834,1834,John Fulkerson Turnover.,16,17,-1,25,0.7150628343841996,0.4711825052391752,4,4,7,136.5,"c(""Larry Scirotto"", "" Earl Walton"", "" Joe Lindsay"")","Indianapolis, IN",Gainbridge Fieldhouse,17923,NA,NA,NA,NA,NA,NA,NA,NA,NA,Tennessee,Michigan,FALSE
401408608,2022-03-19,Tennessee,Michigan,73,1,10:23,1823,1823,Foul on Santiago Vescovi.,16,17,-1,11,0.7144961300664767,0.4710378948697002,4,4,7,136.5,"c(""Larry Scirotto"", "" Earl Walton"", "" Joe Lindsay"")","Indianapolis, IN",Gainbridge Fieldhouse,17923,NA,NA,NA,NA,NA,NA,NA,NA,NA,Michigan,Michigan,FALSE
401408608,2022-03-19,Tennessee,Michigan,74,1,10:20,1820,1820,Caleb Houstan missed Jumper.,16,17,-1,3,0.7143407276084057,0.47099834121014167,4,4,7,136.5,"c(""Larry Scirotto"", "" Earl Walton"", "" Joe Lindsay"")","Indianapolis, IN",Gainbridge Fieldhouse,17923,NA,21.000000000000004,26.11111111111111,Michigan,missed,Caleb Houstan,NA,FALSE,FALSE,Michigan,Tennessee,FALSE
401408608,2022-03-19,Tennessee,Michigan,75,1,10:20,1820,1820,Uros Plavsic Defensive Rebound.,16,17,-1,0,0.7143407276084057,0.47099834121014167,4,4,7,136.5,"c(""Larry Scirotto"", "" Earl Walton"", "" Joe Lindsay"")","Indianapolis, IN",Gainbridge Fieldhouse,17923,NA,NA,NA,NA,NA,NA,NA,NA,NA,Michigan,Tennessee,FALSE
401408608,2022-03-19,Tennessee,Michigan,76,1,10:01,1801,1801,Kennedy Chandler missed Jumper.,16,17,-1,19,0.7133481429515401,0.47074651711344045,4,4,7,136.5,"c(""Larry Scirotto"", "" Earl Walton"", "" Joe Lindsay"")","Indianapolis, IN",Gainbridge Fieldhouse,17923,NA,18,71.2311111111111,Tennessee,missed,Kennedy Chandler,NA,FALSE,FALSE,Tennessee,Michigan,FALSE
401408608,2022-03-19,Tennessee,Michigan,77,1,10:01,1801,1801,DeVante' Jones Block.,16,17,-1,0,0.7133481429515401,0.47074651711344045,4,4,7,136.5,"c(""Larry Scirotto"", "" Earl Walton"", "" Joe Lindsay"")","Indianapolis, IN",Gainbridge Fieldhouse,17923,NA,NA,NA,NA,NA,NA,NA,NA,NA,Tennessee,Michigan,FALSE
401408608,2022-03-19,Tennessee,Michigan,78,1,10:01,1801,1801,Michigan Defensive Rebound.,16,17,-1,0,0.7133481429515401,0.47074651711344045,4,4,7,136.5,"c(""Larry Scirotto"", "" Earl Walton"", "" Joe Lindsay"")","Indianapolis, IN",Gainbridge Fieldhouse,17923,NA,NA,NA,NA,NA,NA,NA,NA,NA,Tennessee,Michigan,FALSE
401408608,2022-03-19,Tennessee,Michigan,79,1,9:41,1781,1781,Eli Brooks Turnover.,16,17,-1,20,0.7122878384981434,0.4704785569480639,4,4,7,136.5,"c(""Larry Scirotto"", "" Earl Walton"", "" Joe Lindsay"")","Indianapolis, IN",Gainbridge Fieldhouse,17923,NA,NA,NA,NA,NA,NA,NA,NA,NA,Michigan,Tennessee,FALSE
401408608,2022-03-19,Tennessee,Michigan,80,1,9:41,1781,1781,Kennedy Chandler Steal.,16,17,-1,0,0.7122878384981434,0.4704785569480639,4,4,7,136.5,"c(""Larry Scirotto"", "" Earl Walton"", "" Joe Lindsay"")","Indianapolis, IN",Gainbridge Fieldhouse,17923,NA,NA,NA,NA,NA,NA,NA,NA,NA,Michigan,Tennessee,FALSE
401408608,2022-03-19,Tennessee,Michigan,81,1,9:37,1777,1777,Kennedy Chandler made Dunk. Assisted by Santiago Vescovi.,18,17,1,4,0.7581122838936194,0.5295754431710045,4,4,7,136.5,"c(""Larry Scirotto"", "" Earl Walton"", "" Joe Lindsay"")","Indianapolis, IN",Gainbridge Fieldhouse,17923,NA,22,85.85333333333332,Tennessee,made,Kennedy Chandler,Santiago Vescovi,FALSE,FALSE,Tennessee,Michigan,FALSE
401408608,2022-03-19,Tennessee,Michigan,82,1,9:11,1751,1751,Hunter Dickinson missed Three Point Jumper.,18,17,1,26,0.7573783236141277,0.5299302636232491,4,4,7,136.5,"c(""Larry Scirotto"", "" Earl Walton"", "" Joe Lindsay"")","Indianapolis, IN",Gainbridge Fieldhouse,17923,NA,29,31.33333333333333,Michigan,missed,Hunter Dickinson,NA,TRUE,FALSE,Michigan,Tennessee,FALSE
401408608,2022-03-19,Tennessee,Michigan,83,1,9:11,1751,1751,Kennedy Chandler Defensive Rebound.,18,17,1,0,0.7573783236141277,0.5299302636232491,4,4,7,136.5,"c(""Larry Scirotto"", "" Earl Walton"", "" Joe Lindsay"")","Indianapolis, IN",Gainbridge Fieldhouse,17923,NA,NA,NA,NA,NA,NA,NA,NA,NA,Michigan,Tennessee,FALSE
401408608,2022-03-19,Tennessee,Michigan,84,1,9:00,1740,1740,Kennedy Chandler Turnover.,18,17,1,11,0.7570647081084768,0.5300825886464002,4,4,7,136.5,"c(""Larry Scirotto"", "" Earl Walton"", "" Joe Lindsay"")","Indianapolis, IN",Gainbridge Fieldhouse,17923,NA,NA,NA,NA,NA,NA,NA,NA,NA,Tennessee,Michigan,FALSE
401408608,2022-03-19,Tennessee,Michigan,85,1,9:00,1740,1740,Hunter Dickinson Steal.,18,17,1,0,0.7570647081084768,0.5300825886464002,4,4,7,136.5,"c(""Larry Scirotto"", "" Earl Walton"", "" Joe Lindsay"")","Indianapolis, IN",Gainbridge Fieldhouse,17923,NA,NA,NA,NA,NA,NA,NA,NA,NA,Tennessee,Michigan,FALSE
401408608,2022-03-19,Tennessee,Michigan,86,1,8:52,1732,1732,Foul on Kennedy Chandler.,18,17,1,8,0.7568356327230632,0.530194283697205,4,4,7,136.5,"c(""Larry Scirotto"", "" Earl Walton"", "" Joe Lindsay"")","Indianapolis, IN",Gainbridge Fieldhouse,17923,NA,NA,NA,NA,NA,NA,NA,NA,NA,Michigan,Michigan,FALSE
401408608,2022-03-19,Tennessee,Michigan,87,1,8:46,1726,1726,Hunter Dickinson missed Three Point Jumper.,18,17,1,6,0.7566633288902003,0.5302785867776377,4,4,7,136.5,"c(""Larry Scirotto"", "" Earl Walton"", "" Joe Lindsay"")","Indianapolis, IN",Gainbridge Fieldhouse,17923,NA,38,29.244444444444444,Michigan,missed,Hunter Dickinson,NA,TRUE,FALSE,Michigan,Michigan,FALSE
401408608,2022-03-19,Tennessee,Michigan,88,1,8:46,1726,1726,Moussa Diabate Offensive Rebound.,18,17,1,0,0.7566633288902003,0.5302785867776377,4,4,7,136.5,"c(""Larry Scirotto"", "" Earl Walton"", "" Joe Lindsay"")","Indianapolis, IN",Gainbridge Fieldhouse,17923,NA,NA,NA,NA,NA,NA,NA,NA,NA,Michigan,Michigan,FALSE
401408608,2022-03-19,Tennessee,Michigan,89,1,8:38,1718,1718,Terrance Williams II made Three Point Jumper. Assisted by DeVante' Jones.,18,20,-2,8,0.6831034450742404,0.4394402821995225,4,4,7,136.5,"c(""Larry Scirotto"", "" Earl Walton"", "" Joe Lindsay"")","Indianapolis, IN",Gainbridge Fieldhouse,17923,NA,1,2.088888888888889,Michigan,made,Terrance Williams II,DeVante' Jones,TRUE,FALSE,Michigan,Tennessee,FALSE
401408608,2022-03-19,Tennessee,Michigan,90,1,8:17,1697,1697,Zakai Zeigler made Layup.,20,20,0,21,0.7324328437679335,0.5,4,4,7,136.5,"c(""Larry Scirotto"", "" Earl Walton"", "" Joe Lindsay"")","Indianapolis, IN",Gainbridge Fieldhouse,17923,NA,28.999999999999996,85.85333333333332,Tennessee,made,Zakai Zeigler,NA,FALSE,FALSE,Tennessee,Michigan,FALSE
401408608,2022-03-19,Tennessee,Michigan,91,1,8:05,1685,1685,Moussa Diabate made Layup. Assisted by DeVante' Jones.,20,22,-2,12,0.6807347550772482,0.4384989343712446,4,4,7,136.5,"c(""Larry Scirotto"", "" Earl Walton"", "" Joe Lindsay"")","Indianapolis, IN",Gainbridge Fieldhouse,17923,NA,28,6.266666666666667,Michigan,made,Moussa Diabate,DeVante' Jones,FALSE,FALSE,Michigan,Tennessee,FALSE
401408608,2022-03-19,Tennessee,Michigan,92,1,7:55,1675,1675,Zakai Zeigler missed Jumper.,20,22,-2,10,0.6800061007650346,0.4382144213588923,4,4,7,136.5,"c(""Larry Scirotto"", "" Earl Walton"", "" Joe Lindsay"")","Indianapolis, IN",Gainbridge Fieldhouse,17923,NA,35,84.80888888888889,Tennessee,missed,Zakai Zeigler,NA,FALSE,FALSE,Tennessee,Michigan,FALSE
401408608,2022-03-19,Tennessee,Michigan,93,1,7:55,1675,1675,Michigan Defensive Rebound.,20,22,-2,0,0.6800061007650346,0.4382144213588923,4,4,7,136.5,"c(""Larry Scirotto"", "" Earl Walton"", "" Joe Lindsay"")","Indianapolis, IN",Gainbridge Fieldhouse,17923,NA,NA,NA,NA,NA,NA,NA,NA,NA,Tennessee,Michigan,FALSE
401408608,2022-03-19,Tennessee,Michigan,94,1,7:55,1675,1675,Official TV Timeout,20,22,-2,0,0.6800061007650346,0.4382144213588923,4,4,7,136.5,"c(""Larry Scirotto"", "" Earl Walton"", "" Joe Lindsay"")","Indianapolis, IN",Gainbridge Fieldhouse,17923,NA,NA,NA,NA,NA,NA,NA,NA,NA,Tennessee,Michigan,FALSE
401408608,2022-03-19,Tennessee,Michigan,95,1,7:44,1664,1664,Moussa Diabate missed Jumper.,20,22,-2,11,0.6791991708621353,0.43790599097705385,4,4,7,136.5,"c(""Larry Scirotto"", "" Earl Walton"", "" Joe Lindsay"")","Indianapolis, IN",Gainbridge Fieldhouse,17923,NA,27,11.488888888888887,Michigan,missed,Moussa Diabate,NA,FALSE,FALSE,Michigan,Tennessee,FALSE
401408608,2022-03-19,Tennessee,Michigan,96,1,7:44,1664,1664,Josiah-Jordan James Defensive Rebound.,20,22,-2,0,0.6791991708621353,0.43790599097705385,4,4,7,136.5,"c(""Larry Scirotto"", "" Earl Walton"", "" Joe Lindsay"")","Indianapolis, IN",Gainbridge Fieldhouse,17923,NA,NA,NA,NA,NA,NA,NA,NA,NA,Michigan,Tennessee,FALSE
401408608,2022-03-19,Tennessee,Michigan,97,1,7:28,1648,1648,Josiah-Jordan James missed Three Point Jumper.,20,22,-2,16,0.678015151490983,0.4374643940988438,4,4,7,136.5,"c(""Larry Scirotto"", "" Earl Walton"", "" Joe Lindsay"")","Indianapolis, IN",Gainbridge Fieldhouse,17923,NA,45,71.2311111111111,Tennessee,missed,Josiah-Jordan James,NA,TRUE,FALSE,Tennessee,Michigan,FALSE
401408608,2022-03-19,Tennessee,Michigan,98,1,7:28,1648,1648,Hunter Dickinson Defensive Rebound.,20,22,-2,0,0.678015151490983,0.4374643940988438,4,4,7,136.5,"c(""Larry Scirotto"", "" Earl Walton"", "" Joe Lindsay"")","Indianapolis, IN",Gainbridge Fieldhouse,17923,NA,NA,NA,NA,NA,NA,NA,NA,NA,Tennessee,Michigan,FALSE
401408608,2022-03-19,Tennessee,Michigan,99,1,7:18,1638,1638,Eli Brooks missed Three Point Jumper.,20,22,-2,10,0.6772688263165442,0.43719175449674724,4,4,7,136.5,"c(""Larry Scirotto"", "" Earl Walton"", "" Joe Lindsay"")","Indianapolis, IN",Gainbridge Fieldhouse,17923,NA,42,27.15555555555555,Michigan,missed,Eli Brooks,NA,TRUE,FALSE,Michigan,Tennessee,FALSE
401408608,2022-03-19,Tennessee,Michigan,100,1,7:18,1638,1638,Josiah-Jordan James Defensive Rebound.,20,22,-2,0,0.6772688263165442,0.43719175449674724,4,4,7,136.5,"c(""Larry Scirotto"", "" Earl Walton"", "" Joe Lindsay"")","Indianapolis, IN",Gainbridge Fieldhouse,17923,NA,NA,NA,NA,NA,NA,NA,NA,NA,Michigan,Tennessee,FALSE
401408608,2022-03-19,Tennessee,Michigan,101,1,6:52,1612,1612,Kennedy Chandler made Jumper.,22,22,0,26,0.7286325639480767,0.5,4,4,7,136.5,"c(""Larry Scirotto"", "" Earl Walton"", "" Joe Lindsay"")","Indianapolis, IN",Gainbridge Fieldhouse,17923,NA,9,75.4088888888889,Tennessee,made,Kennedy Chandler,NA,FALSE,FALSE,Tennessee,Michigan,FALSE
401408608,2022-03-19,Tennessee,Michigan,102,1,6:27,1587,1587,Hunter Dickinson made Jumper.,22,24,-2,25,0.6733842156885925,0.43581978930614085,4,4,7,136.5,"c(""Larry Scirotto"", "" Earl Walton"", "" Joe Lindsay"")","Indianapolis, IN",Gainbridge Fieldhouse,17923,NA,26,11.488888888888887,Michigan,made,Hunter Dickinson,NA,FALSE,FALSE,Michigan,Tennessee,FALSE
401408608,2022-03-19,Tennessee,Michigan,103,1,6:27,1587,1587,Foul on John Fulkerson.,22,24,-2,0,0.6733842156885925,0.43581978930614085,4,4,7,136.5,"c(""Larry Scirotto"", "" Earl Walton"", "" Joe Lindsay"")","Indianapolis, IN",Gainbridge Fieldhouse,17923,NA,NA,NA,NA,NA,NA,NA,NA,NA,Michigan,Michigan,FALSE
401408608,2022-03-19,Tennessee,Michigan,104,1,6:27,1587,1587,Hunter Dickinson missed Free Throw.,22,24,-2,0,0.6733842156885925,0.43581978930614085,4,4,7,136.5,"c(""Larry Scirotto"", "" Earl Walton"", "" Joe Lindsay"")","Indianapolis, IN",Gainbridge Fieldhouse,17923,NA,NA,NA,Michigan,missed,Hunter Dickinson,NA,NA,TRUE,Michigan,Tennessee,FALSE
401408608,2022-03-19,Tennessee,Michigan,105,1,6:27,1587,1587,Brandon Huntley-Hatfield Defensive Rebound.,22,24,-2,0,0.6733842156885925,0.43581978930614085,4,4,7,136.5,"c(""Larry Scirotto"", "" Earl Walton"", "" Joe Lindsay"")","Indianapolis, IN",Gainbridge Fieldhouse,17923,NA,NA,NA,NA,NA,NA,NA,NA,NA,Michigan,Tennessee,FALSE
401408608,2022-03-19,Tennessee,Michigan,106,1,6:06,1566,1566,Santiago Vescovi missed Three Point Jumper.,22,24,-2,21,0.6717451201720024,0.4352526420380632,4,4,7,136.5,"c(""Larry Scirotto"", "" Earl Walton"", "" Joe Lindsay"")","Indianapolis, IN",Gainbridge Fieldhouse,17923,NA,9,66.00888888888889,Tennessee,missed,Santiago Vescovi,NA,TRUE,FALSE,Tennessee,Michigan,FALSE
401408608,2022-03-19,Tennessee,Michigan,107,1,6:06,1566,1566,Frankie Collins Defensive Rebound.,22,24,-2,0,0.6717451201720024,0.4352526420380632,4,4,7,136.5,"c(""Larry Scirotto"", "" Earl Walton"", "" Joe Lindsay"")","Indianapolis, IN",Gainbridge Fieldhouse,17923,NA,NA,NA,NA,NA,NA,NA,NA,NA,Tennessee,Michigan,FALSE
401408608,2022-03-19,Tennessee,Michigan,108,1,5:57,1557,1557,Frankie Collins made Layup.,22,26,-4,9,0.6109770459611729,0.3721741921762299,4,4,7,136.5,"c(""Larry Scirotto"", "" Earl Walton"", "" Joe Lindsay"")","Indianapolis, IN",Gainbridge Fieldhouse,17923,NA,21.999999999999996,6.266666666666667,Michigan,made,Frankie Collins,NA,FALSE,FALSE,Michigan,Tennessee,FALSE
401408608,2022-03-19,Tennessee,Michigan,109,1,5:41,1541,1541,Foul on Frankie Collins.,22,26,-4,16,0.6091792848717713,0.37133500655131035,4,4,7,136.5,"c(""Larry Scirotto"", "" Earl Walton"", "" Joe Lindsay"")","Indianapolis, IN",Gainbridge Fieldhouse,17923,NA,NA,NA,NA,NA,NA,NA,NA,NA,Tennessee,Tennessee,FALSE
401408608,2022-03-19,Tennessee,Michigan,110,1,5:29,1529,1529,Kennedy Chandler Turnover.,22,26,-4,12,0.6078152349348005,0.3706956185086026,4,4,7,136.5,"c(""Larry Scirotto"", "" Earl Walton"", "" Joe Lindsay"")","Indianapolis, IN",Gainbridge Fieldhouse,17923,NA,NA,NA,NA,NA,NA,NA,NA,NA,Tennessee,Michigan,FALSE
401408608,2022-03-19,Tennessee,Michigan,111,1,5:22,1522,1522,Moussa Diabate made Layup. Assisted by Eli Brooks.,22,28,-6,7,0.5422357064779676,0.3108218413810634,4,4,7,136.5,"c(""Larry Scirotto"", "" Earl Walton"", "" Joe Lindsay"")","Indianapolis, IN",Gainbridge Fieldhouse,17923,NA,27,7.311111111111111,Michigan,made,Moussa Diabate,Eli Brooks,FALSE,FALSE,Michigan,Tennessee,FALSE
401408608,2022-03-19,Tennessee,Michigan,112,1,5:15,1515,1515,Zakai Zeigler made Jumper. Assisted by Kennedy Chandler.,24,28,-4,7,0.6062052626363497,0.369936244833351,4,4,7,136.5,"c(""Larry Scirotto"", "" Earl Walton"", "" Joe Lindsay"")","Indianapolis, IN",Gainbridge Fieldhouse,17923,NA,15,78.54222222222222,Tennessee,made,Zakai Zeigler,Kennedy Chandler,FALSE,FALSE,Tennessee,Michigan,FALSE
401408608,2022-03-19,Tennessee,Michigan,113,1,4:50,1490,1490,Moussa Diabate made Layup. Assisted by Hunter Dickinson.,24,30,-6,25,0.5374001112875112,0.30836920183209743,4,4,7,136.5,"c(""Larry Scirotto"", "" Earl Walton"", "" Joe Lindsay"")","Indianapolis, IN",Gainbridge Fieldhouse,17923,NA,28,6.266666666666667,Michigan,made,Moussa Diabate,Hunter Dickinson,FALSE,FALSE,Michigan,Tennessee,FALSE
401408608,2022-03-19,Tennessee,Michigan,114,1,4:50,1490,1490,Foul on Zakai Zeigler.,24,30,-6,0,0.5374001112875112,0.30836920183209743,4,4,7,136.5,"c(""Larry Scirotto"", "" Earl Walton"", "" Joe Lindsay"")","Indianapolis, IN",Gainbridge Fieldhouse,17923,NA,NA,NA,NA,NA,NA,NA,NA,NA,Michigan,Michigan,FALSE
401408608,2022-03-19,Tennessee,Michigan,115,1,4:50,1490,1490,Moussa Diabate missed Free Throw.,24,30,-6,0,0.5374001112875112,0.30836920183209743,4,4,7,136.5,"c(""Larry Scirotto"", "" Earl Walton"", "" Joe Lindsay"")","Indianapolis, IN",Gainbridge Fieldhouse,17923,NA,NA,NA,Michigan,missed,Moussa Diabate,NA,NA,TRUE,Michigan,Tennessee,FALSE
401408608,2022-03-19,Tennessee,Michigan,116,1,4:50,1490,1490,Uros Plavsic Defensive Rebound.,24,30,-6,0,0.5374001112875112,0.30836920183209743,4,4,7,136.5,"c(""Larry Scirotto"", "" Earl Walton"", "" Joe Lindsay"")","Indianapolis, IN",Gainbridge Fieldhouse,17923,NA,NA,NA,NA,NA,NA,NA,NA,NA,Michigan,Tennessee,FALSE
401408608,2022-03-19,Tennessee,Michigan,117,1,4:35,1475,1475,Foul on DeVante' Jones.,24,30,-6,15,0.5350698738736164,0.3071698893785901,4,4,7,136.5,"c(""Larry Scirotto"", "" Earl Walton"", "" Joe Lindsay"")","Indianapolis, IN",Gainbridge Fieldhouse,17923,NA,NA,NA,NA,NA,NA,NA,NA,NA,Tennessee,Tennessee,FALSE
401408608,2022-03-19,Tennessee,Michigan,118,1,4:35,1475,1475,Josiah-Jordan James made Free Throw.,25,30,-5,0,0.5685834974340606,0.33674805963210314,4,4,7,136.5,"c(""Larry Scirotto"", "" Earl Walton"", "" Joe Lindsay"")","Indianapolis, IN",Gainbridge Fieldhouse,17923,NA,NA,NA,Tennessee,made,Josiah-Jordan James,NA,NA,TRUE,Tennessee,Tennessee,FALSE
401408608,2022-03-19,Tennessee,Michigan,119,1,4:35,1475,1475,Josiah-Jordan James made Free Throw.,26,30,-4,0,0.6014806142336607,0.3676629604500523,4,4,7,136.5,"c(""Larry Scirotto"", "" Earl Walton"", "" Joe Lindsay"")","Indianapolis, IN",Gainbridge Fieldhouse,17923,NA,NA,NA,Tennessee,made,Josiah-Jordan James,NA,NA,TRUE,Tennessee,Michigan,FALSE
401408608,2022-03-19,Tennessee,Michigan,120,1,4:34,1474,1474,Terrance Williams II Turnover.,26,30,-4,1,0.6013599003802315,0.3676037832054188,4,4,7,136.5,"c(""Larry Scirotto"", "" Earl Walton"", "" Joe Lindsay"")","Indianapolis, IN",Gainbridge Fieldhouse,17923,NA,NA,NA,NA,NA,NA,NA,NA,NA,Michigan,Tennessee,FALSE
401408608,2022-03-19,Tennessee,Michigan,121,1,4:34,1474,1474,Uros Plavsic Steal.,26,30,-4,0,0.6013599003802315,0.3676037832054188,4,4,7,136.5,"c(""Larry Scirotto"", "" Earl Walton"", "" Joe Lindsay"")","Indianapolis, IN",Gainbridge Fieldhouse,17923,NA,NA,NA,NA,NA,NA,NA,NA,NA,Michigan,Tennessee,FALSE
401408608,2022-03-19,Tennessee,Michigan,122,1,4:17,1457,1457,Josiah-Jordan James missed Three Point Jumper.,26,30,-4,17,0.5992865558466745,0.36657731141441435,4,4,7,136.5,"c(""Larry Scirotto"", "" Earl Walton"", "" Joe Lindsay"")","Indianapolis, IN",Gainbridge Fieldhouse,17923,NA,47,74.36444444444444,Tennessee,missed,Josiah-Jordan James,NA,TRUE,FALSE,Tennessee,Tennessee,FALSE
401408608,2022-03-19,Tennessee,Michigan,123,1,4:17,1457,1457,Josiah-Jordan James Offensive Rebound.,26,30,-4,0,0.5992865558466745,0.36657731141441435,4,4,7,136.5,"c(""Larry Scirotto"", "" Earl Walton"", "" Joe Lindsay"")","Indianapolis, IN",Gainbridge Fieldhouse,17923,NA,NA,NA,NA,NA,NA,NA,NA,NA,Tennessee,Tennessee,FALSE
401408608,2022-03-19,Tennessee,Michigan,124,1,4:10,1450,1450,Kennedy Chandler made Three Point Jumper. Assisted by Josiah-Jordan James.,29,30,-1,7,0.6922138383638063,0.46575366511593214,4,4,7,136.5,"c(""Larry Scirotto"", "" Earl Walton"", "" Joe Lindsay"")","Indianapolis, IN",Gainbridge Fieldhouse,17923,NA,2,79.58666666666667,Tennessee,made,Kennedy Chandler,Josiah-Jordan James,TRUE,FALSE,Tennessee,Michigan,FALSE
401408608,2022-03-19,Tennessee,Michigan,125,1,3:57,1437,1437,Eli Brooks missed Layup.,29,30,-1,13,0.6913403789304288,0.46553864748303486,4,4,7,136.5,"c(""Larry Scirotto"", "" Earl Walton"", "" Joe Lindsay"")","Indianapolis, IN",Gainbridge Fieldhouse,17923,NA,21.000000000000004,6.266666666666667,Michigan,missed,Eli Brooks,NA,FALSE,FALSE,Michigan,Michigan,FALSE
401408608,2022-03-19,Tennessee,Michigan,126,1,3:57,1437,1437,Moussa Diabate Offensive Rebound.,29,30,-1,0,0.6913403789304288,0.46553864748303486,4,4,7,136.5,"c(""Larry Scirotto"", "" Earl Walton"", "" Joe Lindsay"")","Indianapolis, IN",Gainbridge Fieldhouse,17923,NA,NA,NA,NA,NA,NA,NA,NA,NA,Michigan,Michigan,FALSE
401408608,2022-03-19,Tennessee,Michigan,127,1,3:55,1435,1435,Moussa Diabate missed Layup.,29,30,-1,2,0.6912055797828277,0.465506089226042,4,4,7,136.5,"c(""Larry Scirotto"", "" Earl Walton"", "" Joe Lindsay"")","Indianapolis, IN",Gainbridge Fieldhouse,17923,NA,28,7.311111111111111,Michigan,missed,Moussa Diabate,NA,FALSE,FALSE,Michigan,Tennessee,FALSE
401408608,2022-03-19,Tennessee,Michigan,128,1,3:55,1435,1435,Tennessee Defensive Rebound.,29,30,-1,0,0.6912055797828277,0.465506089226042,4,4,7,136.5,"c(""Larry Scirotto"", "" Earl Walton"", "" Joe Lindsay"")","Indianapolis, IN",Gainbridge Fieldhouse,17923,NA,NA,NA,NA,NA,NA,NA,NA,NA,Michigan,Tennessee,FALSE
401408608,2022-03-19,Tennessee,Michigan,129,1,3:54,1434,1434,Official TV Timeout,29,30,-1,1,0.6911381370811405,0.46548985831507333,4,4,7,136.5,"c(""Larry Scirotto"", "" Earl Walton"", "" Joe Lindsay"")","Indianapolis, IN",Gainbridge Fieldhouse,17923,NA,NA,NA,NA,NA,NA,NA,NA,NA,Tennessee,Tennessee,FALSE
401408608,2022-03-19,Tennessee,Michigan,130,1,3:37,1417,1417,Uros Plavsic missed Layup.,29,30,-1,17,0.689987077669564,0.4652183512489759,4,4,7,136.5,"c(""Larry Scirotto"", "" Earl Walton"", "" Joe Lindsay"")","Indianapolis, IN",Gainbridge Fieldhouse,17923,NA,21,86.89777777777778,Tennessee,missed,Uros Plavsic,NA,FALSE,FALSE,Tennessee,Tennessee,FALSE
401408608,2022-03-19,Tennessee,Michigan,131,1,3:37,1417,1417,Moussa Diabate Block.,29,30,-1,0,0.689987077669564,0.4652183512489759,4,4,7,136.5,"c(""Larry Scirotto"", "" Earl Walton"", "" Joe Lindsay"")","Indianapolis, IN",Gainbridge Fieldhouse,17923,NA,NA,NA,NA,NA,NA,NA,NA,NA,Tennessee,Tennessee,FALSE
401408608,2022-03-19,Tennessee,Michigan,132,1,3:37,1417,1417,Tennessee Offensive Rebound.,29,30,-1,0,0.689987077669564,0.4652183512489759,4,4,7,136.5,"c(""Larry Scirotto"", "" Earl Walton"", "" Joe Lindsay"")","Indianapolis, IN",Gainbridge Fieldhouse,17923,NA,NA,NA,NA,NA,NA,NA,NA,NA,Tennessee,Tennessee,FALSE
401408608,2022-03-19,Tennessee,Michigan,133,1,3:34,1414,1414,Santiago Vescovi missed Three Point Jumper.,29,30,-1,3,0.6897830328707988,0.4651712017118732,4,4,7,136.5,"c(""Larry Scirotto"", "" Earl Walton"", "" Joe Lindsay"")","Indianapolis, IN",Gainbridge Fieldhouse,17923,NA,32,61.8311111111111,Tennessee,missed,Santiago Vescovi,NA,TRUE,FALSE,Tennessee,Michigan,FALSE
401408608,2022-03-19,Tennessee,Michigan,134,1,3:34,1414,1414,Moussa Diabate Defensive Rebound.,29,30,-1,0,0.6897830328707988,0.4651712017118732,4,4,7,136.5,"c(""Larry Scirotto"", "" Earl Walton"", "" Joe Lindsay"")","Indianapolis, IN",Gainbridge Fieldhouse,17923,NA,NA,NA,NA,NA,NA,NA,NA,NA,Tennessee,Michigan,FALSE
401408608,2022-03-19,Tennessee,Michigan,135,1,3:13,1393,1393,Eli Brooks missed Jumper.,29,30,-1,21,0.6883465620725158,0.46484588118732534,4,4,7,136.5,"c(""Larry Scirotto"", "" Earl Walton"", "" Joe Lindsay"")","Indianapolis, IN",Gainbridge Fieldhouse,17923,NA,25,13.577777777777776,Michigan,missed,Eli Brooks,NA,FALSE,FALSE,Michigan,Tennessee,FALSE
401408608,2022-03-19,Tennessee,Michigan,136,1,3:13,1393,1393,Uros Plavsic Defensive Rebound.,29,30,-1,0,0.6883465620725158,0.46484588118732534,4,4,7,136.5,"c(""Larry Scirotto"", "" Earl Walton"", "" Joe Lindsay"")","Indianapolis, IN",Gainbridge Fieldhouse,17923,NA,NA,NA,NA,NA,NA,NA,NA,NA,Michigan,Tennessee,FALSE
401408608,2022-03-19,Tennessee,Michigan,137,1,3:03,1383,1383,Kennedy Chandler made Jumper.,31,30,1,10,0.7449991667339777,0.5353069866007617,4,4,7,136.5,"c(""Larry Scirotto"", "" Earl Walton"", "" Joe Lindsay"")","Indianapolis, IN",Gainbridge Fieldhouse,17923,NA,32,68.09777777777778,Tennessee,made,Kennedy Chandler,NA,FALSE,FALSE,Tennessee,Michigan,FALSE
401408608,2022-03-19,Tennessee,Michigan,138,1,2:31,1351,1351,Hunter Dickinson made Jumper. Assisted by Eli Brooks.,31,32,-1,32,0.685426895791148,0.4642058012664251,4,4,7,136.5,"c(""Larry Scirotto"", "" Earl Walton"", "" Joe Lindsay"")","Indianapolis, IN",Gainbridge Fieldhouse,17923,NA,21.000000000000004,20.888888888888886,Michigan,made,Hunter Dickinson,Eli Brooks,FALSE,FALSE,Michigan,Tennessee,FALSE
401408608,2022-03-19,Tennessee,Michigan,139,1,2:11,1331,1331,Santiago Vescovi made Three Point Jumper. Assisted by Kennedy Chandler.,34,32,2,20,0.7696360858057434,0.5718303995338936,4,4,7,136.5,"c(""Larry Scirotto"", "" Earl Walton"", "" Joe Lindsay"")","Indianapolis, IN",Gainbridge Fieldhouse,17923,NA,17,62.87555555555555,Tennessee,made,Santiago Vescovi,Kennedy Chandler,TRUE,FALSE,Tennessee,Michigan,FALSE
401408608,2022-03-19,Tennessee,Michigan,140,1,1:43,1303,1303,DeVante' Jones Turnover.,34,32,2,28,0.7689420040499302,0.5727067127548495,4,4,7,136.5,"c(""Larry Scirotto"", "" Earl Walton"", "" Joe Lindsay"")","Indianapolis, IN",Gainbridge Fieldhouse,17923,NA,NA,NA,NA,NA,NA,NA,NA,NA,Michigan,Tennessee,FALSE
401408608,2022-03-19,Tennessee,Michigan,141,1,1:26,1286,1286,Uros Plavsic missed Jumper.,34,32,2,17,0.7685335195758275,0.5732617983107366,4,4,7,136.5,"c(""Larry Scirotto"", "" Earl Walton"", "" Joe Lindsay"")","Indianapolis, IN",Gainbridge Fieldhouse,17923,NA,35,84.80888888888889,Tennessee,missed,Uros Plavsic,NA,FALSE,FALSE,Tennessee,Michigan,FALSE
401408608,2022-03-19,Tennessee,Michigan,142,1,1:26,1286,1286,Hunter Dickinson Defensive Rebound.,34,32,2,0,0.7685335195758275,0.5732617983107366,4,4,7,136.5,"c(""Larry Scirotto"", "" Earl Walton"", "" Joe Lindsay"")","Indianapolis, IN",Gainbridge Fieldhouse,17923,NA,NA,NA,NA,NA,NA,NA,NA,NA,Tennessee,Michigan,FALSE
401408608,2022-03-19,Tennessee,Michigan,143,1,1:16,1276,1276,Eli Brooks Turnover.,34,32,2,10,0.7683001557959217,0.5735988234035153,4,4,7,136.5,"c(""Larry Scirotto"", "" Earl Walton"", "" Joe Lindsay"")","Indianapolis, IN",Gainbridge Fieldhouse,17923,NA,NA,NA,NA,NA,NA,NA,NA,NA,Michigan,Tennessee,FALSE
401408608,2022-03-19,Tennessee,Michigan,144,1,0:55,1255,1255,Kennedy Chandler missed Three Point Jumper.,34,32,2,21,0.7678317708895886,0.574336887301875,4,4,7,136.5,"c(""Larry Scirotto"", "" Earl Walton"", "" Joe Lindsay"")","Indianapolis, IN",Gainbridge Fieldhouse,17923,NA,36,61.8311111111111,Tennessee,missed,Kennedy Chandler,NA,TRUE,FALSE,Tennessee,Michigan,FALSE
401408608,2022-03-19,Tennessee,Michigan,145,1,0:55,1255,1255,Eli Brooks Defensive Rebound.,34,32,2,0,0.7678317708895886,0.574336887301875,4,4,7,136.5,"c(""Larry Scirotto"", "" Earl Walton"", "" Joe Lindsay"")","Indianapolis, IN",Gainbridge Fieldhouse,17923,NA,NA,NA,NA,NA,NA,NA,NA,NA,Tennessee,Michigan,FALSE
401408608,2022-03-19,Tennessee,Michigan,146,1,0:47,1247,1247,Caleb Houstan Turnover.,34,32,2,8,0.7676625142565039,0.574630297799361,4,4,7,136.5,"c(""Larry Scirotto"", "" Earl Walton"", "" Joe Lindsay"")","Indianapolis, IN",Gainbridge Fieldhouse,17923,NA,NA,NA,NA,NA,NA,NA,NA,NA,Michigan,Tennessee,FALSE
401408608,2022-03-19,Tennessee,Michigan,147,1,0:40,1240,1240,Uros Plavsic made Dunk. Assisted by Kennedy Chandler.,36,32,4,7,0.8170069549040035,0.6464994934675644,4,4,7,136.5,"c(""Larry Scirotto"", "" Earl Walton"", "" Joe Lindsay"")","Indianapolis, IN",Gainbridge Fieldhouse,17923,NA,22,85.85333333333332,Tennessee,made,Uros Plavsic,Kennedy Chandler,FALSE,FALSE,Tennessee,Michigan,FALSE
401408608,2022-03-19,Tennessee,Michigan,148,1,0:40,1240,1240,Foul on Caleb Houstan.,36,32,4,0,0.8170069549040035,0.6464994934675644,4,4,7,136.5,"c(""Larry Scirotto"", "" Earl Walton"", "" Joe Lindsay"")","Indianapolis, IN",Gainbridge Fieldhouse,17923,NA,NA,NA,NA,NA,NA,NA,NA,NA,Tennessee,Michigan,FALSE
401408608,2022-03-19,Tennessee,Michigan,149,1,0:40,1240,1240,Uros Plavsic made Free Throw.,37,32,5,0,0.8385016109089591,0.6801822273590818,4,4,7,136.5,"c(""Larry Scirotto"", "" Earl Walton"", "" Joe Lindsay"")","Indianapolis, IN",Gainbridge Fieldhouse,17923,NA,NA,NA,Tennessee,made,Uros Plavsic,NA,NA,TRUE,Tennessee,Michigan,FALSE
401408608,2022-03-19,Tennessee,Michigan,150,1,0:36,1236,1236,Michigan  Timeout,37,32,5,4,0.8385681677479948,0.6805224400264821,3,4,7,136.5,"c(""Larry Scirotto"", "" Earl Walton"", "" Joe Lindsay"")","Indianapolis, IN",Gainbridge Fieldhouse,17923,NA,NA,NA,NA,NA,NA,NA,NA,NA,Michigan,Michigan,FALSE
401408608,2022-03-19,Tennessee,Michigan,151,1,0:27,1227,1227,Eli Brooks Turnover.,37,32,5,9,0.8387287961450249,0.681304149634333,3,4,7,136.5,"c(""Larry Scirotto"", "" Earl Walton"", "" Joe Lindsay"")","Indianapolis, IN",Gainbridge Fieldhouse,17923,NA,NA,NA,NA,NA,NA,NA,NA,NA,Michigan,Tennessee,FALSE
401408608,2022-03-19,Tennessee,Michigan,152,1,0:02,1202,1202,Josiah-Jordan James missed Three Point Jumper.,37,32,5,25,0.839251175782286,0.6835866550048447,3,4,7,136.5,"c(""Larry Scirotto"", "" Earl Walton"", "" Joe Lindsay"")","Indianapolis, IN",Gainbridge Fieldhouse,17923,NA,12,64.96444444444444,Tennessee,missed,Josiah-Jordan James,NA,TRUE,FALSE,Tennessee,Tennessee,FALSE
401408608,2022-03-19,Tennessee,Michigan,153,1,0:02,1202,1202,Victor Bailey Jr. Offensive Rebound.,37,32,5,0,0.839251175782286,0.6835866550048447,3,4,7,136.5,"c(""Larry Scirotto"", "" Earl Walton"", "" Joe Lindsay"")","Indianapolis, IN",Gainbridge Fieldhouse,17923,NA,NA,NA,NA,NA,NA,NA,NA,NA,Tennessee,Tennessee,FALSE
401408608,2022-03-19,Tennessee,Michigan,154,1,0:00,1200,1200,End of 1st half,37,32,5,2,0.8392938066241737,0.6837696278036713,3,4,7,136.5,"c(""Larry Scirotto"", "" Earl Walton"", "" Joe Lindsay"")","Indianapolis, IN",Gainbridge Fieldhouse,17923,NA,NA,NA,NA,NA,NA,NA,NA,NA,Tennessee,NA,FALSE
401408608,2022-03-19,Tennessee,Michigan,155,2,20:00,1200,1200,PLAY,37,32,5,0,0.8392938066241737,0.6837696278036713,4,4,7,136.5,"c(""Larry Scirotto"", "" Earl Walton"", "" Joe Lindsay"")","Indianapolis, IN",Gainbridge Fieldhouse,17923,NA,NA,NA,NA,NA,NA,NA,NA,NA,NA,Michigan,FALSE
401408608,2022-03-19,Tennessee,Michigan,156,2,20:00,1200,1200,Jump Ball won by Michigan,37,32,5,0,0.8392938066241737,0.6837696278036713,4,4,7,136.5,"c(""Larry Scirotto"", "" Earl Walton"", "" Joe Lindsay"")","Indianapolis, IN",Gainbridge Fieldhouse,17923,NA,NA,NA,NA,NA,NA,NA,NA,NA,Michigan,Michigan,FALSE
401408608,2022-03-19,Tennessee,Michigan,157,2,19:49,1189,1189,Hunter Dickinson made Jumper. Assisted by Moussa Diabate.,37,34,3,11,0.7932085044706432,0.6143057500313388,4,4,7,136.5,"c(""Larry Scirotto"", "" Earl Walton"", "" Joe Lindsay"")","Indianapolis, IN",Gainbridge Fieldhouse,17923,NA,21.999999999999996,9.399999999999999,Michigan,made,Hunter Dickinson,Moussa Diabate,FALSE,FALSE,Michigan,Tennessee,FALSE
401408608,2022-03-19,Tennessee,Michigan,158,2,19:25,1165,1165,Santiago Vescovi Turnover.,37,34,3,24,0.7931371373100872,0.6156927998796197,4,4,7,136.5,"c(""Larry Scirotto"", "" Earl Walton"", "" Joe Lindsay"")","Indianapolis, IN",Gainbridge Fieldhouse,17923,NA,NA,NA,NA,NA,NA,NA,NA,NA,Tennessee,Michigan,FALSE
401408608,2022-03-19,Tennessee,Michigan,159,2,19:25,1165,1165,Caleb Houstan Steal.,37,34,3,0,0.7931371373100872,0.6156927998796197,4,4,7,136.5,"c(""Larry Scirotto"", "" Earl Walton"", "" Joe Lindsay"")","Indianapolis, IN",Gainbridge Fieldhouse,17923,NA,NA,NA,NA,NA,NA,NA,NA,NA,Tennessee,Michigan,FALSE
401408608,2022-03-19,Tennessee,Michigan,160,2,18:58,1138,1138,Caleb Houstan Turnover.,37,34,3,27,0.7930413648448433,0.617217016219744,4,4,7,136.5,"c(""Larry Scirotto"", "" Earl Walton"", "" Joe Lindsay"")","Indianapolis, IN",Gainbridge Fieldhouse,17923,NA,NA,NA,NA,NA,NA,NA,NA,NA,Michigan,Tennessee,FALSE
401408608,2022-03-19,Tennessee,Michigan,161,2,18:58,1138,1138,Josiah-Jordan James Steal.,37,34,3,0,0.7930413648448433,0.617217016219744,4,4,7,136.5,"c(""Larry Scirotto"", "" Earl Walton"", "" Joe Lindsay"")","Indianapolis, IN",Gainbridge Fieldhouse,17923,NA,NA,NA,NA,NA,NA,NA,NA,NA,Michigan,Tennessee,FALSE
401408608,2022-03-19,Tennessee,Michigan,162,2,18:58,1138,1138,Jump Ball won by Tennessee,37,34,3,0,0.7930413648448433,0.617217016219744,4,4,7,136.5,"c(""Larry Scirotto"", "" Earl Walton"", "" Joe Lindsay"")","Indianapolis, IN",Gainbridge Fieldhouse,17923,NA,NA,NA,NA,NA,NA,NA,NA,NA,Michigan,Tennessee,FALSE
401408608,2022-03-19,Tennessee,Michigan,163,2,18:42,1122,1122,Uros Plavsic made Jumper. Assisted by Josiah-Jordan James.,39,34,5,16,0.8407815399386526,0.6905317252559572,4,4,7,136.5,"c(""Larry Scirotto"", "" Earl Walton"", "" Joe Lindsay"")","Indianapolis, IN",Gainbridge Fieldhouse,17923,NA,23,82.72,Tennessee,made,Uros Plavsic,Josiah-Jordan James,FALSE,FALSE,Tennessee,Michigan,FALSE
401408608,2022-03-19,Tennessee,Michigan,164,2,18:29,1109,1109,Hunter Dickinson made Layup. Assisted by Eli Brooks.,39,36,3,13,0.7929427055153704,0.6188534316184163,4,4,7,136.5,"c(""Larry Scirotto"", "" Earl Walton"", "" Joe Lindsay"")","Indianapolis, IN",Gainbridge Fieldhouse,17923,NA,28,5.222222222222221,Michigan,made,Hunter Dickinson,Eli Brooks,FALSE,FALSE,Michigan,Tennessee,FALSE
401408608,2022-03-19,Tennessee,Michigan,165,2,18:29,1109,1109,Foul on Uros Plavsic.,39,36,3,0,0.7929427055153704,0.6188534316184163,4,4,7,136.5,"c(""Larry Scirotto"", "" Earl Walton"", "" Joe Lindsay"")","Indianapolis, IN",Gainbridge Fieldhouse,17923,NA,NA,NA,NA,NA,NA,NA,NA,NA,Michigan,Michigan,FALSE
401408608,2022-03-19,Tennessee,Michigan,166,2,18:29,1109,1109,Hunter Dickinson made Free Throw.,39,37,2,0,0.7651624094036906,0.580085156712596,4,4,7,136.5,"c(""Larry Scirotto"", "" Earl Walton"", "" Joe Lindsay"")","Indianapolis, IN",Gainbridge Fieldhouse,17923,NA,NA,NA,Michigan,made,Hunter Dickinson,NA,NA,TRUE,Michigan,Tennessee,FALSE
401408608,2022-03-19,Tennessee,Michigan,167,2,18:15,1095,1095,Brandon Huntley-Hatfield made Jumper. Assisted by Santiago Vescovi.,41,37,4,14,0.8183511998514715,0.657188140317836,4,4,7,136.5,"c(""Larry Scirotto"", "" Earl Walton"", "" Joe Lindsay"")","Indianapolis, IN",Gainbridge Fieldhouse,17923,NA,31,72.27555555555554,Tennessee,made,Brandon Huntley-Hatfield,Santiago Vescovi,FALSE,FALSE,Tennessee,Michigan,FALSE
401408608,2022-03-19,Tennessee,Michigan,168,2,18:07,1087,1087,Frankie Collins missed Jumper.,41,37,4,8,0.8184328313446922,0.6577816942487171,4,4,7,136.5,"c(""Larry Scirotto"", "" Earl Walton"", "" Joe Lindsay"")","Indianapolis, IN",Gainbridge Fieldhouse,17923,NA,21.999999999999996,9.399999999999999,Michigan,missed,Frankie Collins,NA,FALSE,FALSE,Michigan,Michigan,FALSE
401408608,2022-03-19,Tennessee,Michigan,169,2,18:07,1087,1087,Hunter Dickinson Offensive Rebound.,41,37,4,0,0.8184328313446922,0.6577816942487171,4,4,7,136.5,"c(""Larry Scirotto"", "" Earl Walton"", "" Joe Lindsay"")","Indianapolis, IN",Gainbridge Fieldhouse,17923,NA,NA,NA,NA,NA,NA,NA,NA,NA,Michigan,Michigan,FALSE
401408608,2022-03-19,Tennessee,Michigan,170,2,18:05,1085,1085,Foul on Kennedy Chandler.,41,37,4,2,0.8184539372996118,0.6579312233650431,4,4,7,136.5,"c(""Larry Scirotto"", "" Earl Walton"", "" Joe Lindsay"")","Indianapolis, IN",Gainbridge Fieldhouse,17923,NA,NA,NA,NA,NA,NA,NA,NA,NA,Michigan,Michigan,FALSE
401408608,2022-03-19,Tennessee,Michigan,171,2,18:05,1085,1085,Hunter Dickinson made Free Throw.,41,38,3,0,0.7928819724743603,0.6202398615766812,4,4,7,136.5,"c(""Larry Scirotto"", "" Earl Walton"", "" Joe Lindsay"")","Indianapolis, IN",Gainbridge Fieldhouse,17923,NA,NA,NA,Michigan,made,Hunter Dickinson,NA,NA,TRUE,Michigan,Michigan,FALSE
401408608,2022-03-19,Tennessee,Michigan,172,2,18:05,1085,1085,Hunter Dickinson made Free Throw.,41,39,2,0,0.7647433813586642,0.5810400342426023,4,4,7,136.5,"c(""Larry Scirotto"", "" Earl Walton"", "" Joe Lindsay"")","Indianapolis, IN",Gainbridge Fieldhouse,17923,NA,NA,NA,Michigan,made,Hunter Dickinson,NA,NA,TRUE,Michigan,Tennessee,FALSE
401408608,2022-03-19,Tennessee,Michigan,173,2,17:52,1072,1072,Brandon Huntley-Hatfield made Jumper. Assisted by Josiah-Jordan James.,43,39,4,13,0.8185989304305601,0.6589160885367052,4,4,7,136.5,"c(""Larry Scirotto"", "" Earl Walton"", "" Joe Lindsay"")","Indianapolis, IN",Gainbridge Fieldhouse,17923,NA,21,81.67555555555555,Tennessee,made,Brandon Huntley-Hatfield,Josiah-Jordan James,FALSE,FALSE,Tennessee,Michigan,FALSE
401408608,2022-03-19,Tennessee,Michigan,174,2,17:28,1048,1048,Hunter Dickinson made Jumper.,43,41,2,24,0.7641436031211307,0.5825976818595339,4,4,7,136.5,"c(""Larry Scirotto"", "" Earl Walton"", "" Joe Lindsay"")","Indianapolis, IN",Gainbridge Fieldhouse,17923,NA,34,6.266666666666667,Michigan,made,Hunter Dickinson,NA,FALSE,FALSE,Michigan,Tennessee,FALSE
401408608,2022-03-19,Tennessee,Michigan,175,2,16:59,1019,1019,Uros Plavsic made Jumper. Assisted by Kennedy Chandler.,45,41,4,29,0.8193826991450435,0.6632579710389936,4,4,7,136.5,"c(""Larry Scirotto"", "" Earl Walton"", "" Joe Lindsay"")","Indianapolis, IN",Gainbridge Fieldhouse,17923,NA,28.999999999999996,77.49777777777777,Tennessee,made,Uros Plavsic,Kennedy Chandler,FALSE,FALSE,Tennessee,Michigan,FALSE
401408608,2022-03-19,Tennessee,Michigan,176,2,16:47,1007,1007,Caleb Houstan missed Three Point Jumper.,45,41,4,12,0.8196164765952624,0.6643378481158143,4,4,7,136.5,"c(""Larry Scirotto"", "" Earl Walton"", "" Joe Lindsay"")","Indianapolis, IN",Gainbridge Fieldhouse,17923,NA,5,21.93333333333333,Michigan,missed,Caleb Houstan,NA,TRUE,FALSE,Michigan,Tennessee,FALSE
401408608,2022-03-19,Tennessee,Michigan,177,2,16:47,1007,1007,Uros Plavsic Defensive Rebound.,45,41,4,0,0.8196164765952624,0.6643378481158143,4,4,7,136.5,"c(""Larry Scirotto"", "" Earl Walton"", "" Joe Lindsay"")","Indianapolis, IN",Gainbridge Fieldhouse,17923,NA,NA,NA,NA,NA,NA,NA,NA,NA,Michigan,Tennessee,FALSE
401408608,2022-03-19,Tennessee,Michigan,178,2,16:35,995,995,Josiah-Jordan James missed Three Point Jumper.,45,41,4,12,0.8198758675327859,0.6654620782530389,4,4,7,136.5,"c(""Larry Scirotto"", "" Earl Walton"", "" Joe Lindsay"")","Indianapolis, IN",Gainbridge Fieldhouse,17923,NA,47,87.94222222222221,Tennessee,missed,Josiah-Jordan James,NA,TRUE,FALSE,Tennessee,Tennessee,FALSE
401408608,2022-03-19,Tennessee,Michigan,179,2,16:35,995,995,Brandon Huntley-Hatfield Offensive Rebound.,45,41,4,0,0.8198758675327859,0.6654620782530389,4,4,7,136.5,"c(""Larry Scirotto"", "" Earl Walton"", "" Joe Lindsay"")","Indianapolis, IN",Gainbridge Fieldhouse,17923,NA,NA,NA,NA,NA,NA,NA,NA,NA,Tennessee,Tennessee,FALSE
401408608,2022-03-19,Tennessee,Michigan,180,2,16:19,979,979,Uros Plavsic missed Jumper.,45,41,4,16,0.820265401673112,0.6670368771396497,4,4,7,136.5,"c(""Larry Scirotto"", "" Earl Walton"", "" Joe Lindsay"")","Indianapolis, IN",Gainbridge Fieldhouse,17923,NA,28.000000000000004,80.6311111111111,Tennessee,missed,Uros Plavsic,NA,FALSE,FALSE,Tennessee,Michigan,FALSE
401408608,2022-03-19,Tennessee,Michigan,181,2,16:19,979,979,Frankie Collins Defensive Rebound.,45,41,4,0,0.820265401673112,0.6670368771396497,4,4,7,136.5,"c(""Larry Scirotto"", "" Earl Walton"", "" Joe Lindsay"")","Indianapolis, IN",Gainbridge Fieldhouse,17923,NA,NA,NA,NA,NA,NA,NA,NA,NA,Tennessee,Michigan,FALSE
401408608,2022-03-19,Tennessee,Michigan,182,2,16:11,971,971,Eli Brooks made Three Point Jumper. Assisted by Frankie Collins.,45,44,1,8,0.7302154421930062,0.543546841203459,4,4,7,136.5,"c(""Larry Scirotto"", "" Earl Walton"", "" Joe Lindsay"")","Indianapolis, IN",Gainbridge Fieldhouse,17923,NA,8,25.066666666666666,Michigan,made,Eli Brooks,Frankie Collins,TRUE,FALSE,Michigan,Tennessee,FALSE
401408608,2022-03-19,Tennessee,Michigan,183,2,15:54,954,954,Santiago Vescovi missed Three Point Jumper.,45,44,1,17,0.7296724236308211,0.5440236724258861,4,4,7,136.5,"c(""Larry Scirotto"", "" Earl Walton"", "" Joe Lindsay"")","Indianapolis, IN",Gainbridge Fieldhouse,17923,NA,10,66.00888888888889,Tennessee,missed,Santiago Vescovi,NA,TRUE,FALSE,Tennessee,Michigan,FALSE
401408608,2022-03-19,Tennessee,Michigan,184,2,15:54,954,954,Hunter Dickinson Defensive Rebound.,45,44,1,0,0.7296724236308211,0.5440236724258861,4,4,7,136.5,"c(""Larry Scirotto"", "" Earl Walton"", "" Joe Lindsay"")","Indianapolis, IN",Gainbridge Fieldhouse,17923,NA,NA,NA,NA,NA,NA,NA,NA,NA,Tennessee,Michigan,FALSE
401408608,2022-03-19,Tennessee,Michigan,185,2,15:34,934,934,Hunter Dickinson missed Layup.,45,44,1,20,0.7290523367889777,0.5445325686530356,4,4,7,136.5,"c(""Larry Scirotto"", "" Earl Walton"", "" Joe Lindsay"")","Indianapolis, IN",Gainbridge Fieldhouse,17923,NA,28,7.311111111111111,Michigan,missed,Hunter Dickinson,NA,FALSE,FALSE,Michigan,Tennessee,FALSE
401408608,2022-03-19,Tennessee,Michigan,186,2,15:34,934,934,Uros Plavsic Block.,45,44,1,0,0.7290523367889777,0.5445325686530356,4,4,7,136.5,"c(""Larry Scirotto"", "" Earl Walton"", "" Joe Lindsay"")","Indianapolis, IN",Gainbridge Fieldhouse,17923,NA,NA,NA,NA,NA,NA,NA,NA,NA,Michigan,Tennessee,FALSE
401408608,2022-03-19,Tennessee,Michigan,187,2,15:34,934,934,Santiago Vescovi Defensive Rebound.,45,44,1,0,0.7290523367889777,0.5445325686530356,4,4,7,136.5,"c(""Larry Scirotto"", "" Earl Walton"", "" Joe Lindsay"")","Indianapolis, IN",Gainbridge Fieldhouse,17923,NA,NA,NA,NA,NA,NA,NA,NA,NA,Michigan,Tennessee,FALSE
401408608,2022-03-19,Tennessee,Michigan,188,2,15:16,916,916,Brandon Huntley-Hatfield missed Jumper.,45,44,1,18,0.728509252888059,0.5449547927732323,4,4,7,136.5,"c(""Larry Scirotto"", "" Earl Walton"", "" Joe Lindsay"")","Indianapolis, IN",Gainbridge Fieldhouse,17923,NA,21,78.54222222222222,Tennessee,missed,Brandon Huntley-Hatfield,NA,FALSE,FALSE,Tennessee,Michigan,FALSE
401408608,2022-03-19,Tennessee,Michigan,189,2,15:16,916,916,Moussa Diabate Defensive Rebound.,45,44,1,0,0.728509252888059,0.5449547927732323,4,4,7,136.5,"c(""Larry Scirotto"", "" Earl Walton"", "" Joe Lindsay"")","Indianapolis, IN",Gainbridge Fieldhouse,17923,NA,NA,NA,NA,NA,NA,NA,NA,NA,Tennessee,Michigan,FALSE
401408608,2022-03-19,Tennessee,Michigan,190,2,15:03,903,903,Foul on Santiago Vescovi.,45,44,1,13,0.7281245638006173,0.5452454829153952,4,4,7,136.5,"c(""Larry Scirotto"", "" Earl Walton"", "" Joe Lindsay"")","Indianapolis, IN",Gainbridge Fieldhouse,17923,NA,NA,NA,NA,NA,NA,NA,NA,NA,Michigan,Tennessee,FALSE
401408608,2022-03-19,Tennessee,Michigan,191,2,15:03,903,903,Official TV Timeout,45,44,1,0,0.7281245638006173,0.5452454829153952,4,4,7,136.5,"c(""Larry Scirotto"", "" Earl Walton"", "" Joe Lindsay"")","Indianapolis, IN",Gainbridge Fieldhouse,17923,NA,NA,NA,NA,NA,NA,NA,NA,NA,Michigan,Tennessee,FALSE
401408608,2022-03-19,Tennessee,Michigan,192,2,15:03,903,903,Moussa Diabate made Free Throw.,45,45,0,0,0.6907546586431592,0.5,4,4,7,136.5,"c(""Larry Scirotto"", "" Earl Walton"", "" Joe Lindsay"")","Indianapolis, IN",Gainbridge Fieldhouse,17923,NA,NA,NA,Michigan,made,Moussa Diabate,NA,NA,TRUE,Michigan,Michigan,FALSE
401408608,2022-03-19,Tennessee,Michigan,193,2,15:03,903,903,Moussa Diabate missed Free Throw.,45,45,0,0,0.6907546586431592,0.5,4,4,7,136.5,"c(""Larry Scirotto"", "" Earl Walton"", "" Joe Lindsay"")","Indianapolis, IN",Gainbridge Fieldhouse,17923,NA,NA,NA,Michigan,missed,Moussa Diabate,NA,NA,TRUE,Michigan,Tennessee,FALSE
401408608,2022-03-19,Tennessee,Michigan,194,2,15:03,903,903,Kennedy Chandler Defensive Rebound.,45,45,0,0,0.6907546586431592,0.5,4,4,7,136.5,"c(""Larry Scirotto"", "" Earl Walton"", "" Joe Lindsay"")","Indianapolis, IN",Gainbridge Fieldhouse,17923,NA,NA,NA,NA,NA,NA,NA,NA,NA,Michigan,Tennessee,FALSE
401408608,2022-03-19,Tennessee,Michigan,195,2,14:57,897,897,Kennedy Chandler made Layup.,47,45,2,6,0.7624664634824782,0.5900126656855964,4,4,7,136.5,"c(""Larry Scirotto"", "" Earl Walton"", "" Joe Lindsay"")","Indianapolis, IN",Gainbridge Fieldhouse,17923,NA,21,85.85333333333332,Tennessee,made,Kennedy Chandler,NA,FALSE,FALSE,Tennessee,Michigan,FALSE
401408608,2022-03-19,Tennessee,Michigan,196,2,14:33,873,873,Moussa Diabate made Jumper. Assisted by Eli Brooks.,47,47,0,24,0.6892550912335227,0.5,4,4,7,136.5,"c(""Larry Scirotto"", "" Earl Walton"", "" Joe Lindsay"")","Indianapolis, IN",Gainbridge Fieldhouse,17923,NA,21.999999999999996,13.577777777777776,Michigan,made,Moussa Diabate,Eli Brooks,FALSE,FALSE,Michigan,Tennessee,FALSE
401408608,2022-03-19,Tennessee,Michigan,197,2,14:07,847,847,Foul on Moussa Diabate.,47,47,0,26,0.6879601951995071,0.5,4,4,7,136.5,"c(""Larry Scirotto"", "" Earl Walton"", "" Joe Lindsay"")","Indianapolis, IN",Gainbridge Fieldhouse,17923,NA,NA,NA,NA,NA,NA,NA,NA,NA,Tennessee,Tennessee,FALSE
401408608,2022-03-19,Tennessee,Michigan,198,2,14:07,847,847,John Fulkerson made Free Throw.,48,47,1,0,0.726518342989411,0.546472717824567,4,4,7,136.5,"c(""Larry Scirotto"", "" Earl Walton"", "" Joe Lindsay"")","Indianapolis, IN",Gainbridge Fieldhouse,17923,NA,NA,NA,Tennessee,made,John Fulkerson,NA,NA,TRUE,Tennessee,Tennessee,FALSE
401408608,2022-03-19,Tennessee,Michigan,199,2,14:07,847,847,John Fulkerson made Free Throw.,49,47,2,0,0.7619605083736664,0.5921493706888236,4,4,7,136.5,"c(""Larry Scirotto"", "" Earl Walton"", "" Joe Lindsay"")","Indianapolis, IN",Gainbridge Fieldhouse,17923,NA,NA,NA,Tennessee,made,John Fulkerson,NA,NA,TRUE,Tennessee,Michigan,FALSE
401408608,2022-03-19,Tennessee,Michigan,200,2,13:53,833,833,Hunter Dickinson made Three Point Jumper. Assisted by Frankie Collins.,49,50,-1,14,0.6455526905643252,0.45319981169339285,4,4,7,136.5,"c(""Larry Scirotto"", "" Earl Walton"", "" Joe Lindsay"")","Indianapolis, IN",Gainbridge Fieldhouse,17923,NA,25,30.288888888888888,Michigan,made,Hunter Dickinson,Frankie Collins,TRUE,FALSE,Michigan,Tennessee,FALSE
401408608,2022-03-19,Tennessee,Michigan,201,2,13:33,813,813,Josiah-Jordan James missed Layup.,49,50,-1,20,0.6439778127079518,0.4526973678374731,4,4,7,136.5,"c(""Larry Scirotto"", "" Earl Walton"", "" Joe Lindsay"")","Indianapolis, IN",Gainbridge Fieldhouse,17923,NA,21,85.85333333333332,Tennessee,missed,Josiah-Jordan James,NA,FALSE,FALSE,Tennessee,Tennessee,FALSE
401408608,2022-03-19,Tennessee,Michigan,202,2,13:33,813,813,Hunter Dickinson Block.,49,50,-1,0,0.6439778127079518,0.4526973678374731,4,4,7,136.5,"c(""Larry Scirotto"", "" Earl Walton"", "" Joe Lindsay"")","Indianapolis, IN",Gainbridge Fieldhouse,17923,NA,NA,NA,NA,NA,NA,NA,NA,NA,Tennessee,Tennessee,FALSE
401408608,2022-03-19,Tennessee,Michigan,203,2,13:33,813,813,Josiah-Jordan James Offensive Rebound.,49,50,-1,0,0.6439778127079518,0.4526973678374731,4,4,7,136.5,"c(""Larry Scirotto"", "" Earl Walton"", "" Joe Lindsay"")","Indianapolis, IN",Gainbridge Fieldhouse,17923,NA,NA,NA,NA,NA,NA,NA,NA,NA,Tennessee,Tennessee,FALSE
401408608,2022-03-19,Tennessee,Michigan,204,2,13:27,807,807,Josiah-Jordan James missed Layup.,49,50,-1,6,0.6434862273125728,0.45253662343665685,4,4,7,136.5,"c(""Larry Scirotto"", "" Earl Walton"", "" Joe Lindsay"")","Indianapolis, IN",Gainbridge Fieldhouse,17923,NA,24,83.76444444444444,Tennessee,missed,Josiah-Jordan James,NA,FALSE,FALSE,Tennessee,Michigan,FALSE
401408608,2022-03-19,Tennessee,Michigan,205,2,13:27,807,807,Eli Brooks Block.,49,50,-1,0,0.6434862273125728,0.45253662343665685,4,4,7,136.5,"c(""Larry Scirotto"", "" Earl Walton"", "" Joe Lindsay"")","Indianapolis, IN",Gainbridge Fieldhouse,17923,NA,NA,NA,NA,NA,NA,NA,NA,NA,Tennessee,Michigan,FALSE
401408608,2022-03-19,Tennessee,Michigan,206,2,13:27,807,807,Hunter Dickinson Defensive Rebound.,49,50,-1,0,0.6434862273125728,0.45253662343665685,4,4,7,136.5,"c(""Larry Scirotto"", "" Earl Walton"", "" Joe Lindsay"")","Indianapolis, IN",Gainbridge Fieldhouse,17923,NA,NA,NA,NA,NA,NA,NA,NA,NA,Tennessee,Michigan,FALSE
401408608,2022-03-19,Tennessee,Michigan,207,2,13:25,805,805,Jump Ball won by Michigan,49,50,-1,2,0.6433200902615199,0.45248186685416714,4,4,7,136.5,"c(""Larry Scirotto"", "" Earl Walton"", "" Joe Lindsay"")","Indianapolis, IN",Gainbridge Fieldhouse,17923,NA,NA,NA,NA,NA,NA,NA,NA,NA,Michigan,Michigan,FALSE
401408608,2022-03-19,Tennessee,Michigan,208,2,13:16,796,796,Frankie Collins missed Layup.,49,50,-1,9,0.6425572108472343,0.4522276342914372,4,4,7,136.5,"c(""Larry Scirotto"", "" Earl Walton"", "" Joe Lindsay"")","Indianapolis, IN",Gainbridge Fieldhouse,17923,NA,28,6.266666666666667,Michigan,missed,Frankie Collins,NA,FALSE,FALSE,Michigan,Tennessee,FALSE
401408608,2022-03-19,Tennessee,Michigan,209,2,13:16,796,796,Kennedy Chandler Defensive Rebound.,49,50,-1,0,0.6425572108472343,0.4522276342914372,4,4,7,136.5,"c(""Larry Scirotto"", "" Earl Walton"", "" Joe Lindsay"")","Indianapolis, IN",Gainbridge Fieldhouse,17923,NA,NA,NA,NA,NA,NA,NA,NA,NA,Michigan,Tennessee,FALSE
401408608,2022-03-19,Tennessee,Michigan,210,2,13:09,789,789,Kennedy Chandler made Layup.,51,50,1,7,0.7248879183298009,0.5479796248606217,4,4,7,136.5,"c(""Larry Scirotto"", "" Earl Walton"", "" Joe Lindsay"")","Indianapolis, IN",Gainbridge Fieldhouse,17923,NA,28.000000000000004,84.80888888888889,Tennessee,made,Kennedy Chandler,NA,FALSE,FALSE,Tennessee,Michigan,FALSE
401408608,2022-03-19,Tennessee,Michigan,211,2,12:49,769,769,Eli Brooks made Jumper.,51,52,-1,20,0.640092585605372,0.45137586674505015,4,4,7,136.5,"c(""Larry Scirotto"", "" Earl Walton"", "" Joe Lindsay"")","Indianapolis, IN",Gainbridge Fieldhouse,17923,NA,33,19.84444444444444,Michigan,made,Eli Brooks,NA,FALSE,FALSE,Michigan,Tennessee,FALSE
401408608,2022-03-19,Tennessee,Michigan,212,2,12:31,751,751,John Fulkerson Turnover.,51,52,-1,18,0.6382716701768758,0.45071934835374017,4,4,7,136.5,"c(""Larry Scirotto"", "" Earl Walton"", "" Joe Lindsay"")","Indianapolis, IN",Gainbridge Fieldhouse,17923,NA,NA,NA,NA,NA,NA,NA,NA,NA,Tennessee,Michigan,FALSE
401408608,2022-03-19,Tennessee,Michigan,213,2,12:31,751,751,Brandon Johns Jr. Steal.,51,52,-1,0,0.6382716701768758,0.45071934835374017,4,4,7,136.5,"c(""Larry Scirotto"", "" Earl Walton"", "" Joe Lindsay"")","Indianapolis, IN",Gainbridge Fieldhouse,17923,NA,NA,NA,NA,NA,NA,NA,NA,NA,Tennessee,Michigan,FALSE
401408608,2022-03-19,Tennessee,Michigan,214,2,12:28,748,748,Foul on Josiah-Jordan James.,51,52,-1,3,0.6379521802263546,0.4506020341242074,4,4,7,136.5,"c(""Larry Scirotto"", "" Earl Walton"", "" Joe Lindsay"")","Indianapolis, IN",Gainbridge Fieldhouse,17923,NA,NA,NA,NA,NA,NA,NA,NA,NA,Michigan,Michigan,FALSE
401408608,2022-03-19,Tennessee,Michigan,215,2,12:11,731,731,Foul on Hunter Dickinson.,51,52,-1,17,0.6360459901523645,0.4498903928108823,4,4,7,136.5,"c(""Larry Scirotto"", "" Earl Walton"", "" Joe Lindsay"")","Indianapolis, IN",Gainbridge Fieldhouse,17923,NA,NA,NA,NA,NA,NA,NA,NA,NA,Tennessee,Tennessee,FALSE
401408608,2022-03-19,Tennessee,Michigan,216,2,12:11,731,731,Hunter Dickinson Turnover.,51,52,-1,0,0.6360459901523645,0.4498903928108823,4,4,7,136.5,"c(""Larry Scirotto"", "" Earl Walton"", "" Joe Lindsay"")","Indianapolis, IN",Gainbridge Fieldhouse,17923,NA,NA,NA,NA,NA,NA,NA,NA,NA,Michigan,Tennessee,FALSE
401408608,2022-03-19,Tennessee,Michigan,217,2,11:49,709,709,Josiah-Jordan James made Jumper.,53,52,1,22,0.7225421548238371,0.5510207160262185,4,4,7,136.5,"c(""Larry Scirotto"", "" Earl Walton"", "" Joe Lindsay"")","Indianapolis, IN",Gainbridge Fieldhouse,17923,NA,22,81.67555555555555,Tennessee,made,Josiah-Jordan James,NA,FALSE,FALSE,Tennessee,Michigan,FALSE
401408608,2022-03-19,Tennessee,Michigan,218,2,11:30,690,690,Eli Brooks made Layup.,53,54,-1,19,0.6315501973949984,0.4482886674885203,4,4,7,136.5,"c(""Larry Scirotto"", "" Earl Walton"", "" Joe Lindsay"")","Indianapolis, IN",Gainbridge Fieldhouse,17923,NA,29,4.177777777777778,Michigan,made,Eli Brooks,NA,FALSE,FALSE,Michigan,Tennessee,FALSE
401408608,2022-03-19,Tennessee,Michigan,219,2,11:18,678,678,Zakai Zeigler made Layup. Assisted by Kennedy Chandler.,55,54,1,12,0.7215297716948246,0.5521193560550683,4,4,7,136.5,"c(""Larry Scirotto"", "" Earl Walton"", "" Joe Lindsay"")","Indianapolis, IN",Gainbridge Fieldhouse,17923,NA,23,84.80888888888889,Tennessee,made,Zakai Zeigler,Kennedy Chandler,FALSE,FALSE,Tennessee,Michigan,FALSE
401408608,2022-03-19,Tennessee,Michigan,220,2,10:41,641,641,Caleb Houstan missed Three Point Jumper.,55,54,1,37,0.7202696881248942,0.5533522542610176,4,4,7,136.5,"c(""Larry Scirotto"", "" Earl Walton"", "" Joe Lindsay"")","Indianapolis, IN",Gainbridge Fieldhouse,17923,NA,1,10.444444444444443,Michigan,missed,Caleb Houstan,NA,TRUE,FALSE,Michigan,Tennessee,FALSE
401408608,2022-03-19,Tennessee,Michigan,221,2,10:41,641,641,Uros Plavsic Defensive Rebound.,55,54,1,0,0.7202696881248942,0.5533522542610176,4,4,7,136.5,"c(""Larry Scirotto"", "" Earl Walton"", "" Joe Lindsay"")","Indianapolis, IN",Gainbridge Fieldhouse,17923,NA,NA,NA,NA,NA,NA,NA,NA,NA,Michigan,Tennessee,FALSE
401408608,2022-03-19,Tennessee,Michigan,222,2,10:25,625,625,Kennedy Chandler made Layup.,57,54,3,16,0.7983726133161003,0.6569226425886747,4,4,7,136.5,"c(""Larry Scirotto"", "" Earl Walton"", "" Joe Lindsay"")","Indianapolis, IN",Gainbridge Fieldhouse,17923,NA,28.000000000000004,86.89777777777778,Tennessee,made,Kennedy Chandler,NA,FALSE,FALSE,Tennessee,Michigan,FALSE
401408608,2022-03-19,Tennessee,Michigan,223,2,10:14,614,614,Michigan  Timeout,57,54,3,11,0.7986257843085539,0.6580805788177159,3,4,7,136.5,"c(""Larry Scirotto"", "" Earl Walton"", "" Joe Lindsay"")","Indianapolis, IN",Gainbridge Fieldhouse,17923,NA,NA,NA,NA,NA,NA,NA,NA,NA,Michigan,Michigan,FALSE
401408608,2022-03-19,Tennessee,Michigan,224,2,9:51,591,591,Hunter Dickinson missed Jumper.,57,54,3,23,0.7993180667989834,0.66081239865822206,3,4,7,136.5,"c(""Larry Scirotto"", "" Earl Walton"", "" Joe Lindsay"")","Indianapolis, IN",Gainbridge Fieldhouse,17923,NA,33,5.222222222222221,Michigan,missed,Hunter Dickinson,NA,FALSE,FALSE,Michigan,Tennessee,FALSE
401408608,2022-03-19,Tennessee,Michigan,225,2,9:51,591,591,Santiago Vescovi Defensive Rebound.,57,54,3,0,0.7993180667989834,0.66081239865822206,3,4,7,136.5,"c(""Larry Scirotto"", "" Earl Walton"", "" Joe Lindsay"")","Indianapolis, IN",Gainbridge Fieldhouse,17923,NA,NA,NA,NA,NA,NA,NA,NA,NA,Michigan,Tennessee,FALSE
401408608,2022-03-19,Tennessee,Michigan,226,2,9:41,581,581,Kennedy Chandler made Layup.,59,54,5,10,0.8621311372828425,0.7542859168053306,3,4,7,136.5,"c(""Larry Scirotto"", "" Earl Walton"", "" Joe Lindsay"")","Indianapolis, IN",Gainbridge Fieldhouse,17923,NA,21,85.85333333333332,Tennessee,made,Kennedy Chandler,NA,FALSE,FALSE,Tennessee,Michigan,FALSE
401408608,2022-03-19,Tennessee,Michigan,227,2,9:14,554,554,Foul on Uros Plavsic.,59,54,5,27,0.8646745595835903,0.760190161871823,3,4,7,136.5,"c(""Larry Scirotto"", "" Earl Walton"", "" Joe Lindsay"")","Indianapolis, IN",Gainbridge Fieldhouse,17923,NA,NA,NA,NA,NA,NA,NA,NA,NA,Michigan,Michigan,FALSE
401408608,2022-03-19,Tennessee,Michigan,228,2,9:14,554,554,Official TV Timeout,59,54,5,0,0.8646745595835903,0.760190161871823,3,4,7,136.5,"c(""Larry Scirotto"", "" Earl Walton"", "" Joe Lindsay"")","Indianapolis, IN",Gainbridge Fieldhouse,17923,NA,NA,NA,NA,NA,NA,NA,NA,NA,Michigan,Michigan,FALSE
401408608,2022-03-19,Tennessee,Michigan,229,2,9:10,550,550,Moussa Diabate Turnover.,59,54,5,4,0.8651172041669373,0.7611844854123347,3,4,7,136.5,"c(""Larry Scirotto"", "" Earl Walton"", "" Joe Lindsay"")","Indianapolis, IN",Gainbridge Fieldhouse,17923,NA,NA,NA,NA,NA,NA,NA,NA,NA,Michigan,Tennessee,FALSE
401408608,2022-03-19,Tennessee,Michigan,230,2,8:56,536,536,Kennedy Chandler missed Layup.,59,54,5,14,0.8665293877985918,0.764426933230567,3,4,7,136.5,"c(""Larry Scirotto"", "" Earl Walton"", "" Joe Lindsay"")","Indianapolis, IN",Gainbridge Fieldhouse,17923,NA,22,84.80888888888889,Tennessee,missed,Kennedy Chandler,NA,FALSE,FALSE,Tennessee,Michigan,FALSE
401408608,2022-03-19,Tennessee,Michigan,231,2,8:56,536,536,Moussa Diabate Block.,59,54,5,0,0.8665293877985918,0.764426933230567,3,4,7,136.5,"c(""Larry Scirotto"", "" Earl Walton"", "" Joe Lindsay"")","Indianapolis, IN",Gainbridge Fieldhouse,17923,NA,NA,NA,NA,NA,NA,NA,NA,NA,Tennessee,Michigan,FALSE
401408608,2022-03-19,Tennessee,Michigan,232,2,8:56,536,536,Caleb Houstan Defensive Rebound.,59,54,5,0,0.8665293877985918,0.764426933230567,3,4,7,136.5,"c(""Larry Scirotto"", "" Earl Walton"", "" Joe Lindsay"")","Indianapolis, IN",Gainbridge Fieldhouse,17923,NA,NA,NA,NA,NA,NA,NA,NA,NA,Tennessee,Michigan,FALSE
401408608,2022-03-19,Tennessee,Michigan,233,2,8:46,526,526,Eli Brooks missed Three Point Jumper.,59,54,5,10,0.867372085146167,0.7664527751535916,3,4,7,136.5,"c(""Larry Scirotto"", "" Earl Walton"", "" Joe Lindsay"")","Indianapolis, IN",Gainbridge Fieldhouse,17923,NA,45,18.799999999999997,Michigan,missed,Eli Brooks,NA,TRUE,FALSE,Michigan,Tennessee,FALSE
401408608,2022-03-19,Tennessee,Michigan,234,2,8:46,526,526,Josiah-Jordan James Defensive Rebound.,59,54,5,0,0.867372085146167,0.7664527751535916,3,4,7,136.5,"c(""Larry Scirotto"", "" Earl Walton"", "" Joe Lindsay"")","Indianapolis, IN",Gainbridge Fieldhouse,17923,NA,NA,NA,NA,NA,NA,NA,NA,NA,Michigan,Tennessee,FALSE
401408608,2022-03-19,Tennessee,Michigan,235,2,8:27,507,507,Foul on Hunter Dickinson.,59,54,5,19,0.8687572275433071,0.7699253823271995,3,4,7,136.5,"c(""Larry Scirotto"", "" Earl Walton"", "" Joe Lindsay"")","Indianapolis, IN",Gainbridge Fieldhouse,17923,NA,NA,NA,NA,NA,NA,NA,NA,NA,Tennessee,Michigan,FALSE
401408608,2022-03-19,Tennessee,Michigan,236,2,8:27,507,507,Josiah-Jordan James made Free Throw.,60,54,6,0,0.89393612982334,0.8099165309602705,3,4,7,136.5,"c(""Larry Scirotto"", "" Earl Walton"", "" Joe Lindsay"")","Indianapolis, IN",Gainbridge Fieldhouse,17923,NA,NA,NA,Tennessee,made,Josiah-Jordan James,NA,NA,TRUE,Tennessee,Tennessee,FALSE
401408608,2022-03-19,Tennessee,Michigan,237,2,8:27,507,507,Josiah-Jordan James missed Free Throw.,60,54,6,0,0.89393612982334,0.8099165309602705,3,4,7,136.5,"c(""Larry Scirotto"", "" Earl Walton"", "" Joe Lindsay"")","Indianapolis, IN",Gainbridge Fieldhouse,17923,NA,NA,NA,Tennessee,missed,Josiah-Jordan James,NA,NA,TRUE,Tennessee,Michigan,FALSE
401408608,2022-03-19,Tennessee,Michigan,238,2,8:27,507,507,Caleb Houstan Defensive Rebound.,60,54,6,0,0.89393612982334,0.8099165309602705,3,4,7,136.5,"c(""Larry Scirotto"", "" Earl Walton"", "" Joe Lindsay"")","Indianapolis, IN",Gainbridge Fieldhouse,17923,NA,NA,NA,NA,NA,NA,NA,NA,NA,Tennessee,Michigan,FALSE
401408608,2022-03-19,Tennessee,Michigan,239,2,7:57,477,477,Frankie Collins Turnover.,60,54,6,30,0.8963407990464053,0.8156283076495351,3,4,7,136.5,"c(""Larry Scirotto"", "" Earl Walton"", "" Joe Lindsay"")","Indianapolis, IN",Gainbridge Fieldhouse,17923,NA,NA,NA,NA,NA,NA,NA,NA,NA,Michigan,Tennessee,FALSE
401408608,2022-03-19,Tennessee,Michigan,240,2,7:57,477,477,Kennedy Chandler Steal.,60,54,6,0,0.8963407990464053,0.8156283076495351,3,4,7,136.5,"c(""Larry Scirotto"", "" Earl Walton"", "" Joe Lindsay"")","Indianapolis, IN",Gainbridge Fieldhouse,17923,NA,NA,NA,NA,NA,NA,NA,NA,NA,Michigan,Tennessee,FALSE
401408608,2022-03-19,Tennessee,Michigan,241,2,7:57,477,477,Jump Ball won by Tennessee,60,54,6,0,0.8963407990464053,0.8156283076495351,3,4,7,136.5,"c(""Larry Scirotto"", "" Earl Walton"", "" Joe Lindsay"")","Indianapolis, IN",Gainbridge Fieldhouse,17923,NA,NA,NA,NA,NA,NA,NA,NA,NA,Michigan,Tennessee,FALSE
401408608,2022-03-19,Tennessee,Michigan,242,2,7:57,477,477,Official TV Timeout,60,54,6,0,0.8963407990464053,0.8156283076495351,3,4,7,136.5,"c(""Larry Scirotto"", "" Earl Walton"", "" Joe Lindsay"")","Indianapolis, IN",Gainbridge Fieldhouse,17923,NA,NA,NA,NA,NA,NA,NA,NA,NA,Michigan,Tennessee,FALSE
401408608,2022-03-19,Tennessee,Michigan,243,2,7:47,467,467,Kennedy Chandler Turnover.,60,54,6,10,0.8972954229269711,0.8178017893538115,3,4,7,136.5,"c(""Larry Scirotto"", "" Earl Walton"", "" Joe Lindsay"")","Indianapolis, IN",Gainbridge Fieldhouse,17923,NA,NA,NA,NA,NA,NA,NA,NA,NA,Tennessee,Michigan,FALSE
401408608,2022-03-19,Tennessee,Michigan,244,2,7:47,467,467,Eli Brooks Steal.,60,54,6,0,0.8972954229269711,0.8178017893538115,3,4,7,136.5,"c(""Larry Scirotto"", "" Earl Walton"", "" Joe Lindsay"")","Indianapolis, IN",Gainbridge Fieldhouse,17923,NA,NA,NA,NA,NA,NA,NA,NA,NA,Tennessee,Michigan,FALSE
401408608,2022-03-19,Tennessee,Michigan,245,2,7:23,443,443,Eli Brooks made Jumper. Assisted by Hunter Dickinson.,60,56,4,24,0.8435353794001025,0.7368585724184055,3,4,7,136.5,"c(""Larry Scirotto"", "" Earl Walton"", "" Joe Lindsay"")","Indianapolis, IN",Gainbridge Fieldhouse,17923,NA,14,19.84444444444444,Michigan,made,Eli Brooks,Hunter Dickinson,FALSE,FALSE,Michigan,Tennessee,FALSE
401408608,2022-03-19,Tennessee,Michigan,246,2,6:57,417,417,Zakai Zeigler missed Three Point Jumper.,60,56,4,26,0.8470839974003862,0.7446837228980363,3,4,7,136.5,"c(""Larry Scirotto"", "" Earl Walton"", "" Joe Lindsay"")","Indianapolis, IN",Gainbridge Fieldhouse,17923,NA,47,90.0311111111111,Tennessee,missed,Zakai Zeigler,NA,TRUE,FALSE,Tennessee,Michigan,FALSE
401408608,2022-03-19,Tennessee,Michigan,247,2,6:57,417,417,Hunter Dickinson Defensive Rebound.,60,56,4,0,0.8470839974003862,0.7446837228980363,3,4,7,136.5,"c(""Larry Scirotto"", "" Earl Walton"", "" Joe Lindsay"")","Indianapolis, IN",Gainbridge Fieldhouse,17923,NA,NA,NA,NA,NA,NA,NA,NA,NA,Tennessee,Michigan,FALSE
401408608,2022-03-19,Tennessee,Michigan,248,2,6:43,403,403,Eli Brooks made Layup. Assisted by Hunter Dickinson.,60,58,2,14,0.7648042280661668,0.6331313353422708,3,4,7,136.5,"c(""Larry Scirotto"", "" Earl Walton"", "" Joe Lindsay"")","Indianapolis, IN",Gainbridge Fieldhouse,17923,NA,21.999999999999996,6.266666666666667,Michigan,made,Eli Brooks,Hunter Dickinson,FALSE,FALSE,Michigan,Tennessee,FALSE
401408608,2022-03-19,Tennessee,Michigan,249,2,6:23,383,383,Zakai Zeigler missed Three Point Jumper.,60,58,2,20,0.7652826082263835,0.6365212285935643,3,4,7,136.5,"c(""Larry Scirotto"", "" Earl Walton"", "" Joe Lindsay"")","Indianapolis, IN",Gainbridge Fieldhouse,17923,NA,47,91.07555555555555,Tennessee,missed,Zakai Zeigler,NA,TRUE,FALSE,Tennessee,Tennessee,FALSE
401408608,2022-03-19,Tennessee,Michigan,250,2,6:23,383,383,Santiago Vescovi Offensive Rebound.,60,58,2,0,0.7652826082263835,0.6365212285935643,3,4,7,136.5,"c(""Larry Scirotto"", "" Earl Walton"", "" Joe Lindsay"")","Indianapolis, IN",Gainbridge Fieldhouse,17923,NA,NA,NA,NA,NA,NA,NA,NA,NA,Tennessee,Tennessee,FALSE
401408608,2022-03-19,Tennessee,Michigan,251,2,6:07,367,367,Foul on Frankie Collins.,60,58,2,16,0.7656976172264871,0.6393880608167828,3,4,7,136.5,"c(""Larry Scirotto"", "" Earl Walton"", "" Joe Lindsay"")","Indianapolis, IN",Gainbridge Fieldhouse,17923,NA,NA,NA,NA,NA,NA,NA,NA,NA,Tennessee,Tennessee,FALSE
401408608,2022-03-19,Tennessee,Michigan,252,2,6:00,360,360,Foul on Caleb Houstan.,60,58,2,7,0.7659302666484297,0.6407386819449828,3,4,7,136.5,"c(""Larry Scirotto"", "" Earl Walton"", "" Joe Lindsay"")","Indianapolis, IN",Gainbridge Fieldhouse,17923,NA,NA,NA,NA,NA,NA,NA,NA,NA,Tennessee,Tennessee,FALSE
401408608,2022-03-19,Tennessee,Michigan,253,2,5:44,344,344,Kennedy Chandler missed Layup.,60,58,2,16,0.7666654050381767,0.6441544500169621,3,4,7,136.5,"c(""Larry Scirotto"", "" Earl Walton"", "" Joe Lindsay"")","Indianapolis, IN",Gainbridge Fieldhouse,17923,NA,28.999999999999996,85.85333333333332,Tennessee,missed,Kennedy Chandler,NA,FALSE,FALSE,Tennessee,Michigan,FALSE
401408608,2022-03-19,Tennessee,Michigan,254,2,5:44,344,344,Frankie Collins Defensive Rebound.,60,58,2,0,0.7666654050381767,0.6441544500169621,3,4,7,136.5,"c(""Larry Scirotto"", "" Earl Walton"", "" Joe Lindsay"")","Indianapolis, IN",Gainbridge Fieldhouse,17923,NA,NA,NA,NA,NA,NA,NA,NA,NA,Tennessee,Michigan,FALSE
401408608,2022-03-19,Tennessee,Michigan,255,2,5:39,339,339,Terrance Williams II missed Three Point Jumper.,60,58,2,5,0.7669707574169746,0.6453375095307545,3,4,7,136.5,"c(""Larry Scirotto"", "" Earl Walton"", "" Joe Lindsay"")","Indianapolis, IN",Gainbridge Fieldhouse,17923,NA,7,24.02222222222222,Michigan,missed,Terrance Williams II,NA,TRUE,FALSE,Michigan,Tennessee,FALSE
401408608,2022-03-19,Tennessee,Michigan,256,2,5:39,339,339,Zakai Zeigler Defensive Rebound.,60,58,2,0,0.7669707574169746,0.6453375095307545,3,4,7,136.5,"c(""Larry Scirotto"", "" Earl Walton"", "" Joe Lindsay"")","Indianapolis, IN",Gainbridge Fieldhouse,17923,NA,NA,NA,NA,NA,NA,NA,NA,NA,Michigan,Tennessee,FALSE
401408608,2022-03-19,Tennessee,Michigan,257,2,5:27,327,327,Santiago Vescovi missed Jumper.,60,58,2,12,0.7678903410701704,0.6484507166613896,3,4,7,136.5,"c(""Larry Scirotto"", "" Earl Walton"", "" Joe Lindsay"")","Indianapolis, IN",Gainbridge Fieldhouse,17923,NA,16,78.54222222222222,Tennessee,missed,Santiago Vescovi,NA,FALSE,FALSE,Tennessee,Michigan,FALSE
401408608,2022-03-19,Tennessee,Michigan,258,2,5:27,327,327,Michigan Deadball Team Rebound.,60,58,2,0,0.7678903410701704,0.6484507166613896,3,4,7,136.5,"c(""Larry Scirotto"", "" Earl Walton"", "" Joe Lindsay"")","Indianapolis, IN",Gainbridge Fieldhouse,17923,NA,NA,NA,NA,NA,NA,NA,NA,NA,Tennessee,Michigan,FALSE
401408608,2022-03-19,Tennessee,Michigan,259,2,5:23,323,323,Foul on Santiago Vescovi.,60,58,2,4,0.7682632829790977,0.6495840044360296,3,4,7,136.5,"c(""Larry Scirotto"", "" Earl Walton"", "" Joe Lindsay"")","Indianapolis, IN",Gainbridge Fieldhouse,17923,NA,NA,NA,NA,NA,NA,NA,NA,NA,Michigan,Michigan,FALSE
401408608,2022-03-19,Tennessee,Michigan,260,2,5:08,308,308,Frankie Collins missed Three Point Jumper.,60,58,2,15,0.7699721303877209,0.654274020594685,3,4,7,136.5,"c(""Larry Scirotto"", "" Earl Walton"", "" Joe Lindsay"")","Indianapolis, IN",Gainbridge Fieldhouse,17923,NA,47,7.311111111111111,Michigan,missed,Frankie Collins,NA,TRUE,FALSE,Michigan,Michigan,FALSE
401408608,2022-03-19,Tennessee,Michigan,261,2,5:08,308,308,Terrance Williams II Offensive Rebound.,60,58,2,0,0.7699721303877209,0.654274020594685,3,4,7,136.5,"c(""Larry Scirotto"", "" Earl Walton"", "" Joe Lindsay"")","Indianapolis, IN",Gainbridge Fieldhouse,17923,NA,NA,NA,NA,NA,NA,NA,NA,NA,Michigan,Michigan,FALSE
401408608,2022-03-19,Tennessee,Michigan,262,2,5:08,308,308,Terrance Williams II made Two Point Tip Shot.,60,60,0,0,0.6388264164014394,0.5,3,4,7,136.5,"c(""Larry Scirotto"", "" Earl Walton"", "" Joe Lindsay"")","Indianapolis, IN",Gainbridge Fieldhouse,17923,NA,25,5.222222222222221,Michigan,made,Terrance Williams II,NA,FALSE,FALSE,Michigan,Tennessee,FALSE
401408608,2022-03-19,Tennessee,Michigan,263,2,4:42,282,282,Kennedy Chandler missed Three Point Jumper.,60,60,0,26,0.6344104657806477,0.5,3,4,7,136.5,"c(""Larry Scirotto"", "" Earl Walton"", "" Joe Lindsay"")","Indianapolis, IN",Gainbridge Fieldhouse,17923,NA,9,64.96444444444444,Tennessee,missed,Kennedy Chandler,NA,TRUE,FALSE,Tennessee,Michigan,FALSE
401408608,2022-03-19,Tennessee,Michigan,264,2,4:42,282,282,Caleb Houstan Defensive Rebound.,60,60,0,0,0.6344104657806477,0.5,3,4,7,136.5,"c(""Larry Scirotto"", "" Earl Walton"", "" Joe Lindsay"")","Indianapolis, IN",Gainbridge Fieldhouse,17923,NA,NA,NA,NA,NA,NA,NA,NA,NA,Tennessee,Michigan,FALSE
401408608,2022-03-19,Tennessee,Michigan,265,2,4:30,270,270,Hunter Dickinson Turnover.,60,60,0,12,0.632365471736766,0.5,3,4,7,136.5,"c(""Larry Scirotto"", "" Earl Walton"", "" Joe Lindsay"")","Indianapolis, IN",Gainbridge Fieldhouse,17923,NA,NA,NA,NA,NA,NA,NA,NA,NA,Michigan,Tennessee,FALSE
401408608,2022-03-19,Tennessee,Michigan,266,2,4:30,270,270,Zakai Zeigler Steal.,60,60,0,0,0.632365471736766,0.5,3,4,7,136.5,"c(""Larry Scirotto"", "" Earl Walton"", "" Joe Lindsay"")","Indianapolis, IN",Gainbridge Fieldhouse,17923,NA,NA,NA,NA,NA,NA,NA,NA,NA,Michigan,Tennessee,FALSE
401408608,2022-03-19,Tennessee,Michigan,267,2,4:27,267,267,Zakai Zeigler made Layup.,62,60,2,3,0.7653356392506941,0.6552051215140164,3,4,7,136.5,"c(""Larry Scirotto"", "" Earl Walton"", "" Joe Lindsay"")","Indianapolis, IN",Gainbridge Fieldhouse,17923,NA,28.999999999999996,86.89777777777778,Tennessee,made,Zakai Zeigler,NA,FALSE,FALSE,Tennessee,Michigan,FALSE
401408608,2022-03-19,Tennessee,Michigan,268,2,4:05,245,245,Hunter Dickinson missed Layup.,62,60,2,22,0.7601503577801959,0.6524921101664152,3,4,7,136.5,"c(""Larry Scirotto"", "" Earl Walton"", "" Joe Lindsay"")","Indianapolis, IN",Gainbridge Fieldhouse,17923,NA,21.999999999999996,6.266666666666667,Michigan,missed,Hunter Dickinson,NA,FALSE,FALSE,Michigan,Michigan,FALSE
401408608,2022-03-19,Tennessee,Michigan,269,2,4:05,245,245,Terrance Williams II Offensive Rebound.,62,60,2,0,0.7601503577801959,0.6524921101664152,3,4,7,136.5,"c(""Larry Scirotto"", "" Earl Walton"", "" Joe Lindsay"")","Indianapolis, IN",Gainbridge Fieldhouse,17923,NA,NA,NA,NA,NA,NA,NA,NA,NA,Michigan,Michigan,FALSE
401408608,2022-03-19,Tennessee,Michigan,270,2,4:05,245,245,Terrance Williams II made Two Point Tip Shot.,62,62,0,0,0.6279640285753776,0.5,3,4,7,136.5,"c(""Larry Scirotto"", "" Earl Walton"", "" Joe Lindsay"")","Indianapolis, IN",Gainbridge Fieldhouse,17923,NA,25,5.222222222222221,Michigan,made,Terrance Williams II,NA,FALSE,FALSE,Michigan,Tennessee,FALSE
401408608,2022-03-19,Tennessee,Michigan,271,2,3:43,223,223,Josiah-Jordan James missed Three Point Jumper.,62,62,0,22,0.6237978217619246,0.5,3,4,7,136.5,"c(""Larry Scirotto"", "" Earl Walton"", "" Joe Lindsay"")","Indianapolis, IN",Gainbridge Fieldhouse,17923,NA,47,90.0311111111111,Tennessee,missed,Josiah-Jordan James,NA,TRUE,FALSE,Tennessee,Michigan,FALSE
401408608,2022-03-19,Tennessee,Michigan,272,2,3:43,223,223,Hunter Dickinson Defensive Rebound.,62,62,0,0,0.6237978217619246,0.5,3,4,7,136.5,"c(""Larry Scirotto"", "" Earl Walton"", "" Joe Lindsay"")","Indianapolis, IN",Gainbridge Fieldhouse,17923,NA,NA,NA,NA,NA,NA,NA,NA,NA,Tennessee,Michigan,FALSE
401408608,2022-03-19,Tennessee,Michigan,273,2,3:21,201,201,Eli Brooks made Layup. Assisted by Hunter Dickinson.,62,64,-2,22,0.45383054707137566,0.3381860081245954,3,4,7,136.5,"c(""Larry Scirotto"", "" Earl Walton"", "" Joe Lindsay"")","Indianapolis, IN",Gainbridge Fieldhouse,17923,NA,21.999999999999996,7.311111111111111,Michigan,made,Eli Brooks,Hunter Dickinson,FALSE,FALSE,Michigan,Michigan,FALSE
401408608,2022-03-19,Tennessee,Michigan,274,2,3:21,201,201,Foul on Josiah-Jordan James.,62,64,-2,0,0.45383054707137566,0.3381860081245954,3,4,7,136.5,"c(""Larry Scirotto"", "" Earl Walton"", "" Joe Lindsay"")","Indianapolis, IN",Gainbridge Fieldhouse,17923,NA,NA,NA,NA,NA,NA,NA,NA,NA,Michigan,Michigan,FALSE
401408608,2022-03-19,Tennessee,Michigan,275,2,3:21,201,201,Official TV Timeout,62,64,-2,0,0.45383054707137566,0.3381860081245954,3,4,7,136.5,"c(""Larry Scirotto"", "" Earl Walton"", "" Joe Lindsay"")","Indianapolis, IN",Gainbridge Fieldhouse,17923,NA,NA,NA,NA,NA,NA,NA,NA,NA,Michigan,Michigan,FALSE
401408608,2022-03-19,Tennessee,Michigan,276,2,3:21,201,201,Eli Brooks made Free Throw.,62,65,-3,0,0.3726418933329928,0.2675511570510872,3,4,7,136.5,"c(""Larry Scirotto"", "" Earl Walton"", "" Joe Lindsay"")","Indianapolis, IN",Gainbridge Fieldhouse,17923,NA,NA,NA,Michigan,made,Eli Brooks,NA,NA,TRUE,Michigan,Tennessee,FALSE
401408608,2022-03-19,Tennessee,Michigan,277,2,3:09,189,189,Kennedy Chandler made Jumper. Assisted by Zakai Zeigler.,64,65,-1,12,0.5293943784628601,0.41171363079965034,3,4,7,136.5,"c(""Larry Scirotto"", "" Earl Walton"", "" Joe Lindsay"")","Indianapolis, IN",Gainbridge Fieldhouse,17923,NA,32,68.09777777777778,Tennessee,made,Kennedy Chandler,Zakai Zeigler,FALSE,FALSE,Tennessee,Michigan,FALSE
401408608,2022-03-19,Tennessee,Michigan,278,2,2:41,161,161,Terrance Williams II missed Layup.,64,65,-1,28,0.5071211226137028,0.3970978492795027,3,4,7,136.5,"c(""Larry Scirotto"", "" Earl Walton"", "" Joe Lindsay"")","Indianapolis, IN",Gainbridge Fieldhouse,17923,NA,28,5.222222222222221,Michigan,missed,Terrance Williams II,NA,FALSE,FALSE,Michigan,Michigan,FALSE
401408608,2022-03-19,Tennessee,Michigan,279,2,2:41,161,161,John Fulkerson Block.,64,65,-1,0,0.5071211226137028,0.3970978492795027,3,4,7,136.5,"c(""Larry Scirotto"", "" Earl Walton"", "" Joe Lindsay"")","Indianapolis, IN",Gainbridge Fieldhouse,17923,NA,NA,NA,NA,NA,NA,NA,NA,NA,Michigan,Michigan,FALSE
401408608,2022-03-19,Tennessee,Michigan,280,2,2:41,161,161,Michigan Offensive Rebound.,64,65,-1,0,0.5071211226137028,0.3970978492795027,3,4,7,136.5,"c(""Larry Scirotto"", "" Earl Walton"", "" Joe Lindsay"")","Indianapolis, IN",Gainbridge Fieldhouse,17923,NA,NA,NA,NA,NA,NA,NA,NA,NA,Michigan,Michigan,FALSE
401408608,2022-03-19,Tennessee,Michigan,281,2,2:35,155,155,Foul on John Fulkerson.,64,65,-1,6,0.5019912190829788,0.3937055684347136,3,4,7,136.5,"c(""Larry Scirotto"", "" Earl Walton"", "" Joe Lindsay"")","Indianapolis, IN",Gainbridge Fieldhouse,17923,NA,NA,NA,NA,NA,NA,NA,NA,NA,Michigan,Michigan,FALSE
401408608,2022-03-19,Tennessee,Michigan,282,2,2:35,155,155,Hunter Dickinson missed Free Throw.,64,65,-1,0,0.5019912190829788,0.3937055684347136,3,4,7,136.5,"c(""Larry Scirotto"", "" Earl Walton"", "" Joe Lindsay"")","Indianapolis, IN",Gainbridge Fieldhouse,17923,NA,NA,NA,Michigan,missed,Hunter Dickinson,NA,NA,TRUE,Michigan,Michigan,FALSE
401408608,2022-03-19,Tennessee,Michigan,283,2,2:35,155,155,Michigan Deadball Team Rebound.,64,65,-1,0,0.5019912190829788,0.3937055684347136,3,4,7,136.5,"c(""Larry Scirotto"", "" Earl Walton"", "" Joe Lindsay"")","Indianapolis, IN",Gainbridge Fieldhouse,17923,NA,NA,NA,NA,NA,NA,NA,NA,NA,Michigan,Michigan,FALSE
401408608,2022-03-19,Tennessee,Michigan,284,2,2:35,155,155,Hunter Dickinson made Free Throw.,64,66,-2,0,0.3956084072984678,0.2966034457706839,3,4,7,136.5,"c(""Larry Scirotto"", "" Earl Walton"", "" Joe Lindsay"")","Indianapolis, IN",Gainbridge Fieldhouse,17923,NA,NA,NA,Michigan,made,Hunter Dickinson,NA,NA,TRUE,Michigan,Tennessee,FALSE
401408608,2022-03-19,Tennessee,Michigan,285,2,2:15,135,135,Kennedy Chandler missed Jumper.,64,66,-2,20,0.3656580145984313,0.27510750918729865,3,4,7,136.5,"c(""Larry Scirotto"", "" Earl Walton"", "" Joe Lindsay"")","Indianapolis, IN",Gainbridge Fieldhouse,17923,NA,21,78.54222222222222,Tennessee,missed,Kennedy Chandler,NA,FALSE,FALSE,Tennessee,Tennessee,FALSE
401408608,2022-03-19,Tennessee,Michigan,286,2,2:15,135,135,Kennedy Chandler Offensive Rebound.,64,66,-2,0,0.3656580145984313,0.27510750918729865,3,4,7,136.5,"c(""Larry Scirotto"", "" Earl Walton"", "" Joe Lindsay"")","Indianapolis, IN",Gainbridge Fieldhouse,17923,NA,NA,NA,NA,NA,NA,NA,NA,NA,Tennessee,Tennessee,FALSE
401408608,2022-03-19,Tennessee,Michigan,287,2,2:11,131,131,Kennedy Chandler missed Jumper.,64,66,-2,4,0.35918535222011216,0.27043995887278305,3,4,7,136.5,"c(""Larry Scirotto"", "" Earl Walton"", "" Joe Lindsay"")","Indianapolis, IN",Gainbridge Fieldhouse,17923,NA,27,79.58666666666667,Tennessee,missed,Kennedy Chandler,NA,FALSE,FALSE,Tennessee,Michigan,FALSE
401408608,2022-03-19,Tennessee,Michigan,288,2,2:11,131,131,Terrance Williams II Defensive Rebound.,64,66,-2,0,0.35918535222011216,0.27043995887278305,3,4,7,136.5,"c(""Larry Scirotto"", "" Earl Walton"", "" Joe Lindsay"")","Indianapolis, IN",Gainbridge Fieldhouse,17923,NA,NA,NA,NA,NA,NA,NA,NA,NA,Tennessee,Michigan,FALSE
401408608,2022-03-19,Tennessee,Michigan,289,2,2:09,129,129,Foul on Kennedy Chandler.,64,66,-2,2,0.35588145074295985,0.2680543311870606,3,4,7,136.5,"c(""Larry Scirotto"", "" Earl Walton"", "" Joe Lindsay"")","Indianapolis, IN",Gainbridge Fieldhouse,17923,NA,NA,NA,NA,NA,NA,NA,NA,NA,Michigan,Michigan,FALSE
401408608,2022-03-19,Tennessee,Michigan,290,2,2:09,129,129,Terrance Williams II made Free Throw.,64,67,-3,0,0.25057585422911466,0.18141724471305756,3,4,7,136.5,"c(""Larry Scirotto"", "" Earl Walton"", "" Joe Lindsay"")","Indianapolis, IN",Gainbridge Fieldhouse,17923,NA,NA,NA,Michigan,made,Terrance Williams II,NA,NA,TRUE,Michigan,Michigan,FALSE
401408608,2022-03-19,Tennessee,Michigan,291,2,2:09,129,129,Terrance Williams II made Free Throw.,64,68,-4,0,0.16828907909996785,0.11825775160611349,3,4,7,136.5,"c(""Larry Scirotto"", "" Earl Walton"", "" Joe Lindsay"")","Indianapolis, IN",Gainbridge Fieldhouse,17923,NA,NA,NA,Michigan,made,Terrance Williams II,NA,NA,TRUE,Michigan,Tennessee,FALSE
401408608,2022-03-19,Tennessee,Michigan,292,2,2:01,121,121,Tennessee  Timeout,64,68,-4,8,0.1532766434449863,0.10801232005306782,3,3,7,136.5,"c(""Larry Scirotto"", "" Earl Walton"", "" Joe Lindsay"")","Indianapolis, IN",Gainbridge Fieldhouse,17923,NA,NA,NA,NA,NA,NA,NA,NA,NA,Tennessee,Tennessee,FALSE
401408608,2022-03-19,Tennessee,Michigan,293,2,1:39,99,99,Tennessee  Turnover.,64,68,-4,22,0.11243688344758077,0.0800314212167344,3,3,7,136.5,"c(""Larry Scirotto"", "" Earl Walton"", "" Joe Lindsay"")","Indianapolis, IN",Gainbridge Fieldhouse,17923,NA,NA,NA,NA,NA,NA,NA,NA,NA,Tennessee,Michigan,FALSE
401408608,2022-03-19,Tennessee,Michigan,294,2,1:35,95,95,Michigan  Timeout,64,68,-4,4,0.10525161536981713,0.07508591296209673,2,3,7,136.5,"c(""Larry Scirotto"", "" Earl Walton"", "" Joe Lindsay"")","Indianapolis, IN",Gainbridge Fieldhouse,17923,NA,NA,NA,NA,NA,NA,NA,NA,NA,Michigan,Michigan,FALSE
401408608,2022-03-19,Tennessee,Michigan,295,2,1:32,92,92,Eli Brooks Turnover.,64,68,-4,3,0.1000135452978278,0.07147768239177357,2,3,7,136.5,"c(""Larry Scirotto"", "" Earl Walton"", "" Joe Lindsay"")","Indianapolis, IN",Gainbridge Fieldhouse,17923,NA,NA,NA,NA,NA,NA,NA,NA,NA,Michigan,Tennessee,FALSE
401408608,2022-03-19,Tennessee,Michigan,296,2,1:31,91,91,Foul on Terrance Williams II.,64,68,-4,1,0.09831233509366322,0.07030574078785035,2,3,7,136.5,"c(""Larry Scirotto"", "" Earl Walton"", "" Joe Lindsay"")","Indianapolis, IN",Gainbridge Fieldhouse,17923,NA,NA,NA,NA,NA,NA,NA,NA,NA,Tennessee,Tennessee,FALSE
401408608,2022-03-19,Tennessee,Michigan,297,2,1:28,88,88,Santiago Vescovi made Layup.,66,68,-2,3,0.2777313949748712,0.21117452832252023,2,3,7,136.5,"c(""Larry Scirotto"", "" Earl Walton"", "" Joe Lindsay"")","Indianapolis, IN",Gainbridge Fieldhouse,17923,NA,23,84.80888888888889,Tennessee,made,Santiago Vescovi,NA,FALSE,FALSE,Tennessee,Michigan,FALSE
401408608,2022-03-19,Tennessee,Michigan,298,2,0:54,54,54,Eli Brooks made Jumper.,66,70,-4,34,0.04744324265217238,0.03498561931302208,2,3,7,136.5,"c(""Larry Scirotto"", "" Earl Walton"", "" Joe Lindsay"")","Indianapolis, IN",Gainbridge Fieldhouse,17923,NA,13,6.266666666666667,Michigan,made,Eli Brooks,NA,FALSE,FALSE,Michigan,Tennessee,FALSE
401408608,2022-03-19,Tennessee,Michigan,299,2,0:42,42,42,Zakai Zeigler missed Three Point Jumper.,66,70,-4,12,0.0358950629860874,0.026814600827207418,2,3,7,136.5,"c(""Larry Scirotto"", "" Earl Walton"", "" Joe Lindsay"")","Indianapolis, IN",Gainbridge Fieldhouse,17923,NA,27,60.78666666666667,Tennessee,missed,Zakai Zeigler,NA,TRUE,FALSE,Tennessee,Michigan,FALSE
401408608,2022-03-19,Tennessee,Michigan,300,2,0:42,42,42,Hunter Dickinson Defensive Rebound.,66,70,-4,0,0.0358950629860874,0.026814600827207418,2,3,7,136.5,"c(""Larry Scirotto"", "" Earl Walton"", "" Joe Lindsay"")","Indianapolis, IN",Gainbridge Fieldhouse,17923,NA,NA,NA,NA,NA,NA,NA,NA,NA,Tennessee,Michigan,FALSE
401408608,2022-03-19,Tennessee,Michigan,301,2,0:37,37,37,Foul on Zakai Zeigler.,66,70,-4,5,0.03173924340610841,0.023847697012888667,2,3,7,136.5,"c(""Larry Scirotto"", "" Earl Walton"", "" Joe Lindsay"")","Indianapolis, IN",Gainbridge Fieldhouse,17923,NA,NA,NA,NA,NA,NA,NA,NA,NA,Michigan,Michigan,FALSE
401408608,2022-03-19,Tennessee,Michigan,302,2,0:37,37,37,Eli Brooks made Free Throw.,66,71,-5,0,0.012793647961019977,0.009566136167212039,2,3,7,136.5,"c(""Larry Scirotto"", "" Earl Walton"", "" Joe Lindsay"")","Indianapolis, IN",Gainbridge Fieldhouse,17923,NA,NA,NA,Michigan,made,Eli Brooks,NA,NA,TRUE,Michigan,Michigan,FALSE
401408608,2022-03-19,Tennessee,Michigan,303,2,0:37,37,37,Eli Brooks made Free Throw.,66,72,-6,0,0.005097406093453347,0.0038039788702828843,2,3,7,136.5,"c(""Larry Scirotto"", "" Earl Walton"", "" Joe Lindsay"")","Indianapolis, IN",Gainbridge Fieldhouse,17923,NA,NA,NA,Michigan,made,Eli Brooks,NA,NA,TRUE,Michigan,Tennessee,FALSE
401408608,2022-03-19,Tennessee,Michigan,304,2,0:27,27,27,Josiah-Jordan James missed Three Point Jumper.,66,72,-6,10,0.0034621387190331377,0.002619703084679086,2,3,7,136.5,"c(""Larry Scirotto"", "" Earl Walton"", "" Joe Lindsay"")","Indianapolis, IN",Gainbridge Fieldhouse,17923,NA,45,72.27555555555554,Tennessee,missed,Josiah-Jordan James,NA,TRUE,FALSE,Tennessee,Michigan,FALSE
401408608,2022-03-19,Tennessee,Michigan,305,2,0:27,27,27,John Fulkerson Offensive Rebound.,66,72,-6,0,0.0034621387190331377,0.002619703084679086,2,3,7,136.5,"c(""Larry Scirotto"", "" Earl Walton"", "" Joe Lindsay"")","Indianapolis, IN",Gainbridge Fieldhouse,17923,NA,NA,NA,NA,NA,NA,NA,NA,NA,Tennessee,Michigan,FALSE
401408608,2022-03-19,Tennessee,Michigan,306,2,0:27,27,27,John Fulkerson made Two Point Tip Shot.,68,72,-4,0,0.024561421260932328,0.018681180598484944,2,3,7,136.5,"c(""Larry Scirotto"", "" Earl Walton"", "" Joe Lindsay"")","Indianapolis, IN",Gainbridge Fieldhouse,17923,NA,25,86.89777777777778,Tennessee,made,John Fulkerson,NA,FALSE,FALSE,Tennessee,Michigan,FALSE
401408608,2022-03-19,Tennessee,Michigan,307,2,0:27,27,27,Foul on Eli Brooks.,68,72,-4,0,0.024561421260932328,0.018681180598484944,2,3,7,136.5,"c(""Larry Scirotto"", "" Earl Walton"", "" Joe Lindsay"")","Indianapolis, IN",Gainbridge Fieldhouse,17923,NA,NA,NA,NA,NA,NA,NA,NA,NA,Tennessee,Michigan,FALSE
401408608,2022-03-19,Tennessee,Michigan,308,2,0:27,27,27,John Fulkerson missed Free Throw.,68,72,-4,0,0.024561421260932328,0.018681180598484944,2,3,7,136.5,"c(""Larry Scirotto"", "" Earl Walton"", "" Joe Lindsay"")","Indianapolis, IN",Gainbridge Fieldhouse,17923,NA,NA,NA,Tennessee,missed,John Fulkerson,NA,NA,TRUE,Tennessee,Michigan,FALSE
401408608,2022-03-19,Tennessee,Michigan,309,2,0:27,27,27,Moussa Diabate Defensive Rebound.,68,72,-4,0,0.024561421260932328,0.018681180598484944,2,3,7,136.5,"c(""Larry Scirotto"", "" Earl Walton"", "" Joe Lindsay"")","Indianapolis, IN",Gainbridge Fieldhouse,17923,NA,NA,NA,NA,NA,NA,NA,NA,NA,Tennessee,Michigan,FALSE
401408608,2022-03-19,Tennessee,Michigan,310,2,0:23,23,23,Foul on Josiah-Jordan James.,68,72,-4,4,0.02209591640222797,0.01689182188116198,2,3,7,136.5,"c(""Larry Scirotto"", "" Earl Walton"", "" Joe Lindsay"")","Indianapolis, IN",Gainbridge Fieldhouse,17923,NA,NA,NA,NA,NA,NA,NA,NA,NA,Michigan,Michigan,FALSE
401408608,2022-03-19,Tennessee,Michigan,311,2,0:23,23,23,Moussa Diabate made Free Throw.,68,73,-5,0,0.008114209624892791,0.00618230894378108,2,3,7,136.5,"c(""Larry Scirotto"", "" Earl Walton"", "" Joe Lindsay"")","Indianapolis, IN",Gainbridge Fieldhouse,17923,NA,NA,NA,Michigan,made,Moussa Diabate,NA,NA,TRUE,Michigan,Michigan,FALSE
401408608,2022-03-19,Tennessee,Michigan,312,2,0:23,23,23,Moussa Diabate made Free Throw.,68,74,-6,0,0.002953037522998564,0.002247169053023267,2,3,7,136.5,"c(""Larry Scirotto"", "" Earl Walton"", "" Joe Lindsay"")","Indianapolis, IN",Gainbridge Fieldhouse,17923,NA,NA,NA,Michigan,made,Moussa Diabate,NA,NA,TRUE,Michigan,Tennessee,FALSE
401408608,2022-03-19,Tennessee,Michigan,313,2,0:16,16,16,Kennedy Chandler missed Layup.,68,74,-6,7,0.0022138912992968624,0.0017017991407835059,2,3,7,136.5,"c(""Larry Scirotto"", "" Earl Walton"", "" Joe Lindsay"")","Indianapolis, IN",Gainbridge Fieldhouse,17923,NA,28.000000000000004,86.89777777777778,Tennessee,missed,Kennedy Chandler,NA,FALSE,FALSE,Tennessee,Michigan,FALSE
401408608,2022-03-19,Tennessee,Michigan,314,2,0:16,16,16,Hunter Dickinson Defensive Rebound.,68,74,-6,0,0.0022138912992968624,0.0017017991407835059,2,3,7,136.5,"c(""Larry Scirotto"", "" Earl Walton"", "" Joe Lindsay"")","Indianapolis, IN",Gainbridge Fieldhouse,17923,NA,NA,NA,NA,NA,NA,NA,NA,NA,Tennessee,Michigan,FALSE
401408608,2022-03-19,Tennessee,Michigan,315,2,0:14,14,14,Foul on John Fulkerson.,68,74,-6,2,0.0020335465007248798,0.001567758667046619,2,3,7,136.5,"c(""Larry Scirotto"", "" Earl Walton"", "" Joe Lindsay"")","Indianapolis, IN",Gainbridge Fieldhouse,17923,NA,NA,NA,NA,NA,NA,NA,NA,NA,Michigan,Michigan,FALSE
401408608,2022-03-19,Tennessee,Michigan,316,2,0:14,14,14,Hunter Dickinson made Free Throw.,68,75,-7,0,6.942192738362315e-4,5.350425085883905e-4,2,3,7,136.5,"c(""Larry Scirotto"", "" Earl Walton"", "" Joe Lindsay"")","Indianapolis, IN",Gainbridge Fieldhouse,17923,NA,NA,NA,Michigan,made,Hunter Dickinson,NA,NA,TRUE,Michigan,Michigan,FALSE
401408608,2022-03-19,Tennessee,Michigan,317,2,0:14,14,14,Hunter Dickinson made Free Throw.,68,76,-8,0,2.3678572821694122e-4,1.8247423992435053e-4,2,3,7,136.5,"c(""Larry Scirotto"", "" Earl Walton"", "" Joe Lindsay"")","Indianapolis, IN",Gainbridge Fieldhouse,17923,NA,NA,NA,Michigan,made,Hunter Dickinson,NA,NA,TRUE,Michigan,Tennessee,FALSE
401408608,2022-03-19,Tennessee,Michigan,318,2,0:09,9,9,Zakai Zeigler missed Three Point Jumper.,68,76,-8,5,1.7769111105378135e-4,1.379643217887563e-4,2,3,7,136.5,"c(""Larry Scirotto"", "" Earl Walton"", "" Joe Lindsay"")","Indianapolis, IN",Gainbridge Fieldhouse,17923,NA,34,60.78666666666667,Tennessee,missed,Zakai Zeigler,NA,TRUE,FALSE,Tennessee,Michigan,FALSE
401408608,2022-03-19,Tennessee,Michigan,319,2,0:09,9,9,Hunter Dickinson Defensive Rebound.,68,76,-8,0,1.7769111105378135e-4,1.379643217887563e-4,2,3,7,136.5,"c(""Larry Scirotto"", "" Earl Walton"", "" Joe Lindsay"")","Indianapolis, IN",Gainbridge Fieldhouse,17923,NA,NA,NA,NA,NA,NA,NA,NA,NA,Tennessee,Michigan,FALSE
401408608,2022-03-19,Tennessee,Michigan,320,2,0:00,0,0,End of Game,68,76,-8,9,0,0,2,3,7,136.5,"c(""Larry Scirotto"", "" Earl Walton"", "" Joe Lindsay"")","Indianapolis, IN",Gainbridge Fieldhouse,17923,NA,NA,NA,NA,NA,NA,NA,NA,NA,Michigan,NA,FALSE
