play_id,half,time_remaining_half,secs_remaining,secs_remaining_absolute,description,home_score,away_score,score_diff,play_length,win_prob,naive_win_prob,home,away,home_time_out_remaining,away_time_out_remaining,home_favored_by,game_id,date
1,1,20:00,2400,2400,PLAY,0,0,0,5,0.5,0.5,Pennsylvania,Manhattan,6,6,NA,313330219,2011-11-29
2,1,19:55,2395,2395,Emmy Andujar made Layup.,0,2,-2,22,0.45586891050366896,0.45586891050366896,Pennsylvania,Manhattan,6,6,NA,313330219,2011-11-29
3,1,19:33,2373,2373,Cameron Gunter missed Jumper.,0,2,-2,0,0.4554032958067534,0.4554032958067534,Pennsylvania,Manhattan,6,6,NA,313330219,2011-11-29
4,1,19:33,2373,2373,Emmy Andujar Defensive Rebound.,0,2,-2,10,0.4554032958067534,0.4554032958067534,Pennsylvania,Manhattan,6,6,NA,313330219,2011-11-29
5,1,19:23,2363,2363,Emmy Andujar Turnover.,0,2,-2,1,0.45518936608070915,0.45518936608070915,Pennsylvania,Manhattan,6,6,NA,313330219,2011-11-29
6,1,19:22,2362,2362,Miles Cartwright Steal.,0,2,-2,5,0.4551678976921304,0.4551678976921304,Pennsylvania,Manhattan,6,6,NA,313330219,2011-11-29
7,1,19:17,2357,2357,Henry Brooks missed Layup.,0,2,-2,0,0.4550603542849654,0.4550603542849654,Pennsylvania,Manhattan,6,6,NA,313330219,2011-11-29
8,1,19:17,2357,2357,Pennsylvania Offensive Rebound.,0,2,-2,1,0.4550603542849654,0.4550603542849654,Pennsylvania,Manhattan,6,6,NA,313330219,2011-11-29
9,1,19:16,2356,2356,Henry Brooks made Layup.  Assisted by Rob Belcore.,2,2,0,22,0.5,0.5,Pennsylvania,Manhattan,6,6,NA,313330219,2011-11-29
10,1,18:54,2334,2334,Roberto Colonette missed Layup.,2,2,0,0,0.5,0.5,Pennsylvania,Manhattan,6,6,NA,313330219,2011-11-29
11,1,18:54,2334,2334,Cameron Gunter Block.,2,2,0,2,0.5,0.5,Pennsylvania,Manhattan,6,6,NA,313330219,2011-11-29
12,1,18:52,2332,2332,Henry Brooks Defensive Rebound.,2,2,0,22,0.5,0.5,Pennsylvania,Manhattan,6,6,NA,313330219,2011-11-29
13,1,18:30,2310,2310,Cameron Gunter Turnover.,2,2,0,14,0.5,0.5,Pennsylvania,Manhattan,6,6,NA,313330219,2011-11-29
14,1,18:16,2296,2296,Donovan Kates missed Layup.,2,2,0,0,0.5,0.5,Pennsylvania,Manhattan,6,6,NA,313330219,2011-11-29
15,1,18:16,2296,2296,Roberto Colonette Offensive Rebound.,2,2,0,16,0.5,0.5,Pennsylvania,Manhattan,6,6,NA,313330219,2011-11-29
16,1,18:00,2280,2280,Foul on Henry Brooks,2,2,0,1,0.5,0.5,Pennsylvania,Manhattan,6,6,NA,313330219,2011-11-29
17,1,17:59,2279,2279,Emmy Andujar Turnover.,2,2,0,14,0.5,0.5,Pennsylvania,Manhattan,6,6,NA,313330219,2011-11-29
18,1,17:45,2265,2265,Rob Belcore Turnover.,2,2,0,8,0.5,0.5,Pennsylvania,Manhattan,6,6,NA,313330219,2011-11-29
19,1,17:37,2257,2257,Foul on Cameron Gunter,2,2,0,0,0.5,0.5,Pennsylvania,Manhattan,6,6,NA,313330219,2011-11-29
20,1,17:37,2257,2257,Roberto Colonette missed Free Throw.,2,2,0,0,0.5,0.5,Pennsylvania,Manhattan,6,6,NA,313330219,2011-11-29
21,1,17:37,2257,2257,null,2,2,0,0,0.5,0.5,Pennsylvania,Manhattan,6,6,NA,313330219,2011-11-29
22,1,17:37,2257,2257,Roberto Colonette missed Free Throw.,2,2,0,0,0.5,0.5,Pennsylvania,Manhattan,6,6,NA,313330219,2011-11-29
23,1,17:37,2257,2257,Emmy Andujar Offensive Rebound.,2,2,0,1,0.5,0.5,Pennsylvania,Manhattan,6,6,NA,313330219,2011-11-29
24,1,17:36,2256,2256,Emmy Andujar missed Layup.,2,2,0,0,0.5,0.5,Pennsylvania,Manhattan,6,6,NA,313330219,2011-11-29
25,1,17:36,2256,2256,Roberto Colonette Offensive Rebound.,2,2,0,23,0.5,0.5,Pennsylvania,Manhattan,6,6,NA,313330219,2011-11-29
26,1,17:13,2233,2233,Emmy Andujar missed Three Point Jumper.,2,2,0,0,0.5,0.5,Pennsylvania,Manhattan,6,6,NA,313330219,2011-11-29
27,1,17:13,2233,2233,Roberto Colonette Offensive Rebound.,2,2,0,4,0.5,0.5,Pennsylvania,Manhattan,6,6,NA,313330219,2011-11-29
28,1,17:09,2229,2229,Roberto Colonette made Layup.,2,4,-2,33,0.4522129371098579,0.4522129371098579,Pennsylvania,Manhattan,6,6,NA,313330219,2011-11-29
29,1,16:36,2196,2196,Miles Cartwright missed Three Point Jumper.,2,4,-2,0,0.4514571366167739,0.4514571366167739,Pennsylvania,Manhattan,6,6,NA,313330219,2011-11-29
30,1,16:36,2196,2196,Roberto Colonette Defensive Rebound.,2,4,-2,15,0.4514571366167739,0.4514571366167739,Pennsylvania,Manhattan,6,6,NA,313330219,2011-11-29
31,1,16:21,2181,2181,Donovan Kates Turnover.,2,4,-2,15,0.4511117595001653,0.4511117595001653,Pennsylvania,Manhattan,6,6,NA,313330219,2011-11-29
32,1,16:06,2166,2166,Foul on Kidani Brutus,2,4,-2,9,0.45076545422542874,0.45076545422542874,Pennsylvania,Manhattan,6,6,NA,313330219,2011-11-29
33,1,15:57,2157,2157,Zack Rosen made Jumper.,4,4,0,25,0.5,0.5,Pennsylvania,Manhattan,6,6,NA,313330219,2011-11-29
34,1,15:32,2132,2132,Liam McCabe-Moran made Jumper.,4,6,-2,13,0.44997467734832597,0.44997467734832597,Pennsylvania,Manhattan,6,6,NA,313330219,2011-11-29
35,1,15:19,2119,2119,Tyler Bernardini missed Three Point Jumper.,4,6,-2,0,0.44966980006767543,0.44966980006767543,Pennsylvania,Manhattan,6,6,NA,313330219,2011-11-29
36,1,15:19,2119,2119,Pennsylvania Offensive Rebound.,4,6,-2,0,0.44966980006767543,0.44966980006767543,Pennsylvania,Manhattan,6,6,NA,313330219,2011-11-29
37,1,15:19,2119,2119,Official TV Timeout.,4,6,-2,7,0.44966980006767543,0.44966980006767543,Pennsylvania,Manhattan,6,6,NA,313330219,2011-11-29
38,1,15:12,2112,2112,Fran Dougherty missed Layup.,4,6,-2,0,0.4495050153143047,0.4495050153143047,Pennsylvania,Manhattan,6,6,NA,313330219,2011-11-29
39,1,15:12,2112,2112,Rhamel Brown Block.,4,6,-2,0,0.4495050153143047,0.4495050153143047,Pennsylvania,Manhattan,6,6,NA,313330219,2011-11-29
40,1,15:12,2112,2112,Pennsylvania Offensive Rebound.,4,6,-2,6,0.4495050153143047,0.4495050153143047,Pennsylvania,Manhattan,6,6,NA,313330219,2011-11-29
41,1,15:06,2106,2106,Fran Dougherty missed Jumper.,4,6,-2,0,0.4493634144301274,0.4493634144301274,Pennsylvania,Manhattan,6,6,NA,313330219,2011-11-29
42,1,15:06,2106,2106,Kidani Brutus Defensive Rebound.,4,6,-2,11,0.4493634144301274,0.4493634144301274,Pennsylvania,Manhattan,6,6,NA,313330219,2011-11-29
43,1,14:55,2095,2095,Foul on George Beamon,4,6,-2,0,0.44910293228347964,0.44910293228347964,Pennsylvania,Manhattan,6,6,NA,313330219,2011-11-29
44,1,14:55,2095,2095,George Beamon Turnover.,4,6,-2,31,0.44910293228347964,0.44910293228347964,Pennsylvania,Manhattan,6,6,NA,313330219,2011-11-29
45,1,14:24,2064,2064,Marin Kukoc made Three Point Jumper.  Assisted by Tyler Bernardini.,7,6,1,11,0.525888030926191,0.525888030926191,Pennsylvania,Manhattan,6,6,NA,313330219,2011-11-29
46,1,14:13,2053,2053,DeCarlos Anderson Turnover.,7,6,1,11,0.5260217155563577,0.5260217155563577,Pennsylvania,Manhattan,6,6,NA,313330219,2011-11-29
47,1,14:02,2042,2042,Miles Cartwright made Jumper.  Assisted by Fran Dougherty.,9,6,3,5,0.577900312236857,0.577900312236857,Pennsylvania,Manhattan,6,6,NA,313330219,2011-11-29
48,1,13:57,2037,2037,Foul on Tyler Bernardini,9,6,3,11,0.5780802725687688,0.5780802725687688,Pennsylvania,Manhattan,6,6,NA,313330219,2011-11-29
49,1,13:46,2026,2026,George Beamon Turnover.,9,6,3,19,0.5784776731286738,0.5784776731286738,Pennsylvania,Manhattan,6,6,NA,313330219,2011-11-29
50,1,13:27,2007,2007,Fran Dougherty missed Layup.,9,6,3,0,0.5791690721718554,0.5791690721718554,Pennsylvania,Manhattan,6,6,NA,313330219,2011-11-29
51,1,13:27,2007,2007,Rhamel Brown Defensive Rebound.,9,6,3,13,0.5791690721718554,0.5791690721718554,Pennsylvania,Manhattan,6,6,NA,313330219,2011-11-29
52,1,13:14,1994,1994,Rhamel Brown made Layup.  Assisted by Emmy Andujar.,9,8,1,0,0.5267510982190485,0.5267510982190485,Pennsylvania,Manhattan,6,6,NA,313330219,2011-11-29
53,1,13:14,1994,1994,Foul on Fran Dougherty,9,8,1,0,0.5267510982190485,0.5267510982190485,Pennsylvania,Manhattan,6,6,NA,313330219,2011-11-29
54,1,13:14,1994,1994,Rhamel Brown made Free Throw.,9,9,0,25,0.5,0.5,Pennsylvania,Manhattan,6,6,NA,313330219,2011-11-29
55,1,12:49,1969,1969,Fran Dougherty missed Layup.,9,9,0,0,0.5,0.5,Pennsylvania,Manhattan,6,6,NA,313330219,2011-11-29
56,1,12:49,1969,1969,Rhamel Brown Defensive Rebound.,9,9,0,12,0.5,0.5,Pennsylvania,Manhattan,6,6,NA,313330219,2011-11-29
57,1,12:37,1957,1957,Emmy Andujar missed Three Point Jumper.,9,9,0,0,0.5,0.5,Pennsylvania,Manhattan,6,6,NA,313330219,2011-11-29
58,1,12:37,1957,1957,Rhamel Brown Offensive Rebound.,9,9,0,28,0.5,0.5,Pennsylvania,Manhattan,6,6,NA,313330219,2011-11-29
59,1,12:09,1929,1929,Michael Alvarado Turnover.,9,9,0,1,0.5,0.5,Pennsylvania,Manhattan,6,6,NA,313330219,2011-11-29
60,1,12:08,1928,1928,Fran Dougherty Steal.,9,9,0,4,0.5,0.5,Pennsylvania,Manhattan,6,6,NA,313330219,2011-11-29
61,1,12:04,1924,1924,Zack Rosen made Layup.,11,9,2,5,0.5551251898677473,0.5551251898677473,Pennsylvania,Manhattan,6,6,NA,313330219,2011-11-29
62,1,11:59,1919,1919,Michael Alvarado Turnover.,11,9,2,0,0.5552539538854575,0.5552539538854575,Pennsylvania,Manhattan,6,6,NA,313330219,2011-11-29
63,1,11:59,1919,1919,Official TV Timeout.,11,9,2,24,0.5552539538854575,0.5552539538854575,Pennsylvania,Manhattan,6,6,NA,313330219,2011-11-29
64,1,11:35,1895,1895,Miles Cartwright missed Jumper.,11,9,2,0,0.5558710452580202,0.5558710452580202,Pennsylvania,Manhattan,6,6,NA,313330219,2011-11-29
65,1,11:35,1895,1895,Emmy Andujar Defensive Rebound.,11,9,2,5,0.5558710452580202,0.5558710452580202,Pennsylvania,Manhattan,6,6,NA,313330219,2011-11-29
66,1,11:30,1890,1890,Michael Alvarado missed Layup.,11,9,2,0,0.5559995290432497,0.5559995290432497,Pennsylvania,Manhattan,6,6,NA,313330219,2011-11-29
67,1,11:30,1890,1890,Zack Rosen Defensive Rebound.,11,9,2,11,0.5559995290432497,0.5559995290432497,Pennsylvania,Manhattan,6,6,NA,313330219,2011-11-29
68,1,11:19,1879,1879,Mike Howlett missed Jumper.,11,9,2,0,0.5562822804099775,0.5562822804099775,Pennsylvania,Manhattan,6,6,NA,313330219,2011-11-29
69,1,11:19,1879,1879,Emmy Andujar Defensive Rebound.,11,9,2,3,0.5562822804099775,0.5562822804099775,Pennsylvania,Manhattan,6,6,NA,313330219,2011-11-29
70,1,11:16,1876,1876,Manhattan Full Timeout.,11,9,2,13,0.5563594356283966,0.5563594356283966,Pennsylvania,Manhattan,5,6,NA,313330219,2011-11-29
71,1,11:03,1863,1863,Donovan Kates missed Three Point Jumper.,11,9,2,0,0.5566941227763208,0.5566941227763208,Pennsylvania,Manhattan,5,6,NA,313330219,2011-11-29
72,1,11:03,1863,1863,Manhattan Offensive Rebound.,11,9,2,13,0.5566941227763208,0.5566941227763208,Pennsylvania,Manhattan,5,6,NA,313330219,2011-11-29
73,1,10:50,1850,1850,Emmy Andujar missed Jumper.,11,9,2,0,0.5570296260454703,0.5570296260454703,Pennsylvania,Manhattan,5,6,NA,313330219,2011-11-29
74,1,10:50,1850,1850,Marin Kukoc Block.,11,9,2,2,0.5570296260454703,0.5570296260454703,Pennsylvania,Manhattan,5,6,NA,313330219,2011-11-29
75,1,10:48,1848,1848,Tyler Bernardini Defensive Rebound.,11,9,2,0,0.5570813358575178,0.5570813358575178,Pennsylvania,Manhattan,5,6,NA,313330219,2011-11-29
76,1,10:48,1848,1848,Foul on Rhamel Brown,11,9,2,13,0.5570813358575178,0.5570813358575178,Pennsylvania,Manhattan,5,6,NA,313330219,2011-11-29
77,1,10:35,1835,1835,Zack Rosen missed Three Point Jumper.,11,9,2,0,0.5574181997442285,0.5574181997442285,Pennsylvania,Manhattan,5,6,NA,313330219,2011-11-29
78,1,10:35,1835,1835,Roberto Colonette Defensive Rebound.,11,9,2,7,0.5574181997442285,0.5574181997442285,Pennsylvania,Manhattan,5,6,NA,313330219,2011-11-29
79,1,10:28,1828,1828,George Beamon made Layup.  Assisted by Roberto Colonette.,11,11,0,0,0.5,0.5,Pennsylvania,Manhattan,5,6,NA,313330219,2011-11-29
80,1,10:28,1828,1828,Foul on Tyler Bernardini,11,11,0,0,0.5,0.5,Pennsylvania,Manhattan,5,6,NA,313330219,2011-11-29
81,1,10:28,1828,1828,George Beamon made Free Throw.,11,12,-1,19,0.4711037055150917,0.4711037055150917,Pennsylvania,Manhattan,5,6,NA,313330219,2011-11-29
82,1,10:09,1809,1809,Zack Rosen made Three Point Jumper.  Assisted by Marin Kukoc.,14,12,2,21,0.5580968903031543,0.5580968903031543,Pennsylvania,Manhattan,5,6,NA,313330219,2011-11-29
83,1,9:48,1788,1788,Foul on Ryan McCoy,14,12,2,0,0.5586514059427342,0.5586514059427342,Pennsylvania,Manhattan,5,6,NA,313330219,2011-11-29
84,1,9:48,1788,1788,Ryan McCoy Turnover.,14,12,2,12,0.5586514059427342,0.5586514059427342,Pennsylvania,Manhattan,5,6,NA,313330219,2011-11-29
85,1,9:36,1776,1776,Miles Cartwright made Three Point Jumper.,17,12,5,3,0.6439320410779831,0.6439320410779831,Pennsylvania,Manhattan,5,6,NA,313330219,2011-11-29
86,1,9:33,1773,1773,Manhattan Full Timeout.,17,12,5,13,0.6441189668340199,0.6441189668340199,Pennsylvania,Manhattan,4,6,NA,313330219,2011-11-29
87,1,9:20,1760,1760,Donovan Kates made Three Point Jumper.  Assisted by Roberto Colonette.,17,15,2,14,0.5594022004905672,0.5594022004905672,Pennsylvania,Manhattan,4,6,NA,313330219,2011-11-29
88,1,9:06,1746,1746,Mike Howlett missed Jumper.,17,15,2,0,0.559783444160035,0.559783444160035,Pennsylvania,Manhattan,4,6,NA,313330219,2011-11-29
89,1,9:06,1746,1746,Pennsylvania Offensive Rebound.,17,15,2,8,0.559783444160035,0.559783444160035,Pennsylvania,Manhattan,4,6,NA,313330219,2011-11-29
90,1,8:58,1738,1738,Marin Kukoc missed Layup.,17,15,2,0,0.560003271493781,0.560003271493781,Pennsylvania,Manhattan,4,6,NA,313330219,2011-11-29
91,1,8:58,1738,1738,Roberto Colonette Block.,17,15,2,1,0.560003271493781,0.560003271493781,Pennsylvania,Manhattan,4,6,NA,313330219,2011-11-29
92,1,8:57,1737,1737,Ryan McCoy Defensive Rebound.,17,15,2,18,0.5600308561056404,0.5600308561056404,Pennsylvania,Manhattan,4,6,NA,313330219,2011-11-29
93,1,8:39,1719,1719,Foul on Henry Brooks,17,15,2,19,0.560531649098181,0.560531649098181,Pennsylvania,Manhattan,4,6,NA,313330219,2011-11-29
94,1,8:20,1700,1700,Ryan McCoy missed Layup.,17,15,2,0,0.561069719170043,0.561069719170043,Pennsylvania,Manhattan,4,6,NA,313330219,2011-11-29
95,1,8:20,1700,1700,Manhattan Offensive Rebound.,17,15,2,13,0.561069719170043,0.561069719170043,Pennsylvania,Manhattan,4,6,NA,313330219,2011-11-29
96,1,8:07,1687,1687,Manhattan Turnover.,17,15,2,14,0.5614436418683096,0.5614436418683096,Pennsylvania,Manhattan,4,6,NA,313330219,2011-11-29
97,1,7:53,1673,1673,Miles Cartwright missed Layup.,17,15,2,0,0.5618419905853336,0.5618419905853336,Pennsylvania,Manhattan,4,6,NA,313330219,2011-11-29
98,1,7:53,1673,1673,Ryan McCoy Defensive Rebound.,17,15,2,7,0.5618419905853336,0.5618419905853336,Pennsylvania,Manhattan,4,6,NA,313330219,2011-11-29
99,1,7:46,1666,1666,Kidani Brutus made Three Point Jumper.,17,18,-1,14,0.4688605608787106,0.4688605608787106,Pennsylvania,Manhattan,4,6,NA,313330219,2011-11-29
100,1,7:32,1652,1652,Rob Belcore missed Layup.,17,18,-1,0,0.46866446225385766,0.46866446225385766,Pennsylvania,Manhattan,4,6,NA,313330219,2011-11-29
101,1,7:32,1652,1652,Ryan McCoy Defensive Rebound.,17,18,-1,6,0.46866446225385766,0.46866446225385766,Pennsylvania,Manhattan,4,6,NA,313330219,2011-11-29
102,1,7:26,1646,1646,Foul on Rob Belcore,17,18,-1,0,0.4685812724401714,0.4685812724401714,Pennsylvania,Manhattan,4,6,NA,313330219,2011-11-29
103,1,7:26,1646,1646,Official TV Timeout.,17,18,-1,0,0.4685812724401714,0.4685812724401714,Pennsylvania,Manhattan,4,6,NA,313330219,2011-11-29
104,1,7:26,1646,1646,Roberto Colonette missed Free Throw.,17,18,-1,0,0.4685812724401714,0.4685812724401714,Pennsylvania,Manhattan,4,6,NA,313330219,2011-11-29
105,1,7:26,1646,1646,Kidani Brutus Offensive Rebound.,17,18,-1,11,0.4685812724401714,0.4685812724401714,Pennsylvania,Manhattan,4,6,NA,313330219,2011-11-29
106,1,7:15,1635,1635,Kidani Brutus made Layup.  Assisted by Roberto Colonette.,17,20,-3,17,0.4062844499778993,0.4062844499778993,Pennsylvania,Manhattan,4,6,NA,313330219,2011-11-29
107,1,6:58,1618,1618,Fran Dougherty Turnover.,17,20,-3,1,0.40561008841491536,0.40561008841491536,Pennsylvania,Manhattan,4,6,NA,313330219,2011-11-29
108,1,6:57,1617,1617,Ryan McCoy Steal.,17,20,-3,6,0.40557057631804844,0.40557057631804844,Pennsylvania,Manhattan,4,6,NA,313330219,2011-11-29
109,1,6:51,1611,1611,Kidani Brutus missed Three Point Jumper.,17,20,-3,0,0.405333734127011,0.405333734127011,Pennsylvania,Manhattan,4,6,NA,313330219,2011-11-29
110,1,6:51,1611,1611,Rob Belcore Defensive Rebound.,17,20,-3,21,0.405333734127011,0.405333734127011,Pennsylvania,Manhattan,4,6,NA,313330219,2011-11-29
111,1,6:30,1590,1590,Rob Belcore made Jumper.  Assisted by Marin Kukoc.,19,20,-1,10,0.4678174178809524,0.4678174178809524,Pennsylvania,Manhattan,4,6,NA,313330219,2011-11-29
112,1,6:20,1580,1580,Donovan Kates missed Three Point Jumper.,19,20,-1,0,0.4676812324232229,0.4676812324232229,Pennsylvania,Manhattan,4,6,NA,313330219,2011-11-29
113,1,6:20,1580,1580,Miles Cartwright Defensive Rebound.,19,20,-1,20,0.4676812324232229,0.4676812324232229,Pennsylvania,Manhattan,4,6,NA,313330219,2011-11-29
114,1,6:00,1560,1560,Rob Belcore made Layup.,21,20,1,16,0.5325933019865038,0.5325933019865038,Pennsylvania,Manhattan,4,6,NA,313330219,2011-11-29
115,1,5:44,1544,1544,Roberto Colonette made Layup.  Assisted by Michael Alvarado.,21,22,-1,8,0.4671837816850666,0.4671837816850666,Pennsylvania,Manhattan,4,6,NA,313330219,2011-11-29
116,1,5:36,1536,1536,Foul on Michael Alvarado,21,22,-1,11,0.46707084094761714,0.46707084094761714,Pennsylvania,Manhattan,4,6,NA,313330219,2011-11-29
117,1,5:25,1525,1525,Patrick Lucas-Perry missed Jumper.,21,22,-1,0,0.4669135991668731,0.4669135991668731,Pennsylvania,Manhattan,4,6,NA,313330219,2011-11-29
118,1,5:25,1525,1525,Liam McCabe-Moran Defensive Rebound.,21,22,-1,15,0.4669135991668731,0.4669135991668731,Pennsylvania,Manhattan,4,6,NA,313330219,2011-11-29
119,1,5:10,1510,1510,Kidani Brutus made Three Point Jumper.  Assisted by George Beamon.,21,25,-4,20,0.3696610400863992,0.3696610400863992,Pennsylvania,Manhattan,4,6,NA,313330219,2011-11-29
120,1,4:50,1490,1490,Rob Belcore Turnover.,21,25,-4,3,0.3685358893831622,0.3685358893831622,Pennsylvania,Manhattan,4,6,NA,313330219,2011-11-29
121,1,4:47,1487,1487,Kidani Brutus Steal.,21,25,-4,8,0.3683634350727723,0.3683634350727723,Pennsylvania,Manhattan,4,6,NA,313330219,2011-11-29
122,1,4:39,1479,1479,Liam McCabe-Moran made Three Point Jumper.  Assisted by Kidani Brutus.,21,28,-7,6,0.2794531492915913,0.2794531492915913,Pennsylvania,Manhattan,4,6,NA,313330219,2011-11-29
123,1,4:33,1473,1473,Pennsylvania Full Timeout.,21,28,-7,31,0.278917054993723,0.278917054993723,Pennsylvania,Manhattan,4,5,NA,313330219,2011-11-29
124,1,4:02,1442,1442,Zack Rosen made Jumper.,23,28,-5,13,0.33432809175691386,0.33432809175691386,Pennsylvania,Manhattan,4,5,NA,313330219,2011-11-29
125,1,3:49,1429,1429,Liam McCabe-Moran made Layup.  Assisted by Emmy Andujar.,23,30,-7,29,0.27486197014391217,0.27486197014391217,Pennsylvania,Manhattan,4,5,NA,313330219,2011-11-29
126,1,3:20,1400,1400,Patrick Lucas-Perry made Jumper.  Assisted by Zack Rosen.,25,30,-5,11,0.33135111103348985,0.33135111103348985,Pennsylvania,Manhattan,4,5,NA,313330219,2011-11-29
127,1,3:09,1389,1389,Foul on Patrick Lucas-Perry,25,30,-5,0,0.33059934633027205,0.33059934633027205,Pennsylvania,Manhattan,4,5,NA,313330219,2011-11-29
128,1,3:09,1389,1389,Official TV Timeout.,25,30,-5,0,0.33059934633027205,0.33059934633027205,Pennsylvania,Manhattan,4,5,NA,313330219,2011-11-29
129,1,3:09,1389,1389,Kidani Brutus made Free Throw.,25,31,-6,0,0.3001527324947355,0.3001527324947355,Pennsylvania,Manhattan,4,5,NA,313330219,2011-11-29
130,1,3:09,1389,1389,Kidani Brutus made Free Throw.,25,32,-7,16,0.2713733762800328,0.2713733762800328,Pennsylvania,Manhattan,4,5,NA,313330219,2011-11-29
131,1,2:53,1373,1373,Patrick Lucas-Perry Turnover.,25,32,-7,19,0.2700187937239042,0.2700187937239042,Pennsylvania,Manhattan,4,5,NA,313330219,2011-11-29
132,1,2:34,1354,1354,Foul on Mike Howlett,25,32,-7,0,0.26841772447719653,0.26841772447719653,Pennsylvania,Manhattan,4,5,NA,313330219,2011-11-29
133,1,2:34,1354,1354,George Beamon made Free Throw.,25,33,-8,0,0.2412381863829461,0.2412381863829461,Pennsylvania,Manhattan,4,5,NA,313330219,2011-11-29
134,1,2:34,1354,1354,George Beamon made Free Throw.,25,34,-9,8,0.2159982351956069,0.2159982351956069,Pennsylvania,Manhattan,4,5,NA,313330219,2011-11-29
135,1,2:26,1346,1346,Pennsylvania Full Timeout.,25,34,-9,5,0.21524919082915975,0.21524919082915975,Pennsylvania,Manhattan,4,4,NA,313330219,2011-11-29
136,1,2:21,1341,1341,Rob Belcore made Layup.  Assisted by Marin Kukoc.,27,34,-7,10,0.26731796525156076,0.26731796525156076,Pennsylvania,Manhattan,4,4,NA,313330219,2011-11-29
137,1,2:11,1331,1331,George Beamon made Layup.  Assisted by Michael Alvarado.,27,36,-9,22,0.2138363818456462,0.2138363818456462,Pennsylvania,Manhattan,4,4,NA,313330219,2011-11-29
138,1,1:49,1309,1309,Marin Kukoc made Three Point Jumper.  Assisted by Rob Belcore.,30,36,-6,18,0.2939316847244797,0.2939316847244797,Pennsylvania,Manhattan,4,4,NA,313330219,2011-11-29
139,1,1:31,1291,1291,Michael Alvarado Turnover.,30,36,-6,0,0.2924558131344785,0.2924558131344785,Pennsylvania,Manhattan,4,4,NA,313330219,2011-11-29
140,1,1:31,1291,1291,Zack Rosen Steal.,30,36,-6,0,0.2924558131344785,0.2924558131344785,Pennsylvania,Manhattan,4,4,NA,313330219,2011-11-29
141,1,1:31,1291,1291,Foul on Michael Alvarado,30,36,-6,16,0.2924558131344785,0.2924558131344785,Pennsylvania,Manhattan,4,4,NA,313330219,2011-11-29
142,1,1:15,1275,1275,Fran Dougherty missed Layup.,30,36,-6,0,0.2910957822706946,0.2910957822706946,Pennsylvania,Manhattan,4,4,NA,313330219,2011-11-29
143,1,1:15,1275,1275,Rhamel Brown Block.,30,36,-6,2,0.2910957822706946,0.2910957822706946,Pennsylvania,Manhattan,4,4,NA,313330219,2011-11-29
144,1,1:13,1273,1273,Kidani Brutus Defensive Rebound.,30,36,-6,5,0.2909220879464471,0.2909220879464471,Pennsylvania,Manhattan,4,4,NA,313330219,2011-11-29
145,1,1:08,1268,1268,Kidani Brutus missed Three Point Jumper.,30,36,-6,0,0.2904839536162546,0.2904839536162546,Pennsylvania,Manhattan,4,4,NA,313330219,2011-11-29
146,1,1:08,1268,1268,Rhamel Brown Offensive Rebound.,30,36,-6,5,0.2904839536162546,0.2904839536162546,Pennsylvania,Manhattan,4,4,NA,313330219,2011-11-29
147,1,1:03,1263,1263,Kidani Brutus made Three Point Jumper.  Assisted by Rhamel Brown.,30,39,-9,26,0.2070525159950528,0.2070525159950528,Pennsylvania,Manhattan,4,4,NA,313330219,2011-11-29
148,1,0:37,1237,1237,Rob Belcore made Jumper.  Assisted by Zack Rosen.,32,39,-7,16,0.25767405391926046,0.25767405391926046,Pennsylvania,Manhattan,4,4,NA,313330219,2011-11-29
149,1,0:21,1221,1221,Foul on Rhamel Brown,32,39,-7,0,0.2559499852134763,0.2559499852134763,Pennsylvania,Manhattan,4,4,NA,313330219,2011-11-29
150,1,0:21,1221,1221,Rhamel Brown Turnover.,32,39,-7,15,0.2559499852134763,0.2559499852134763,Pennsylvania,Manhattan,4,4,NA,313330219,2011-11-29
151,1,0:06,1206,1206,Foul on Kidani Brutus,32,39,-7,0,0.25425577865187754,0.25425577865187754,Pennsylvania,Manhattan,4,4,NA,313330219,2011-11-29
152,1,0:06,1206,1206,Zack Rosen made Free Throw.,33,39,-6,0,0.28448508069842743,0.28448508069842743,Pennsylvania,Manhattan,4,4,NA,313330219,2011-11-29
153,1,0:06,1206,1206,Zack Rosen made Free Throw.,34,39,-5,6,0.3167817366240917,0.3167817366240917,Pennsylvania,Manhattan,4,4,NA,313330219,2011-11-29
154,1,0:00,1200,1200,End of the 1st Half.,34,39,-5,0,0.3162303721963287,0.3162303721963287,Pennsylvania,Manhattan,4,4,NA,313330219,2011-11-29
155,2,20:00,1200,1200,PLAY,34,39,-5,15,0.3162303721963287,0.3162303721963287,Pennsylvania,Manhattan,4,4,NA,313330219,2011-11-29
156,2,19:45,1185,1185,Miles Cartwright Turnover.,34,39,-5,0,0.31488136135256445,0.31488136135256445,Pennsylvania,Manhattan,4,4,NA,313330219,2011-11-29
157,2,19:45,1185,1185,Foul on Miles Cartwright,34,39,-5,15,0.31488136135256445,0.31488136135256445,Pennsylvania,Manhattan,4,4,NA,313330219,2011-11-29
158,2,19:30,1170,1170,Foul on Rob Belcore,34,39,-5,8,0.3135662117190373,0.3135662117190373,Pennsylvania,Manhattan,4,4,NA,313330219,2011-11-29
159,2,19:22,1162,1162,Emmy Andujar Turnover.,34,39,-5,12,0.312875154850051,0.312875154850051,Pennsylvania,Manhattan,4,4,NA,313330219,2011-11-29
160,2,19:10,1150,1150,Marin Kukoc missed Jumper.,34,39,-5,0,0.3118479173478962,0.3118479173478962,Pennsylvania,Manhattan,4,4,NA,313330219,2011-11-29
161,2,19:10,1150,1150,Roberto Colonette Defensive Rebound.,34,39,-5,12,0.3118479173478962,0.3118479173478962,Pennsylvania,Manhattan,4,4,NA,313330219,2011-11-29
162,2,18:58,1138,1138,Donovan Kates Turnover.,34,39,-5,1,0.3108273644864817,0.3108273644864817,Pennsylvania,Manhattan,4,4,NA,313330219,2011-11-29
163,2,18:57,1137,1137,Rob Belcore Steal.,34,39,-5,14,0.3107424610882491,0.3107424610882491,Pennsylvania,Manhattan,4,4,NA,313330219,2011-11-29
164,2,18:43,1123,1123,Miles Cartwright missed Jumper.,34,39,-5,0,0.3095533593147086,0.3095533593147086,Pennsylvania,Manhattan,4,4,NA,313330219,2011-11-29
165,2,18:43,1123,1123,Michael Alvarado Defensive Rebound.,34,39,-5,14,0.3095533593147086,0.3095533593147086,Pennsylvania,Manhattan,4,4,NA,313330219,2011-11-29
166,2,18:29,1109,1109,Michael Alvarado missed Layup.,34,39,-5,0,0.3083579125511302,0.3083579125511302,Pennsylvania,Manhattan,4,4,NA,313330219,2011-11-29
167,2,18:29,1109,1109,Marin Kukoc Defensive Rebound.,34,39,-5,0,0.3083579125511302,0.3083579125511302,Pennsylvania,Manhattan,4,4,NA,313330219,2011-11-29
168,2,18:29,1109,1109,Marin Kukoc Block.,34,39,-5,4,0.3083579125511302,0.3083579125511302,Pennsylvania,Manhattan,4,4,NA,313330219,2011-11-29
169,2,18:25,1105,1105,Foul on Mohamed Koita,34,39,-5,0,0.3080140824814243,0.3080140824814243,Pennsylvania,Manhattan,4,4,NA,313330219,2011-11-29
170,2,18:25,1105,1105,Tyler Bernardini made Free Throw.,35,39,-4,0,0.3435449905375368,0.3435449905375368,Pennsylvania,Manhattan,4,4,NA,313330219,2011-11-29
171,2,18:25,1105,1105,Tyler Bernardini made Free Throw.,36,39,-3,35,0.3809183646557049,0.3809183646557049,Pennsylvania,Manhattan,4,4,NA,313330219,2011-11-29
172,2,17:50,1070,1070,Mohamed Koita missed Layup.,36,39,-3,0,0.37886611739347054,0.37886611739347054,Pennsylvania,Manhattan,4,4,NA,313330219,2011-11-29
173,2,17:50,1070,1070,Tyler Bernardini Defensive Rebound.,36,39,-3,10,0.37886611739347054,0.37886611739347054,Pennsylvania,Manhattan,4,4,NA,313330219,2011-11-29
174,2,17:40,1060,1060,Tyler Bernardini missed Three Point Jumper.,36,39,-3,0,0.37825445482421677,0.37825445482421677,Pennsylvania,Manhattan,4,4,NA,313330219,2011-11-29
175,2,17:40,1060,1060,Roberto Colonette Defensive Rebound.,36,39,-3,12,0.37825445482421677,0.37825445482421677,Pennsylvania,Manhattan,4,4,NA,313330219,2011-11-29
176,2,17:28,1048,1048,Mohamed Koita made Three Point Jumper.  Assisted by Michael Alvarado.,36,42,-6,18,0.2688747846777824,0.2688747846777824,Pennsylvania,Manhattan,4,4,NA,313330219,2011-11-29
177,2,17:10,1030,1030,Rob Belcore made Layup.  Assisted by Tyler Bernardini.,38,42,-4,0,0.3376963648570033,0.3376963648570033,Pennsylvania,Manhattan,4,4,NA,313330219,2011-11-29
178,2,17:10,1030,1030,Foul on George Beamon,38,42,-4,0,0.3376963648570033,0.3376963648570033,Pennsylvania,Manhattan,4,4,NA,313330219,2011-11-29
179,2,17:10,1030,1030,Rob Belcore missed Free Throw.,38,42,-4,0,0.3376963648570033,0.3376963648570033,Pennsylvania,Manhattan,4,4,NA,313330219,2011-11-29
180,2,17:10,1030,1030,Marin Kukoc Offensive Rebound.,38,42,-4,11,0.3376963648570033,0.3376963648570033,Pennsylvania,Manhattan,4,4,NA,313330219,2011-11-29
181,2,16:59,1019,1019,Henry Brooks missed Jumper.,38,42,-4,0,0.33674202896100636,0.33674202896100636,Pennsylvania,Manhattan,4,4,NA,313330219,2011-11-29
182,2,16:59,1019,1019,George Beamon Defensive Rebound.,38,42,-4,21,0.33674202896100636,0.33674202896100636,Pennsylvania,Manhattan,4,4,NA,313330219,2011-11-29
183,2,16:38,998,998,Kidani Brutus Turnover.,38,42,-4,1,0.33482335443192635,0.33482335443192635,Pennsylvania,Manhattan,4,4,NA,313330219,2011-11-29
184,2,16:37,997,997,Henry Brooks Steal.,38,42,-4,13,0.33472854190953066,0.33472854190953066,Pennsylvania,Manhattan,4,4,NA,313330219,2011-11-29
185,2,16:24,984,984,Henry Brooks missed Jumper.,38,42,-4,0,0.333465034951892,0.333465034951892,Pennsylvania,Manhattan,4,4,NA,313330219,2011-11-29
186,2,16:24,984,984,George Beamon Defensive Rebound.,38,42,-4,7,0.333465034951892,0.333465034951892,Pennsylvania,Manhattan,4,4,NA,313330219,2011-11-29
187,2,16:17,977,977,Foul on Zack Rosen,38,42,-4,0,0.332759772028803,0.332759772028803,Pennsylvania,Manhattan,4,4,NA,313330219,2011-11-29
188,2,16:17,977,977,George Beamon made Free Throw.,38,43,-5,0,0.29532471083348527,0.29532471083348527,Pennsylvania,Manhattan,4,4,NA,313330219,2011-11-29
189,2,16:17,977,977,George Beamon made Free Throw.,38,44,-6,9,0.26045712896423034,0.26045712896423034,Pennsylvania,Manhattan,4,4,NA,313330219,2011-11-29
190,2,16:08,968,968,Foul on George Beamon,38,44,-6,7,0.25924543092262137,0.25924543092262137,Pennsylvania,Manhattan,4,4,NA,313330219,2011-11-29
191,2,16:01,961,961,Marin Kukoc made Three Point Jumper.  Assisted by Rob Belcore.,41,44,-3,8,0.3711356777594915,0.3711356777594915,Pennsylvania,Manhattan,4,4,NA,313330219,2011-11-29
192,2,15:53,953,953,Official TV Timeout.,41,44,-3,0,0.37052197891901506,0.37052197891901506,Pennsylvania,Manhattan,4,4,NA,313330219,2011-11-29
193,2,15:53,953,953,Foul on Zack Rosen,41,44,-3,10,0.37052197891901506,0.37052197891901506,Pennsylvania,Manhattan,4,4,NA,313330219,2011-11-29
194,2,15:43,943,943,Rhamel Brown missed Layup.,41,44,-3,0,0.36979086305527575,0.36979086305527575,Pennsylvania,Manhattan,4,4,NA,313330219,2011-11-29
195,2,15:43,943,943,Marin Kukoc Defensive Rebound.,41,44,-3,41,0.36979086305527575,0.36979086305527575,Pennsylvania,Manhattan,4,4,NA,313330219,2011-11-29
196,2,15:02,902,902,Tyler Bernardini missed Layup.,41,44,-3,0,0.36709458030349174,0.36709458030349174,Pennsylvania,Manhattan,4,4,NA,313330219,2011-11-29
197,2,15:02,902,902,Henry Brooks Offensive Rebound.,41,44,-3,0,0.36709458030349174,0.36709458030349174,Pennsylvania,Manhattan,4,4,NA,313330219,2011-11-29
198,2,15:02,902,902,Henry Brooks missed Layup.,41,44,-3,0,0.36709458030349174,0.36709458030349174,Pennsylvania,Manhattan,4,4,NA,313330219,2011-11-29
199,2,15:02,902,902,Kidani Brutus Defensive Rebound.,41,44,-3,19,0.36709458030349174,0.36709458030349174,Pennsylvania,Manhattan,4,4,NA,313330219,2011-11-29
200,2,14:43,883,883,Foul on Marin Kukoc,41,44,-3,8,0.3659341578535114,0.3659341578535114,Pennsylvania,Manhattan,4,4,NA,313330219,2011-11-29
201,2,14:35,875,875,Rhamel Brown Turnover.,41,44,-3,1,0.3654486781233497,0.3654486781233497,Pennsylvania,Manhattan,4,4,NA,313330219,2011-11-29
202,2,14:34,874,874,Tyler Bernardini Steal.,41,44,-3,2,0.36538788823625057,0.36538788823625057,Pennsylvania,Manhattan,4,4,NA,313330219,2011-11-29
203,2,14:32,872,872,Zack Rosen made Layup.,43,44,-1,0,0.4540814673888829,0.4540814673888829,Pennsylvania,Manhattan,4,4,NA,313330219,2011-11-29
204,2,14:32,872,872,Foul on Kidani Brutus,43,44,-1,0,0.4540814673888829,0.4540814673888829,Pennsylvania,Manhattan,4,4,NA,313330219,2011-11-29
205,2,14:32,872,872,Zack Rosen made Free Throw.,44,44,0,10,0.5,0.5,Pennsylvania,Manhattan,4,4,NA,313330219,2011-11-29
206,2,14:22,862,862,Rhamel Brown made Layup.  Assisted by Kidani Brutus.,44,46,-2,18,0.4085051419646765,0.4085051419646765,Pennsylvania,Manhattan,4,4,NA,313330219,2011-11-29
207,2,14:04,844,844,Zack Rosen made Jumper.,46,46,0,21,0.5,0.5,Pennsylvania,Manhattan,4,4,NA,313330219,2011-11-29
208,2,13:43,823,823,Foul on Miles Cartwright,46,46,0,0,0.5,0.5,Pennsylvania,Manhattan,4,4,NA,313330219,2011-11-29
209,2,13:43,823,823,Liam McCabe-Moran missed Free Throw.,46,46,0,0,0.5,0.5,Pennsylvania,Manhattan,4,4,NA,313330219,2011-11-29
210,2,13:43,823,823,null,46,46,0,0,0.5,0.5,Pennsylvania,Manhattan,4,4,NA,313330219,2011-11-29
211,2,13:43,823,823,Liam McCabe-Moran made Free Throw.,46,47,-1,16,0.45295447738722827,0.45295447738722827,Pennsylvania,Manhattan,4,4,NA,313330219,2011-11-29
212,2,13:27,807,807,Miles Cartwright missed Three Point Jumper.,46,47,-1,0,0.45253662343665685,0.45253662343665685,Pennsylvania,Manhattan,4,4,NA,313330219,2011-11-29
213,2,13:27,807,807,Mike Howlett Offensive Rebound.,46,47,-1,25,0.45253662343665685,0.45253662343665685,Pennsylvania,Manhattan,4,4,NA,313330219,2011-11-29
214,2,13:02,782,782,Tyler Bernardini Defensive Rebound.,46,47,-1,0,0.45180403833050065,0.45180403833050065,Pennsylvania,Manhattan,4,4,NA,313330219,2011-11-29
215,2,13:02,782,782,Emmy Andujar missed Jumper.,46,47,-1,6,0.45180403833050065,0.45180403833050065,Pennsylvania,Manhattan,4,4,NA,313330219,2011-11-29
216,2,12:56,776,776,Zack Rosen made Jumper.  Assisted by Tyler Bernardini.,48,47,1,18,0.5483891338405344,0.5483891338405344,Pennsylvania,Manhattan,4,4,NA,313330219,2011-11-29
217,2,12:38,758,758,Foul on Fran Dougherty,48,47,1,0,0.549015943914819,0.549015943914819,Pennsylvania,Manhattan,4,4,NA,313330219,2011-11-29
218,2,12:38,758,758,Liam McCabe-Moran made Free Throw.,48,48,0,0,0.5,0.5,Pennsylvania,Manhattan,4,4,NA,313330219,2011-11-29
219,2,12:38,758,758,Liam McCabe-Moran made Free Throw.,48,49,-1,19,0.45098405608518105,0.45098405608518105,Pennsylvania,Manhattan,4,4,NA,313330219,2011-11-29
220,2,12:19,739,739,Zack Rosen missed Three Point Jumper.,48,49,-1,0,0.45023549060329754,0.45023549060329754,Pennsylvania,Manhattan,4,4,NA,313330219,2011-11-29
221,2,12:19,739,739,Emmy Andujar Defensive Rebound.,48,49,-1,21,0.45023549060329754,0.45023549060329754,Pennsylvania,Manhattan,4,4,NA,313330219,2011-11-29
222,2,11:58,718,718,Liam McCabe-Moran made Three Point Jumper.  Assisted by Emmy Andujar.,48,52,-4,21,0.307158542312359,0.307158542312359,Pennsylvania,Manhattan,4,4,NA,313330219,2011-11-29
223,2,11:37,697,697,Fran Dougherty missed Layup.,48,52,-4,0,0.3044148880494934,0.3044148880494934,Pennsylvania,Manhattan,4,4,NA,313330219,2011-11-29
224,2,11:37,697,697,Donovan Kates Defensive Rebound.,48,52,-4,21,0.3044148880494934,0.3044148880494934,Pennsylvania,Manhattan,4,4,NA,313330219,2011-11-29
225,2,11:16,676,676,Official TV Timeout.,48,52,-4,14,0.3019500146565086,0.3019500146565086,Pennsylvania,Manhattan,4,4,NA,313330219,2011-11-29
226,2,11:02,662,662,Michael Alvarado missed Layup.,48,52,-4,0,0.3003751387047773,0.3003751387047773,Pennsylvania,Manhattan,4,4,NA,313330219,2011-11-29
227,2,11:02,662,662,Fran Dougherty Defensive Rebound.,48,52,-4,17,0.3003751387047773,0.3003751387047773,Pennsylvania,Manhattan,4,4,NA,313330219,2011-11-29
228,2,10:45,645,645,Marin Kukoc missed Jumper.,48,52,-4,0,0.2984513163804,0.2984513163804,Pennsylvania,Manhattan,4,4,NA,313330219,2011-11-29
229,2,10:45,645,645,Liam McCabe-Moran Defensive Rebound.,48,52,-4,36,0.2984513163804,0.2984513163804,Pennsylvania,Manhattan,4,4,NA,313330219,2011-11-29
230,2,10:09,609,609,Michael Alvarado missed Three Point Jumper.,48,52,-4,0,0.29394697088053423,0.29394697088053423,Pennsylvania,Manhattan,4,4,NA,313330219,2011-11-29
231,2,10:09,609,609,Fran Dougherty Defensive Rebound.,48,52,-4,17,0.29394697088053423,0.29394697088053423,Pennsylvania,Manhattan,4,4,NA,313330219,2011-11-29
232,2,9:52,592,592,Zack Rosen missed Jumper.,48,52,-4,0,0.29142910844300585,0.29142910844300585,Pennsylvania,Manhattan,4,4,NA,313330219,2011-11-29
233,2,9:52,592,592,Fran Dougherty Offensive Rebound.,48,52,-4,7,0.29142910844300585,0.29142910844300585,Pennsylvania,Manhattan,4,4,NA,313330219,2011-11-29
234,2,9:45,585,585,Fran Dougherty made Layup.,50,52,-2,33,0.3900772884249705,0.3900772884249705,Pennsylvania,Manhattan,4,4,NA,313330219,2011-11-29
235,2,9:12,552,552,Roberto Colonette Turnover.,50,52,-2,2,0.3863759892971659,0.3863759892971659,Pennsylvania,Manhattan,4,4,NA,313330219,2011-11-29
236,2,9:10,550,550,Miles Cartwright Steal.,50,52,-2,10,0.3861146680617548,0.3861146680617548,Pennsylvania,Manhattan,4,4,NA,313330219,2011-11-29
237,2,9:00,540,540,Tyler Bernardini made Three Point Jumper.  Assisted by Rob Belcore.,53,52,1,14,0.5583466953560923,0.5583466953560923,Pennsylvania,Manhattan,4,4,NA,313330219,2011-11-29
238,2,8:46,526,526,Foul on Tyler Bernardini,53,52,1,0,0.5591412896763848,0.5591412896763848,Pennsylvania,Manhattan,4,4,NA,313330219,2011-11-29
239,2,8:46,526,526,George Beamon made Free Throw.,53,53,0,0,0.5,0.5,Pennsylvania,Manhattan,4,4,NA,313330219,2011-11-29
240,2,8:46,526,526,George Beamon made Free Throw.,53,54,-1,19,0.4408587103236151,0.4408587103236151,Pennsylvania,Manhattan,4,4,NA,313330219,2011-11-29
241,2,8:27,507,507,Henry Brooks Turnover.,53,54,-1,0,0.4398975179477952,0.4398975179477952,Pennsylvania,Manhattan,4,4,NA,313330219,2011-11-29
242,2,8:27,507,507,Foul on Henry Brooks,53,54,-1,19,0.4398975179477952,0.4398975179477952,Pennsylvania,Manhattan,4,4,NA,313330219,2011-11-29
243,2,8:08,488,488,Emmy Andujar missed Layup.,53,54,-1,0,0.438950453189352,0.438950453189352,Pennsylvania,Manhattan,4,4,NA,313330219,2011-11-29
244,2,8:08,488,488,Roberto Colonette Offensive Rebound.,53,54,-1,5,0.438950453189352,0.438950453189352,Pennsylvania,Manhattan,4,4,NA,313330219,2011-11-29
245,2,8:03,483,483,Roberto Colonette missed Layup.,53,54,-1,0,0.4386869927542018,0.4386869927542018,Pennsylvania,Manhattan,4,4,NA,313330219,2011-11-29
246,2,8:03,483,483,Rob Belcore Defensive Rebound.,53,54,-1,6,0.4386869927542018,0.4386869927542018,Pennsylvania,Manhattan,4,4,NA,313330219,2011-11-29
247,2,7:57,477,477,Henry Brooks made Layup.  Assisted by Zack Rosen.,55,54,1,12,0.5616433422024516,0.5616433422024516,Pennsylvania,Manhattan,4,4,NA,313330219,2011-11-29
248,2,7:45,465,465,Official TV Timeout.,55,54,1,19,0.5623663503624172,0.5623663503624172,Pennsylvania,Manhattan,4,4,NA,313330219,2011-11-29
249,2,7:26,446,446,Foul on Miles Cartwright,55,54,1,0,0.5637508319401797,0.5637508319401797,Pennsylvania,Manhattan,4,4,NA,313330219,2011-11-29
250,2,7:26,446,446,Emmy Andujar made Free Throw.,55,55,0,0,0.5,0.5,Pennsylvania,Manhattan,4,4,NA,313330219,2011-11-29
251,2,7:26,446,446,Emmy Andujar missed Free Throw.,55,55,0,0,0.5,0.5,Pennsylvania,Manhattan,4,4,NA,313330219,2011-11-29
252,2,7:26,446,446,Rob Belcore Defensive Rebound.,55,55,0,29,0.5,0.5,Pennsylvania,Manhattan,4,4,NA,313330219,2011-11-29
253,2,6:57,417,417,Miles Cartwright made Jumper.,57,55,2,17,0.6307016924486945,0.6307016924486945,Pennsylvania,Manhattan,4,4,NA,313330219,2011-11-29
254,2,6:40,400,400,Foul on Henry Brooks,57,55,2,0,0.6336391217896941,0.6336391217896941,Pennsylvania,Manhattan,4,4,NA,313330219,2011-11-29
255,2,6:40,400,400,Roberto Colonette made Free Throw.,57,56,1,0,0.5680575482480025,0.5680575482480025,Pennsylvania,Manhattan,4,4,NA,313330219,2011-11-29
256,2,6:40,400,400,Roberto Colonette missed Free Throw.,57,56,1,0,0.5680575482480025,0.5680575482480025,Pennsylvania,Manhattan,4,4,NA,313330219,2011-11-29
257,2,6:40,400,400,Tyler Bernardini Defensive Rebound.,57,56,1,17,0.5680575482480025,0.5680575482480025,Pennsylvania,Manhattan,4,4,NA,313330219,2011-11-29
258,2,6:23,383,383,Tyler Bernardini missed Three Point Jumper.,57,56,1,0,0.5695826149668936,0.5695826149668936,Pennsylvania,Manhattan,4,4,NA,313330219,2011-11-29
259,2,6:23,383,383,George Beamon Defensive Rebound.,57,56,1,11,0.5695826149668936,0.5695826149668936,Pennsylvania,Manhattan,4,4,NA,313330219,2011-11-29
260,2,6:12,372,372,Roberto Colonette Turnover.,57,56,1,0,0.5706129547338968,0.5706129547338968,Pennsylvania,Manhattan,4,4,NA,313330219,2011-11-29
261,2,6:12,372,372,Foul on Roberto Colonette,57,56,1,13,0.5706129547338968,0.5706129547338968,Pennsylvania,Manhattan,4,4,NA,313330219,2011-11-29
262,2,5:59,359,359,Miles Cartwright missed Three Point Jumper.,57,56,1,0,0.5719272280223192,0.5719272280223192,Pennsylvania,Manhattan,4,4,NA,313330219,2011-11-29
263,2,5:59,359,359,Kidani Brutus Defensive Rebound.,57,56,1,7,0.5719272280223192,0.5719272280223192,Pennsylvania,Manhattan,4,4,NA,313330219,2011-11-29
264,2,5:52,352,352,George Beamon made Layup.  Assisted by Kidani Brutus.,57,58,-1,19,0.42730398344260284,0.42730398344260284,Pennsylvania,Manhattan,4,4,NA,313330219,2011-11-29
265,2,5:33,333,333,Miles Cartwright made Jumper.,59,58,1,16,0.5750768337538646,0.5750768337538646,Pennsylvania,Manhattan,4,4,NA,313330219,2011-11-29
266,2,5:17,317,317,Emmy Andujar Turnover.,59,58,1,0,0.5775103807403125,0.5775103807403125,Pennsylvania,Manhattan,4,4,NA,313330219,2011-11-29
267,2,5:17,317,317,Miles Cartwright Steal.,59,58,1,0,0.5775103807403125,0.5775103807403125,Pennsylvania,Manhattan,4,4,NA,313330219,2011-11-29
268,2,5:17,317,317,Foul on Emmy Andujar,59,58,1,13,0.5775103807403125,0.5775103807403125,Pennsylvania,Manhattan,4,4,NA,313330219,2011-11-29
269,2,5:04,304,304,Marin Kukoc made Jumper.  Assisted by Rob Belcore.,61,58,3,31,0.7238629944083728,0.7238629944083728,Pennsylvania,Manhattan,4,4,NA,313330219,2011-11-29
270,2,4:33,273,273,George Beamon made Layup.  Assisted by Rhamel Brown.,61,60,1,0,0.5799756087830513,0.5799756087830513,Pennsylvania,Manhattan,4,4,NA,313330219,2011-11-29
271,2,4:33,273,273,Foul on Tyler Bernardini,61,60,1,0,0.5799756087830513,0.5799756087830513,Pennsylvania,Manhattan,4,4,NA,313330219,2011-11-29
272,2,4:33,273,273,George Beamon made Free Throw.,61,61,0,2,0.5,0.5,Pennsylvania,Manhattan,4,4,NA,313330219,2011-11-29
273,2,4:31,271,271,Foul on Liam McCabe-Moran,61,61,0,0,0.5,0.5,Pennsylvania,Manhattan,4,4,NA,313330219,2011-11-29
274,2,4:31,271,271,Miles Cartwright missed Free Throw.,61,61,0,0,0.5,0.5,Pennsylvania,Manhattan,4,4,NA,313330219,2011-11-29
275,2,4:31,271,271,Marin Kukoc Offensive Rebound.,61,61,0,18,0.5,0.5,Pennsylvania,Manhattan,4,4,NA,313330219,2011-11-29
276,2,4:13,253,253,Zack Rosen missed Three Point Jumper.,61,61,0,0,0.5,0.5,Pennsylvania,Manhattan,4,4,NA,313330219,2011-11-29
277,2,4:13,253,253,Rob Belcore Offensive Rebound.,61,61,0,10,0.5,0.5,Pennsylvania,Manhattan,4,4,NA,313330219,2011-11-29
278,2,4:03,243,243,Miles Cartwright made Layup.  Assisted by Zack Rosen.,63,61,2,0,0.6523500316883292,0.6523500316883292,Pennsylvania,Manhattan,4,4,NA,313330219,2011-11-29
279,2,4:03,243,243,Foul on Ryan McCoy,63,61,2,0,0.6523500316883292,0.6523500316883292,Pennsylvania,Manhattan,4,4,NA,313330219,2011-11-29
280,2,4:03,243,243,Miles Cartwright made Free Throw.,64,61,3,21,0.7199225997274914,0.7199225997274914,Pennsylvania,Manhattan,4,4,NA,313330219,2011-11-29
281,2,3:42,222,222,Rhamel Brown made Layup.  Assisted by Michael Alvarado.,64,63,1,0,0.5786074937892213,0.5786074937892213,Pennsylvania,Manhattan,4,4,NA,313330219,2011-11-29
282,2,3:42,222,222,Foul on Fran Dougherty,64,63,1,0,0.5786074937892213,0.5786074937892213,Pennsylvania,Manhattan,4,4,NA,313330219,2011-11-29
283,2,3:42,222,222,Official TV Timeout.,64,63,1,0,0.5786074937892213,0.5786074937892213,Pennsylvania,Manhattan,4,4,NA,313330219,2011-11-29
284,2,3:42,222,222,Rhamel Brown missed Free Throw.,64,63,1,0,0.5786074937892213,0.5786074937892213,Pennsylvania,Manhattan,4,4,NA,313330219,2011-11-29
285,2,3:42,222,222,Pennsylvania Defensive Rebound.,64,63,1,0,0.5786074937892213,0.5786074937892213,Pennsylvania,Manhattan,4,4,NA,313330219,2011-11-29
286,2,3:42,222,222,Foul on Kidani Brutus,64,63,1,0,0.5786074937892213,0.5786074937892213,Pennsylvania,Manhattan,4,4,NA,313330219,2011-11-29
287,2,3:42,222,222,Tyler Bernardini made Free Throw.,65,63,2,0,0.6534229023846743,0.6534229023846743,Pennsylvania,Manhattan,4,4,NA,313330219,2011-11-29
288,2,3:42,222,222,Tyler Bernardini made Free Throw.,66,63,3,12,0.7213521980484315,0.7213521980484315,Pennsylvania,Manhattan,4,4,NA,313330219,2011-11-29
289,2,3:30,210,210,Emmy Andujar made Jumper.,66,65,1,27,0.5805838609508359,0.5805838609508359,Pennsylvania,Manhattan,4,4,NA,313330219,2011-11-29
290,2,3:03,183,183,Miles Cartwright Turnover.,66,65,1,0,0.5913215406891759,0.5913215406891759,Pennsylvania,Manhattan,4,4,NA,313330219,2011-11-29
291,2,3:03,183,183,George Beamon Steal.,66,65,1,0,0.5913215406891759,0.5913215406891759,Pennsylvania,Manhattan,4,4,NA,313330219,2011-11-29
292,2,3:03,183,183,Manhattan Full Timeout.,66,65,1,12,0.5913215406891759,0.5913215406891759,Pennsylvania,Manhattan,3,4,NA,313330219,2011-11-29
293,2,2:51,171,171,George Beamon missed Three Point Jumper.,66,65,1,0,0.5975080136602755,0.5975080136602755,Pennsylvania,Manhattan,3,4,NA,313330219,2011-11-29
294,2,2:51,171,171,Miles Cartwright Defensive Rebound.,66,65,1,36,0.5975080136602755,0.5975080136602755,Pennsylvania,Manhattan,3,4,NA,313330219,2011-11-29
295,2,2:15,135,135,Zack Rosen missed Jumper.,66,65,1,0,0.618793571801422,0.618793571801422,Pennsylvania,Manhattan,3,4,NA,313330219,2011-11-29
296,2,2:15,135,135,Rhamel Brown Defensive Rebound.,66,65,1,14,0.618793571801422,0.618793571801422,Pennsylvania,Manhattan,3,4,NA,313330219,2011-11-29
297,2,2:01,121,121,Kidani Brutus missed Three Point Jumper.,66,65,1,0,0.628970260777508,0.628970260777508,Pennsylvania,Manhattan,3,4,NA,313330219,2011-11-29
298,2,2:01,121,121,Pennsylvania Defensive Rebound.,66,65,1,2,0.628970260777508,0.628970260777508,Pennsylvania,Manhattan,3,4,NA,313330219,2011-11-29
299,2,1:59,119,119,Foul on Rhamel Brown,66,65,1,1,0.6305392750947244,0.6305392750947244,Pennsylvania,Manhattan,3,4,NA,313330219,2011-11-29
300,2,1:58,118,118,Fran Dougherty missed Free Throw.,66,65,1,0,0.6313353810369734,0.6313353810369734,Pennsylvania,Manhattan,3,4,NA,313330219,2011-11-29
301,2,1:58,118,118,null,66,65,1,0,0.6313353810369734,0.6313353810369734,Pennsylvania,Manhattan,3,4,NA,313330219,2011-11-29
302,2,1:58,118,118,Fran Dougherty missed Free Throw.,66,65,1,0,0.6313353810369734,0.6313353810369734,Pennsylvania,Manhattan,3,4,NA,313330219,2011-11-29
303,2,1:58,118,118,Fran Dougherty Offensive Rebound.,66,65,1,1,0.6313353810369734,0.6313353810369734,Pennsylvania,Manhattan,3,4,NA,313330219,2011-11-29
304,2,1:57,117,117,Fran Dougherty missed Jumper.,66,65,1,0,0.6321393398886925,0.6321393398886925,Pennsylvania,Manhattan,3,4,NA,313330219,2011-11-29
305,2,1:57,117,117,Roberto Colonette Block.,66,65,1,0,0.6321393398886925,0.6321393398886925,Pennsylvania,Manhattan,3,4,NA,313330219,2011-11-29
306,2,1:57,117,117,Fran Dougherty Offensive Rebound.,66,65,1,0,0.6321393398886925,0.6321393398886925,Pennsylvania,Manhattan,3,4,NA,313330219,2011-11-29
307,2,1:57,117,117,Pennsylvania Full Timeout.,66,65,1,3,0.6321393398886925,0.6321393398886925,Pennsylvania,Manhattan,3,3,NA,313330219,2011-11-29
308,2,1:54,114,114,Rob Belcore missed Layup.,66,65,1,0,0.634599221048152,0.634599221048152,Pennsylvania,Manhattan,3,3,NA,313330219,2011-11-29
309,2,1:54,114,114,Tyler Bernardini Offensive Rebound.,66,65,1,2,0.634599221048152,0.634599221048152,Pennsylvania,Manhattan,3,3,NA,313330219,2011-11-29
310,2,1:52,112,112,Foul on George Beamon,66,65,1,0,0.6362800163562805,0.6362800163562805,Pennsylvania,Manhattan,3,3,NA,313330219,2011-11-29
311,2,1:52,112,112,Tyler Bernardini made Free Throw.,67,65,2,0,0.7537120271738211,0.7537120271738211,Pennsylvania,Manhattan,3,3,NA,313330219,2011-11-29
312,2,1:52,112,112,Tyler Bernardini made Free Throw.,68,65,3,13,0.8426081337327203,0.8426081337327203,Pennsylvania,Manhattan,3,3,NA,313330219,2011-11-29
313,2,1:39,99,99,Foul on Mike Howlett,68,65,3,0,0.8619331996956966,0.8619331996956966,Pennsylvania,Manhattan,3,3,NA,313330219,2011-11-29
314,2,1:39,99,99,Michael Alvarado made Free Throw.,68,66,2,0,0.7722324644591777,0.7722324644591777,Pennsylvania,Manhattan,3,3,NA,313330219,2011-11-29
315,2,1:39,99,99,Michael Alvarado made Free Throw.,68,67,1,26,0.6480502998087654,0.6480502998087654,Pennsylvania,Manhattan,3,3,NA,313330219,2011-11-29
316,2,1:13,73,73,Tyler Bernardini made Three Point Jumper.  Assisted by Zack Rosen.,71,67,4,4,0.9487313513277666,0.9487313513277666,Pennsylvania,Manhattan,3,3,NA,313330219,2011-11-29
317,2,1:09,69,69,Pennsylvania Full Timeout.,71,67,4,13,0.9525274989193613,0.9525274989193613,Pennsylvania,Manhattan,3,2,NA,313330219,2011-11-29
318,2,0:56,56,56,Manhattan Full Timeout.,71,67,4,9,0.9635024103677605,0.9635024103677605,Pennsylvania,Manhattan,2,2,NA,313330219,2011-11-29
319,2,0:47,47,47,Kidani Brutus missed Three Point Jumper.,71,67,4,0,0.9699625217761105,0.9699625217761105,Pennsylvania,Manhattan,2,2,NA,313330219,2011-11-29
320,2,0:47,47,47,George Beamon Offensive Rebound.,71,67,4,7,0.9699625217761105,0.9699625217761105,Pennsylvania,Manhattan,2,2,NA,313330219,2011-11-29
321,2,0:40,40,40,Kidani Brutus missed Jumper.,71,67,4,0,0.9744030910750776,0.9744030910750776,Pennsylvania,Manhattan,2,2,NA,313330219,2011-11-29
322,2,0:40,40,40,Kidani Brutus Offensive Rebound.,71,67,4,15,0.9744030910750776,0.9744030910750776,Pennsylvania,Manhattan,2,2,NA,313330219,2011-11-29
323,2,0:25,25,25,George Beamon missed Three Point Jumper.,71,67,4,0,0.9822326570149583,0.9822326570149583,Pennsylvania,Manhattan,2,2,NA,313330219,2011-11-29
324,2,0:25,25,25,Rob Belcore Defensive Rebound.,71,67,4,5,0.9822326570149583,0.9822326570149583,Pennsylvania,Manhattan,2,2,NA,313330219,2011-11-29
325,2,0:20,20,20,Foul on Michael Alvarado,71,67,4,0,0.9843613261750888,0.9843613261750888,Pennsylvania,Manhattan,2,2,NA,313330219,2011-11-29
326,2,0:20,20,20,Miles Cartwright made Free Throw.,72,67,5,0,0.9943912765148744,0.9943912765148744,Pennsylvania,Manhattan,2,2,NA,313330219,2011-11-29
327,2,0:20,20,20,Miles Cartwright made Free Throw.,73,67,6,10,0.9980015224577066,0.9980015224577066,Pennsylvania,Manhattan,2,2,NA,313330219,2011-11-29
328,2,0:10,10,10,George Beamon missed Layup.,73,67,6,0,0.9986734913790579,0.9986734913790579,Pennsylvania,Manhattan,2,2,NA,313330219,2011-11-29
329,2,0:10,10,10,Emmy Andujar Offensive Rebound.,73,67,6,1,0.9986734913790579,0.9986734913790579,Pennsylvania,Manhattan,2,2,NA,313330219,2011-11-29
330,2,0:09,9,9,Emmy Andujar made Layup.,73,69,4,1,0.988389749540432,0.988389749540432,Pennsylvania,Manhattan,2,2,NA,313330219,2011-11-29
331,2,0:08,8,8,Manhattan Full Timeout.,73,69,4,1,0.9887112925767356,0.9887112925767356,Pennsylvania,Manhattan,1,2,NA,313330219,2011-11-29
332,2,0:07,7,7,Foul on Roberto Colonette,73,69,4,0,0.9890254881298493,0.9890254881298493,Pennsylvania,Manhattan,1,2,NA,313330219,2011-11-29
333,2,0:07,7,7,Zack Rosen made Free Throw.,74,69,5,0,0.9964115169478466,0.9964115169478466,Pennsylvania,Manhattan,1,2,NA,313330219,2011-11-29
334,2,0:07,7,7,Zack Rosen made Free Throw.,75,69,6,4,0.9988324936396711,0.9988324936396711,Pennsylvania,Manhattan,1,2,NA,313330219,2011-11-29
335,2,0:03,3,3,Michael Alvarado made Three Point Jumper.,75,72,3,3,0.9695991517630681,0.9695991517630681,Pennsylvania,Manhattan,1,2,NA,313330219,2011-11-29
336,2,0:00,0,0,End Game,75,72,3,0,1,1,Pennsylvania,Manhattan,1,2,NA,313330219,2011-11-29
