game_id,date,home,away,play_id,half,time_remaining_half,secs_remaining,secs_remaining_absolute,description,home_score,away_score,score_diff,play_length,win_prob,naive_win_prob,home_time_out_remaining,away_time_out_remaining,home_favored_by,total_line,referees,arena_location,arena,capacity,attendance,shot_x,shot_y,shot_team,shot_outcome,shooter,assist,three_pt,free_throw,possession_before,possession_after,wrong_time
401377483,2022-02-26,California,Stanford,1,1,20:00,2400,2400,PLAY,0,0,0,0,0.4204656748757369,0.5,4,4,-2,127.5,"c(""John Higgins"", "" Marc A. Beasley"", "" Scott Brown"")","Berkeley, CA",Haas Pavilion,11877,2773,NA,NA,NA,NA,NA,NA,NA,NA,NA,Stanford,NA
401377483,2022-02-26,California,Stanford,2,1,19:37,2377,2377,Harrison Ingram missed Jumper.,0,0,0,23,0.42064653503926885,0.5,4,4,-2,127.5,"c(""John Higgins"", "" Marc A. Beasley"", "" Scott Brown"")","Berkeley, CA",Haas Pavilion,11877,2773,NA,NA,Stanford,missed,Harrison Ingram,NA,FALSE,FALSE,Stanford,California,FALSE
401377483,2022-02-26,California,Stanford,3,1,19:33,2373,2373,Logan Alters Defensive Rebound.,0,0,0,4,0.42067850091181797,0.5,4,4,-2,127.5,"c(""John Higgins"", "" Marc A. Beasley"", "" Scott Brown"")","Berkeley, CA",Haas Pavilion,11877,2773,NA,NA,NA,NA,NA,NA,NA,NA,Stanford,California,FALSE
401377483,2022-02-26,California,Stanford,4,1,19:16,2356,2356,Logan Alters missed Three Point Jumper.,0,0,0,17,0.4208160830586234,0.5,4,4,-2,127.5,"c(""John Higgins"", "" Marc A. Beasley"", "" Scott Brown"")","Berkeley, CA",Haas Pavilion,11877,2773,NA,NA,California,missed,Logan Alters,NA,TRUE,FALSE,California,Stanford,FALSE
401377483,2022-02-26,California,Stanford,5,1,19:13,2353,2353,Michael O'Connell Defensive Rebound.,0,0,0,3,0.42084065575196067,0.5,4,4,-2,127.5,"c(""John Higgins"", "" Marc A. Beasley"", "" Scott Brown"")","Berkeley, CA",Haas Pavilion,11877,2773,NA,NA,NA,NA,NA,NA,NA,NA,California,Stanford,FALSE
401377483,2022-02-26,California,Stanford,6,1,19:07,2347,2347,Spencer Jones missed Three Point Jumper.,0,0,0,6,0.42089006840826415,0.5,4,4,-2,127.5,"c(""John Higgins"", "" Marc A. Beasley"", "" Scott Brown"")","Berkeley, CA",Haas Pavilion,11877,2773,NA,NA,Stanford,missed,Spencer Jones,NA,TRUE,FALSE,Stanford,California,FALSE
401377483,2022-02-26,California,Stanford,7,1,19:04,2344,2344,Logan Alters Defensive Rebound.,0,0,0,3,0.4209149090931939,0.5,4,4,-2,127.5,"c(""John Higgins"", "" Marc A. Beasley"", "" Scott Brown"")","Berkeley, CA",Haas Pavilion,11877,2773,NA,NA,NA,NA,NA,NA,NA,NA,Stanford,California,FALSE
401377483,2022-02-26,California,Stanford,8,1,18:53,2333,2333,Foul on Spencer Jones.,0,0,0,11,0.42100676480027566,0.5,4,4,-2,127.5,"c(""John Higgins"", "" Marc A. Beasley"", "" Scott Brown"")","Berkeley, CA",Haas Pavilion,11877,2773,NA,NA,NA,NA,NA,NA,NA,NA,California,California,FALSE
401377483,2022-02-26,California,Stanford,9,1,18:43,2323,2323,Jordan Shepherd made Jumper. Assisted by Lars Thiemann.,2,0,2,10,0.46628460710211883,0.5456793799013266,4,4,-2,127.5,"c(""John Higgins"", "" Marc A. Beasley"", "" Scott Brown"")","Berkeley, CA",Haas Pavilion,11877,2773,NA,NA,California,made,Jordan Shepherd,Lars Thiemann,FALSE,FALSE,California,Stanford,FALSE
401377483,2022-02-26,California,Stanford,10,1,18:09,2289,2289,Michael O'Connell made Jumper.,2,2,0,34,0.42138665083733823,0.5,4,4,-2,127.5,"c(""John Higgins"", "" Marc A. Beasley"", "" Scott Brown"")","Berkeley, CA",Haas Pavilion,11877,2773,NA,NA,Stanford,made,Michael O'Connell,NA,FALSE,FALSE,Stanford,California,FALSE
401377483,2022-02-26,California,Stanford,11,1,17:48,2268,2268,Lars Thiemann made Jumper. Assisted by Joel Brown.,4,2,2,21,0.46800762668193546,0.5469031240173988,4,4,-2,127.5,"c(""John Higgins"", "" Marc A. Beasley"", "" Scott Brown"")","Berkeley, CA",Haas Pavilion,11877,2773,NA,NA,California,made,Lars Thiemann,Joel Brown,FALSE,FALSE,California,Stanford,FALSE
401377483,2022-02-26,California,Stanford,12,1,17:29,2249,2249,Michael O'Connell missed Jumper.,4,2,2,19,0.4686174137547376,0.5473323287850554,4,4,-2,127.5,"c(""John Higgins"", "" Marc A. Beasley"", "" Scott Brown"")","Berkeley, CA",Haas Pavilion,11877,2773,NA,NA,Stanford,missed,Michael O'Connell,NA,FALSE,FALSE,Stanford,California,FALSE
401377483,2022-02-26,California,Stanford,13,1,17:26,2246,2246,Grant Anticevich Defensive Rebound.,4,2,2,3,0.4687143466603747,0.5474003565203939,4,4,-2,127.5,"c(""John Higgins"", "" Marc A. Beasley"", "" Scott Brown"")","Berkeley, CA",Haas Pavilion,11877,2773,NA,NA,NA,NA,NA,NA,NA,NA,Stanford,California,FALSE
401377483,2022-02-26,California,Stanford,14,1,17:14,2234,2234,Lars Thiemann missed Layup.,4,2,2,12,0.46910381343294766,0.5476731190364036,4,4,-2,127.5,"c(""John Higgins"", "" Marc A. Beasley"", "" Scott Brown"")","Berkeley, CA",Haas Pavilion,11877,2773,NA,NA,California,missed,Lars Thiemann,NA,FALSE,FALSE,California,Stanford,FALSE
401377483,2022-02-26,California,Stanford,15,1,17:14,2234,2234,James Keefe Defensive Rebound.,4,2,2,0,0.46910381343294766,0.5476731190364036,4,4,-2,127.5,"c(""John Higgins"", "" Marc A. Beasley"", "" Scott Brown"")","Berkeley, CA",Haas Pavilion,11877,2773,NA,NA,NA,NA,NA,NA,NA,NA,California,Stanford,FALSE
401377483,2022-02-26,California,Stanford,16,1,17:14,2234,2234,Jaiden Delaire Block.,4,2,2,0,0.46910381343294766,0.5476731190364036,4,4,-2,127.5,"c(""John Higgins"", "" Marc A. Beasley"", "" Scott Brown"")","Berkeley, CA",Haas Pavilion,11877,2773,NA,NA,NA,NA,NA,NA,NA,NA,California,Stanford,FALSE
401377483,2022-02-26,California,Stanford,17,1,17:06,2226,2226,Foul on Lars Thiemann.,4,2,2,8,0.46936497648810427,0.5478555076754315,4,4,-2,127.5,"c(""John Higgins"", "" Marc A. Beasley"", "" Scott Brown"")","Berkeley, CA",Haas Pavilion,11877,2773,NA,NA,NA,NA,NA,NA,NA,NA,Stanford,Stanford,FALSE
401377483,2022-02-26,California,Stanford,18,1,17:06,2226,2226,Spencer Jones made Free Throw.,4,3,1,0,0.4455422156138141,0.5239828044121141,4,4,-2,127.5,"c(""John Higgins"", "" Marc A. Beasley"", "" Scott Brown"")","Berkeley, CA",Haas Pavilion,11877,2773,NA,NA,Stanford,made,Spencer Jones,NA,FALSE,TRUE,Stanford,Stanford,FALSE
401377483,2022-02-26,California,Stanford,19,1,17:06,2226,2226,Spencer Jones made Free Throw.,4,4,0,0,0.42196707095187985,0.5,4,4,-2,127.5,"c(""John Higgins"", "" Marc A. Beasley"", "" Scott Brown"")","Berkeley, CA",Haas Pavilion,11877,2773,NA,NA,Stanford,made,Spencer Jones,NA,FALSE,TRUE,Stanford,California,FALSE
401377483,2022-02-26,California,Stanford,20,1,16:41,2201,2201,Foul on James Keefe.,4,4,0,25,0.4222099551939122,0.5,4,4,-2,127.5,"c(""John Higgins"", "" Marc A. Beasley"", "" Scott Brown"")","Berkeley, CA",Haas Pavilion,11877,2773,NA,NA,NA,NA,NA,NA,NA,NA,California,California,FALSE
401377483,2022-02-26,California,Stanford,21,1,16:41,2201,2201,Jordan Shepherd made Free Throw.,5,4,1,0,0.446073734268204,0.5242710400022217,4,4,-2,127.5,"c(""John Higgins"", "" Marc A. Beasley"", "" Scott Brown"")","Berkeley, CA",Haas Pavilion,11877,2773,NA,NA,California,made,Jordan Shepherd,NA,FALSE,TRUE,California,California,FALSE
401377483,2022-02-26,California,Stanford,22,1,16:41,2201,2201,Jordan Shepherd made Free Throw.,6,4,2,0,0.47018870060463974,0.5484279675606346,4,4,-2,127.5,"c(""John Higgins"", "" Marc A. Beasley"", "" Scott Brown"")","Berkeley, CA",Haas Pavilion,11877,2773,NA,NA,California,made,Jordan Shepherd,NA,FALSE,TRUE,California,Stanford,FALSE
401377483,2022-02-26,California,Stanford,23,1,16:26,2186,2186,Spencer Jones missed Layup.,6,4,2,15,0.4706882681259007,0.548773006408573,4,4,-2,127.5,"c(""John Higgins"", "" Marc A. Beasley"", "" Scott Brown"")","Berkeley, CA",Haas Pavilion,11877,2773,NA,NA,Stanford,missed,Spencer Jones,NA,FALSE,FALSE,Stanford,Stanford,FALSE
401377483,2022-02-26,California,Stanford,24,1,16:26,2186,2186,Lars Thiemann Block.,6,4,2,0,0.4706882681259007,0.548773006408573,4,4,-2,127.5,"c(""John Higgins"", "" Marc A. Beasley"", "" Scott Brown"")","Berkeley, CA",Haas Pavilion,11877,2773,NA,NA,NA,NA,NA,NA,NA,NA,Stanford,Stanford,FALSE
401377483,2022-02-26,California,Stanford,25,1,16:23,2183,2183,Spencer Jones Offensive Rebound.,6,4,2,3,0.4707886465476839,0.548842134538738,4,4,-2,127.5,"c(""John Higgins"", "" Marc A. Beasley"", "" Scott Brown"")","Berkeley, CA",Haas Pavilion,11877,2773,NA,NA,NA,NA,NA,NA,NA,NA,Stanford,Stanford,FALSE
401377483,2022-02-26,California,Stanford,26,1,16:23,2183,2183,Spencer Jones Turnover.,6,4,2,0,0.4707886465476839,0.548842134538738,4,4,-2,127.5,"c(""John Higgins"", "" Marc A. Beasley"", "" Scott Brown"")","Berkeley, CA",Haas Pavilion,11877,2773,NA,NA,NA,NA,NA,NA,NA,NA,Stanford,California,FALSE
401377483,2022-02-26,California,Stanford,27,1,16:23,2183,2183,Lars Thiemann Steal.,6,4,2,0,0.4707886465476839,0.548842134538738,4,4,-2,127.5,"c(""John Higgins"", "" Marc A. Beasley"", "" Scott Brown"")","Berkeley, CA",Haas Pavilion,11877,2773,NA,NA,NA,NA,NA,NA,NA,NA,Stanford,California,FALSE
401377483,2022-02-26,California,Stanford,28,1,16:04,2164,2164,Jalen Celestine missed Three Point Jumper.,6,4,2,19,0.47142793224009194,0.5492808140862127,4,4,-2,127.5,"c(""John Higgins"", "" Marc A. Beasley"", "" Scott Brown"")","Berkeley, CA",Haas Pavilion,11877,2773,NA,NA,California,missed,Jalen Celestine,NA,TRUE,FALSE,California,Stanford,FALSE
401377483,2022-02-26,California,Stanford,29,1,16:01,2161,2161,James Keefe Defensive Rebound.,6,4,2,3,0.47152947882085644,0.5493502722348179,4,4,-2,127.5,"c(""John Higgins"", "" Marc A. Beasley"", "" Scott Brown"")","Berkeley, CA",Haas Pavilion,11877,2773,NA,NA,NA,NA,NA,NA,NA,NA,California,Stanford,FALSE
401377483,2022-02-26,California,Stanford,30,1,15:45,2145,2145,Harrison Ingram missed Three Point Jumper.,6,4,2,16,0.47207407203194945,0.5497218799510991,4,4,-2,127.5,"c(""John Higgins"", "" Marc A. Beasley"", "" Scott Brown"")","Berkeley, CA",Haas Pavilion,11877,2773,NA,NA,Stanford,missed,Harrison Ingram,NA,TRUE,FALSE,Stanford,California,FALSE
401377483,2022-02-26,California,Stanford,31,1,15:39,2139,2139,Lars Thiemann Defensive Rebound.,6,4,2,6,0.4722796151555397,0.5498617568700167,4,4,-2,127.5,"c(""John Higgins"", "" Marc A. Beasley"", "" Scott Brown"")","Berkeley, CA",Haas Pavilion,11877,2773,NA,NA,NA,NA,NA,NA,NA,NA,Stanford,California,FALSE
401377483,2022-02-26,California,Stanford,32,1,15:28,2128,2128,Jordan Shepherd made Three Point Jumper. Assisted by Lars Thiemann.,9,4,5,11,0.5479153270992357,0.6231355584122863,4,4,-2,127.5,"c(""John Higgins"", "" Marc A. Beasley"", "" Scott Brown"")","Berkeley, CA",Haas Pavilion,11877,2773,NA,NA,California,made,Jordan Shepherd,Lars Thiemann,TRUE,FALSE,California,Stanford,FALSE
401377483,2022-02-26,California,Stanford,33,1,15:07,2107,2107,James Keefe missed Layup.,9,4,5,21,0.549381948893605,0.6243067964349346,4,4,-2,127.5,"c(""John Higgins"", "" Marc A. Beasley"", "" Scott Brown"")","Berkeley, CA",Haas Pavilion,11877,2773,NA,NA,Stanford,missed,James Keefe,NA,FALSE,FALSE,Stanford,California,FALSE
401377483,2022-02-26,California,Stanford,34,1,15:07,2107,2107,Lars Thiemann Defensive Rebound.,9,4,5,0,0.549381948893605,0.6243067964349346,4,4,-2,127.5,"c(""John Higgins"", "" Marc A. Beasley"", "" Scott Brown"")","Berkeley, CA",Haas Pavilion,11877,2773,NA,NA,NA,NA,NA,NA,NA,NA,Stanford,California,FALSE
401377483,2022-02-26,California,Stanford,35,1,14:57,2097,2097,Grant Anticevich Turnover.,9,4,5,10,0.5500854104177778,0.6248674814612897,4,4,-2,127.5,"c(""John Higgins"", "" Marc A. Beasley"", "" Scott Brown"")","Berkeley, CA",Haas Pavilion,11877,2773,NA,NA,NA,NA,NA,NA,NA,NA,California,Stanford,FALSE
401377483,2022-02-26,California,Stanford,36,1,14:57,2097,2097,Michael O'Connell Steal.,9,4,5,0,0.5500854104177778,0.6248674814612897,4,4,-2,127.5,"c(""John Higgins"", "" Marc A. Beasley"", "" Scott Brown"")","Berkeley, CA",Haas Pavilion,11877,2773,NA,NA,NA,NA,NA,NA,NA,NA,California,Stanford,FALSE
401377483,2022-02-26,California,Stanford,37,1,14:51,2091,2091,Michael O'Connell missed Layup.,9,4,5,6,0.5505090981226612,0.6252048512715497,4,4,-2,127.5,"c(""John Higgins"", "" Marc A. Beasley"", "" Scott Brown"")","Berkeley, CA",Haas Pavilion,11877,2773,NA,NA,Stanford,missed,Michael O'Connell,NA,FALSE,FALSE,Stanford,California,FALSE
401377483,2022-02-26,California,Stanford,38,1,14:51,2091,2091,Jordan Shepherd Block.,9,4,5,0,0.5505090981226612,0.6252048512715497,4,4,-2,127.5,"c(""John Higgins"", "" Marc A. Beasley"", "" Scott Brown"")","Berkeley, CA",Haas Pavilion,11877,2773,NA,NA,NA,NA,NA,NA,NA,NA,Stanford,California,FALSE
401377483,2022-02-26,California,Stanford,39,1,14:46,2086,2086,Joel Brown Defensive Rebound.,9,4,5,5,0.5508631072458269,0.6254865564887664,4,4,-2,127.5,"c(""John Higgins"", "" Marc A. Beasley"", "" Scott Brown"")","Berkeley, CA",Haas Pavilion,11877,2773,NA,NA,NA,NA,NA,NA,NA,NA,Stanford,California,FALSE
401377483,2022-02-26,California,Stanford,40,1,14:41,2081,2081,Jordan Shepherd made Three Point Jumper. Assisted by Joel Brown.,12,4,8,5,0.6257571185762206,0.6947819017142377,4,4,-2,127.5,"c(""John Higgins"", "" Marc A. Beasley"", "" Scott Brown"")","Berkeley, CA",Haas Pavilion,11877,2773,NA,NA,California,made,Jordan Shepherd,Joel Brown,TRUE,FALSE,California,Stanford,FALSE
401377483,2022-02-26,California,Stanford,41,1,14:37,2077,2077,Stanford  Timeout,12,4,8,4,0.6261621112134951,0.6951095223829747,3,4,-2,127.5,"c(""John Higgins"", "" Marc A. Beasley"", "" Scott Brown"")","Berkeley, CA",Haas Pavilion,11877,2773,NA,NA,NA,NA,NA,NA,NA,NA,Stanford,Stanford,FALSE
401377483,2022-02-26,California,Stanford,42,1,14:22,2062,2062,Brandon Angel Turnover.,12,4,8,15,0.627686450899276,0.6963415503158373,3,4,-2,127.5,"c(""John Higgins"", "" Marc A. Beasley"", "" Scott Brown"")","Berkeley, CA",Haas Pavilion,11877,2773,NA,NA,NA,NA,NA,NA,NA,NA,Stanford,California,FALSE
401377483,2022-02-26,California,Stanford,43,1,14:22,2062,2062,Joel Brown Steal.,12,4,8,0,0.627686450899276,0.6963415503158373,3,4,-2,127.5,"c(""John Higgins"", "" Marc A. Beasley"", "" Scott Brown"")","Berkeley, CA",Haas Pavilion,11877,2773,NA,NA,NA,NA,NA,NA,NA,NA,Stanford,California,FALSE
401377483,2022-02-26,California,Stanford,44,1,13:56,2036,2036,Jordan Shepherd missed Three Point Jumper.,12,4,8,26,0.6303503965396201,0.6984907341187485,3,4,-2,127.5,"c(""John Higgins"", "" Marc A. Beasley"", "" Scott Brown"")","Berkeley, CA",Haas Pavilion,11877,2773,NA,NA,California,missed,Jordan Shepherd,NA,TRUE,FALSE,California,Stanford,FALSE
401377483,2022-02-26,California,Stanford,45,1,13:53,2033,2033,Spencer Jones Defensive Rebound.,12,4,8,3,0.6306596094532428,0.6987398926413964,3,4,-2,127.5,"c(""John Higgins"", "" Marc A. Beasley"", "" Scott Brown"")","Berkeley, CA",Haas Pavilion,11877,2773,NA,NA,NA,NA,NA,NA,NA,NA,California,Stanford,FALSE
401377483,2022-02-26,California,Stanford,46,1,13:53,2033,2033,Stanford  Timeout,12,4,8,0,0.6306596094532428,0.6987398926413964,2,4,-2,127.5,"c(""John Higgins"", "" Marc A. Beasley"", "" Scott Brown"")","Berkeley, CA",Haas Pavilion,11877,2773,NA,NA,NA,NA,NA,NA,NA,NA,California,Stanford,FALSE
401377483,2022-02-26,California,Stanford,47,1,13:42,2022,2022,Harrison Ingram missed Jumper.,12,4,8,11,0.6317967311596867,0.6996556508297692,2,4,-2,127.5,"c(""John Higgins"", "" Marc A. Beasley"", "" Scott Brown"")","Berkeley, CA",Haas Pavilion,11877,2773,NA,NA,Stanford,missed,Harrison Ingram,NA,FALSE,FALSE,Stanford,Stanford,FALSE
401377483,2022-02-26,California,Stanford,48,1,13:39,2019,2019,Maxime Raynaud Offensive Rebound.,12,4,8,3,0.6321077771911312,0.6999060077500133,2,4,-2,127.5,"c(""John Higgins"", "" Marc A. Beasley"", "" Scott Brown"")","Berkeley, CA",Haas Pavilion,11877,2773,NA,NA,NA,NA,NA,NA,NA,NA,Stanford,Stanford,FALSE
401377483,2022-02-26,California,Stanford,49,1,13:35,2015,2015,Maxime Raynaud missed Dunk.,12,4,8,4,0.6325231273964237,0.7002402278100951,2,4,-2,127.5,"c(""John Higgins"", "" Marc A. Beasley"", "" Scott Brown"")","Berkeley, CA",Haas Pavilion,11877,2773,NA,NA,Stanford,missed,Maxime Raynaud,NA,FALSE,FALSE,Stanford,California,FALSE
401377483,2022-02-26,California,Stanford,50,1,13:31,2011,2011,Obinna Anyanwu Defensive Rebound.,12,4,8,4,0.632939193885492,0.7005749227480512,2,4,-2,127.5,"c(""John Higgins"", "" Marc A. Beasley"", "" Scott Brown"")","Berkeley, CA",Haas Pavilion,11877,2773,NA,NA,NA,NA,NA,NA,NA,NA,Stanford,California,FALSE
401377483,2022-02-26,California,Stanford,51,1,13:15,1995,1995,Makale Foreman missed Three Point Jumper.,12,4,8,16,0.6346107362275822,0.7019185673071678,2,4,-2,127.5,"c(""John Higgins"", "" Marc A. Beasley"", "" Scott Brown"")","Berkeley, CA",Haas Pavilion,11877,2773,NA,NA,California,missed,Makale Foreman,NA,TRUE,FALSE,California,Stanford,FALSE
401377483,2022-02-26,California,Stanford,52,1,13:10,1990,1990,Brandon Angel Defensive Rebound.,12,4,8,5,0.6351355192947701,0.7023400918608192,2,4,-2,127.5,"c(""John Higgins"", "" Marc A. Beasley"", "" Scott Brown"")","Berkeley, CA",Haas Pavilion,11877,2773,NA,NA,NA,NA,NA,NA,NA,NA,California,Stanford,FALSE
401377483,2022-02-26,California,Stanford,53,1,13:02,1982,1982,Maxime Raynaud missed Three Point Jumper.,12,4,8,8,0.635977619057251,0.7030161960365986,2,4,-2,127.5,"c(""John Higgins"", "" Marc A. Beasley"", "" Scott Brown"")","Berkeley, CA",Haas Pavilion,11877,2773,NA,NA,Stanford,missed,Maxime Raynaud,NA,TRUE,FALSE,Stanford,California,FALSE
401377483,2022-02-26,California,Stanford,54,1,12:57,1977,1977,Jalen Celestine Defensive Rebound.,12,4,8,5,0.6365054775580187,0.7034398189395991,2,4,-2,127.5,"c(""John Higgins"", "" Marc A. Beasley"", "" Scott Brown"")","Berkeley, CA",Haas Pavilion,11877,2773,NA,NA,NA,NA,NA,NA,NA,NA,Stanford,California,FALSE
401377483,2022-02-26,California,Stanford,55,1,12:50,1970,1970,Joel Brown made Layup.,14,4,10,7,0.6856971127445162,0.7471046079473436,2,4,-2,127.5,"c(""John Higgins"", "" Marc A. Beasley"", "" Scott Brown"")","Berkeley, CA",Haas Pavilion,11877,2773,NA,NA,California,made,Joel Brown,NA,FALSE,FALSE,California,Stanford,FALSE
401377483,2022-02-26,California,Stanford,56,1,12:22,1942,1942,Isa Silva missed Jumper.,14,4,10,28,0.6890986675117416,0.7498155142684799,2,4,-2,127.5,"c(""John Higgins"", "" Marc A. Beasley"", "" Scott Brown"")","Berkeley, CA",Haas Pavilion,11877,2773,NA,NA,Stanford,missed,Isa Silva,NA,FALSE,FALSE,Stanford,Stanford,FALSE
401377483,2022-02-26,California,Stanford,57,1,12:18,1938,1938,Brandon Angel Offensive Rebound.,14,4,10,4,0.6895875913852882,0.7502048089160647,2,4,-2,127.5,"c(""John Higgins"", "" Marc A. Beasley"", "" Scott Brown"")","Berkeley, CA",Haas Pavilion,11877,2773,NA,NA,NA,NA,NA,NA,NA,NA,Stanford,Stanford,FALSE
401377483,2022-02-26,California,Stanford,58,1,12:14,1934,1934,Isa Silva missed Layup.,14,4,10,4,0.6900772774010632,0.7505946247606935,2,4,-2,127.5,"c(""John Higgins"", "" Marc A. Beasley"", "" Scott Brown"")","Berkeley, CA",Haas Pavilion,11877,2773,NA,NA,Stanford,missed,Isa Silva,NA,FALSE,FALSE,Stanford,California,FALSE
401377483,2022-02-26,California,Stanford,59,1,12:13,1933,1933,Kuany Kuany Defensive Rebound.,14,4,10,1,0.6901998185741957,0.7506921607576945,2,4,-2,127.5,"c(""John Higgins"", "" Marc A. Beasley"", "" Scott Brown"")","Berkeley, CA",Haas Pavilion,11877,2773,NA,NA,NA,NA,NA,NA,NA,NA,Stanford,California,FALSE
401377483,2022-02-26,California,Stanford,60,1,11:55,1915,1915,Sam Alajiki missed Three Point Jumper.,14,4,10,18,0.6924045543367492,0.7524449922921581,2,4,-2,127.5,"c(""John Higgins"", "" Marc A. Beasley"", "" Scott Brown"")","Berkeley, CA",Haas Pavilion,11877,2773,NA,NA,California,missed,Sam Alajiki,NA,TRUE,FALSE,California,Stanford,FALSE
401377483,2022-02-26,California,Stanford,61,1,11:50,1910,1910,Brandon Angel Defensive Rebound.,14,4,10,5,0.693015340106665,0.7529297525332694,2,4,-2,127.5,"c(""John Higgins"", "" Marc A. Beasley"", "" Scott Brown"")","Berkeley, CA",Haas Pavilion,11877,2773,NA,NA,NA,NA,NA,NA,NA,NA,California,Stanford,FALSE
401377483,2022-02-26,California,Stanford,62,1,11:22,1882,1882,Maxime Raynaud missed Layup.,14,4,10,28,0.696426568722427,0.7556310222878715,2,4,-2,127.5,"c(""John Higgins"", "" Marc A. Beasley"", "" Scott Brown"")","Berkeley, CA",Haas Pavilion,11877,2773,NA,NA,Stanford,missed,Maxime Raynaud,NA,FALSE,FALSE,Stanford,California,FALSE
401377483,2022-02-26,California,Stanford,63,1,11:18,1878,1878,Jalen Celestine Defensive Rebound.,14,4,10,4,0.696913100484521,0.7560155170285919,2,4,-2,127.5,"c(""John Higgins"", "" Marc A. Beasley"", "" Scott Brown"")","Berkeley, CA",Haas Pavilion,11877,2773,NA,NA,NA,NA,NA,NA,NA,NA,Stanford,California,FALSE
401377483,2022-02-26,California,Stanford,64,1,11:02,1862,1862,Jordan Shepherd made Layup. Assisted by Makale Foreman.,16,4,12,16,0.7445455460898647,0.7969212906992514,2,4,-2,127.5,"c(""John Higgins"", "" Marc A. Beasley"", "" Scott Brown"")","Berkeley, CA",Haas Pavilion,11877,2773,NA,NA,California,made,Jordan Shepherd,Makale Foreman,FALSE,FALSE,California,Stanford,FALSE
401377483,2022-02-26,California,Stanford,65,1,10:44,1844,1844,Isa Silva missed Layup.,16,4,12,18,0.7468805791659978,0.798744783495135,2,4,-2,127.5,"c(""John Higgins"", "" Marc A. Beasley"", "" Scott Brown"")","Berkeley, CA",Haas Pavilion,11877,2773,NA,NA,Stanford,missed,Isa Silva,NA,FALSE,FALSE,Stanford,California,FALSE
401377483,2022-02-26,California,Stanford,66,1,10:44,1844,1844,Grant Anticevich Defensive Rebound.,16,4,12,0,0.7468805791659978,0.798744783495135,2,4,-2,127.5,"c(""John Higgins"", "" Marc A. Beasley"", "" Scott Brown"")","Berkeley, CA",Haas Pavilion,11877,2773,NA,NA,NA,NA,NA,NA,NA,NA,Stanford,California,FALSE
401377483,2022-02-26,California,Stanford,67,1,10:34,1834,1834,Makale Foreman made Three Point Jumper. Assisted by Grant Anticevich.,19,4,15,10,0.8076964191645623,0.8495361993823694,2,4,-2,127.5,"c(""John Higgins"", "" Marc A. Beasley"", "" Scott Brown"")","Berkeley, CA",Haas Pavilion,11877,2773,NA,NA,California,made,Makale Foreman,Grant Anticevich,TRUE,FALSE,California,Stanford,FALSE
401377483,2022-02-26,California,Stanford,68,1,10:03,1803,1803,Maxime Raynaud missed Three Point Jumper.,19,4,15,31,0.8117680521041634,0.8526593576251307,2,4,-2,127.5,"c(""John Higgins"", "" Marc A. Beasley"", "" Scott Brown"")","Berkeley, CA",Haas Pavilion,11877,2773,NA,NA,Stanford,missed,Maxime Raynaud,NA,TRUE,FALSE,Stanford,California,FALSE
401377483,2022-02-26,California,Stanford,69,1,9:58,1798,1798,Jordan Shepherd Defensive Rebound.,19,4,15,5,0.812424514240128,0.8531625056494129,2,4,-2,127.5,"c(""John Higgins"", "" Marc A. Beasley"", "" Scott Brown"")","Berkeley, CA",Haas Pavilion,11877,2773,NA,NA,NA,NA,NA,NA,NA,NA,Stanford,California,FALSE
401377483,2022-02-26,California,Stanford,70,1,9:40,1780,1780,Jordan Shepherd made Jumper.,21,4,17,18,0.8478698570321205,0.8819176077439551,2,4,-2,127.5,"c(""John Higgins"", "" Marc A. Beasley"", "" Scott Brown"")","Berkeley, CA",Haas Pavilion,11877,2773,NA,NA,California,made,Jordan Shepherd,NA,FALSE,FALSE,California,Stanford,FALSE
401377483,2022-02-26,California,Stanford,71,1,9:37,1777,1777,Stanford  Timeout,21,4,17,3,0.8482489287214839,0.8822052051890144,1,4,-2,127.5,"c(""John Higgins"", "" Marc A. Beasley"", "" Scott Brown"")","Berkeley, CA",Haas Pavilion,11877,2773,NA,NA,NA,NA,NA,NA,NA,NA,Stanford,Stanford,FALSE
401377483,2022-02-26,California,Stanford,72,1,9:10,1750,1750,Jaiden Delaire missed Three Point Jumper.,21,4,17,27,0.8516620449535923,0.8847942249853948,1,4,-2,127.5,"c(""John Higgins"", "" Marc A. Beasley"", "" Scott Brown"")","Berkeley, CA",Haas Pavilion,11877,2773,NA,NA,Stanford,missed,Jaiden Delaire,NA,TRUE,FALSE,Stanford,California,FALSE
401377483,2022-02-26,California,Stanford,73,1,9:07,1747,1747,Lars Thiemann Defensive Rebound.,21,4,17,3,0.8520416867313583,0.8850821740765388,1,4,-2,127.5,"c(""John Higgins"", "" Marc A. Beasley"", "" Scott Brown"")","Berkeley, CA",Haas Pavilion,11877,2773,NA,NA,NA,NA,NA,NA,NA,NA,Stanford,California,FALSE
401377483,2022-02-26,California,Stanford,74,1,8:48,1728,1728,Makale Foreman missed Three Point Jumper.,21,4,17,19,0.8544495702580972,0.8869085254779994,1,4,-2,127.5,"c(""John Higgins"", "" Marc A. Beasley"", "" Scott Brown"")","Berkeley, CA",Haas Pavilion,11877,2773,NA,NA,California,missed,Makale Foreman,NA,TRUE,FALSE,California,Stanford,FALSE
401377483,2022-02-26,California,Stanford,75,1,8:45,1725,1725,Harrison Ingram Defensive Rebound.,21,4,17,3,0.8548304348845788,0.8871974240015617,1,4,-2,127.5,"c(""John Higgins"", "" Marc A. Beasley"", "" Scott Brown"")","Berkeley, CA",Haas Pavilion,11877,2773,NA,NA,NA,NA,NA,NA,NA,NA,California,Stanford,FALSE
401377483,2022-02-26,California,Stanford,76,1,8:30,1710,1710,Michael O'Connell Turnover.,21,4,17,15,0.8567382178458548,0.8886446838872738,1,4,-2,127.5,"c(""John Higgins"", "" Marc A. Beasley"", "" Scott Brown"")","Berkeley, CA",Haas Pavilion,11877,2773,NA,NA,NA,NA,NA,NA,NA,NA,Stanford,California,FALSE
401377483,2022-02-26,California,Stanford,77,1,8:30,1710,1710,Lars Thiemann Steal.,21,4,17,0,0.8567382178458548,0.8886446838872738,1,4,-2,127.5,"c(""John Higgins"", "" Marc A. Beasley"", "" Scott Brown"")","Berkeley, CA",Haas Pavilion,11877,2773,NA,NA,NA,NA,NA,NA,NA,NA,Stanford,California,FALSE
401377483,2022-02-26,California,Stanford,78,1,8:20,1700,1700,Joel Brown made Layup.,23,4,19,10,0.8853799847764074,0.9115164983489754,1,4,-2,127.5,"c(""John Higgins"", "" Marc A. Beasley"", "" Scott Brown"")","Berkeley, CA",Haas Pavilion,11877,2773,NA,NA,California,made,Joel Brown,NA,FALSE,FALSE,California,Stanford,FALSE
401377483,2022-02-26,California,Stanford,79,1,8:10,1690,1690,Michael O'Connell made Jumper.,23,6,17,10,0.8592926675447939,0.8905830644533299,1,4,-2,127.5,"c(""John Higgins"", "" Marc A. Beasley"", "" Scott Brown"")","Berkeley, CA",Haas Pavilion,11877,2773,NA,NA,Stanford,made,Michael O'Connell,NA,FALSE,FALSE,Stanford,California,FALSE
401377483,2022-02-26,California,Stanford,80,1,7:48,1668,1668,Jalen Celestine missed Jumper.,23,6,17,22,0.8620467107497815,0.8926687595767341,1,4,-2,127.5,"c(""John Higgins"", "" Marc A. Beasley"", "" Scott Brown"")","Berkeley, CA",Haas Pavilion,11877,2773,NA,NA,California,missed,Jalen Celestine,NA,FALSE,FALSE,California,Stanford,FALSE
401377483,2022-02-26,California,Stanford,81,1,7:42,1662,1662,Michael O'Connell Defensive Rebound.,23,6,17,6,0.8627777579396321,0.8932209366563287,1,4,-2,127.5,"c(""John Higgins"", "" Marc A. Beasley"", "" Scott Brown"")","Berkeley, CA",Haas Pavilion,11877,2773,NA,NA,NA,NA,NA,NA,NA,NA,California,Stanford,FALSE
401377483,2022-02-26,California,Stanford,82,1,7:32,1652,1652,Jaiden Delaire missed Three Point Jumper.,23,6,17,10,0.8639796036547845,0.8941275025794403,1,4,-2,127.5,"c(""John Higgins"", "" Marc A. Beasley"", "" Scott Brown"")","Berkeley, CA",Haas Pavilion,11877,2773,NA,NA,Stanford,missed,Jaiden Delaire,NA,TRUE,FALSE,Stanford,California,FALSE
401377483,2022-02-26,California,Stanford,83,1,7:29,1649,1649,Jalen Celestine Defensive Rebound.,23,6,17,3,0.8643364194630484,0.8943963775179826,1,4,-2,127.5,"c(""John Higgins"", "" Marc A. Beasley"", "" Scott Brown"")","Berkeley, CA",Haas Pavilion,11877,2773,NA,NA,NA,NA,NA,NA,NA,NA,Stanford,California,FALSE
401377483,2022-02-26,California,Stanford,84,1,7:11,1631,1631,Jalen Celestine made Jumper.,25,6,19,18,0.893140531727163,0.9173375822538934,1,4,-2,127.5,"c(""John Higgins"", "" Marc A. Beasley"", "" Scott Brown"")","Berkeley, CA",Haas Pavilion,11877,2773,NA,NA,California,made,Jalen Celestine,NA,FALSE,FALSE,California,Stanford,FALSE
401377483,2022-02-26,California,Stanford,85,1,6:56,1616,1616,Jaiden Delaire missed Layup.,25,6,19,15,0.8947160297177493,0.9185132507899386,1,4,-2,127.5,"c(""John Higgins"", "" Marc A. Beasley"", "" Scott Brown"")","Berkeley, CA",Haas Pavilion,11877,2773,NA,NA,Stanford,missed,Jaiden Delaire,NA,FALSE,FALSE,Stanford,California,FALSE
401377483,2022-02-26,California,Stanford,86,1,6:56,1616,1616,Official TV Timeout,25,6,19,0,0.8947160297177493,0.9185132507899386,1,4,-2,127.5,"c(""John Higgins"", "" Marc A. Beasley"", "" Scott Brown"")","Berkeley, CA",Haas Pavilion,11877,2773,NA,NA,NA,NA,NA,NA,NA,NA,Stanford,California,FALSE
401377483,2022-02-26,California,Stanford,87,1,6:53,1613,1613,Grant Anticevich Defensive Rebound.,25,6,19,3,0.8950279260244236,0.918745835358875,1,4,-2,127.5,"c(""John Higgins"", "" Marc A. Beasley"", "" Scott Brown"")","Berkeley, CA",Haas Pavilion,11877,2773,NA,NA,NA,NA,NA,NA,NA,NA,Stanford,California,FALSE
401377483,2022-02-26,California,Stanford,88,1,6:42,1602,1602,Foul on Joel Brown.,25,6,19,11,0.8961639177329993,0.9195926145587815,1,4,-2,127.5,"c(""John Higgins"", "" Marc A. Beasley"", "" Scott Brown"")","Berkeley, CA",Haas Pavilion,11877,2773,NA,NA,NA,NA,NA,NA,NA,NA,California,Stanford,FALSE
401377483,2022-02-26,California,Stanford,89,1,6:42,1602,1602,Joel Brown Turnover.,25,6,19,0,0.8961639177329993,0.9195926145587815,1,4,-2,127.5,"c(""John Higgins"", "" Marc A. Beasley"", "" Scott Brown"")","Berkeley, CA",Haas Pavilion,11877,2773,NA,NA,NA,NA,NA,NA,NA,NA,California,Stanford,FALSE
401377483,2022-02-26,California,Stanford,90,1,6:21,1581,1581,Spencer Jones missed Three Point Jumper.,25,6,19,21,0.8983069533079492,0.9211891333809867,1,4,-2,127.5,"c(""John Higgins"", "" Marc A. Beasley"", "" Scott Brown"")","Berkeley, CA",Haas Pavilion,11877,2773,NA,NA,Stanford,missed,Spencer Jones,NA,TRUE,FALSE,Stanford,Stanford,FALSE
401377483,2022-02-26,California,Stanford,91,1,6:18,1578,1578,Harrison Ingram Offensive Rebound.,25,6,19,3,0.8986111393865039,0.9214157072452919,1,4,-2,127.5,"c(""John Higgins"", "" Marc A. Beasley"", "" Scott Brown"")","Berkeley, CA",Haas Pavilion,11877,2773,NA,NA,NA,NA,NA,NA,NA,NA,Stanford,Stanford,FALSE
401377483,2022-02-26,California,Stanford,92,1,6:10,1570,1570,Harrison Ingram missed Three Point Jumper.,25,6,19,8,0.8994207533362127,0.9220187690566052,1,4,-2,127.5,"c(""John Higgins"", "" Marc A. Beasley"", "" Scott Brown"")","Berkeley, CA",Haas Pavilion,11877,2773,NA,NA,Stanford,missed,Harrison Ingram,NA,TRUE,FALSE,Stanford,Stanford,FALSE
401377483,2022-02-26,California,Stanford,93,1,6:10,1570,1570,Spencer Jones Offensive Rebound.,25,6,19,0,0.8994207533362127,0.9220187690566052,1,4,-2,127.5,"c(""John Higgins"", "" Marc A. Beasley"", "" Scott Brown"")","Berkeley, CA",Haas Pavilion,11877,2773,NA,NA,NA,NA,NA,NA,NA,NA,Stanford,Stanford,FALSE
401377483,2022-02-26,California,Stanford,94,1,6:10,1570,1570,Foul on Joel Brown.,25,6,19,0,0.8994207533362127,0.9220187690566052,1,4,-2,127.5,"c(""John Higgins"", "" Marc A. Beasley"", "" Scott Brown"")","Berkeley, CA",Haas Pavilion,11877,2773,NA,NA,NA,NA,NA,NA,NA,NA,Stanford,Stanford,FALSE
401377483,2022-02-26,California,Stanford,95,1,6:02,1562,1562,Michael O'Connell missed Jumper.,25,6,19,8,0.9002288211663172,0.9226207616521372,1,4,-2,127.5,"c(""John Higgins"", "" Marc A. Beasley"", "" Scott Brown"")","Berkeley, CA",Haas Pavilion,11877,2773,NA,NA,Stanford,missed,Michael O'Connell,NA,FALSE,FALSE,Stanford,California,FALSE
401377483,2022-02-26,California,Stanford,96,1,5:58,1558,1558,Jalen Celestine Defensive Rebound.,25,6,19,4,0.9006325483588267,0.9229215818814965,1,4,-2,127.5,"c(""John Higgins"", "" Marc A. Beasley"", "" Scott Brown"")","Berkeley, CA",Haas Pavilion,11877,2773,NA,NA,NA,NA,NA,NA,NA,NA,Stanford,California,FALSE
401377483,2022-02-26,California,Stanford,97,1,5:51,1551,1551,Foul on Harrison Ingram.,25,6,19,7,0.9013389844049758,0.9234480689357077,1,4,-2,127.5,"c(""John Higgins"", "" Marc A. Beasley"", "" Scott Brown"")","Berkeley, CA",Haas Pavilion,11877,2773,NA,NA,NA,NA,NA,NA,NA,NA,California,California,FALSE
401377483,2022-02-26,California,Stanford,98,1,5:32,1532,1532,Lars Thiemann made Jumper. Assisted by Makale Foreman.,27,6,21,19,0.9240193376746848,0.9413020648922863,1,4,-2,127.5,"c(""John Higgins"", "" Marc A. Beasley"", "" Scott Brown"")","Berkeley, CA",Haas Pavilion,11877,2773,NA,NA,California,made,Lars Thiemann,Makale Foreman,FALSE,FALSE,California,Stanford,FALSE
401377483,2022-02-26,California,Stanford,99,1,5:15,1515,1515,Foul on Lars Thiemann.,27,6,21,17,0.9255444737008555,0.9424361958553972,1,4,-2,127.5,"c(""John Higgins"", "" Marc A. Beasley"", "" Scott Brown"")","Berkeley, CA",Haas Pavilion,11877,2773,NA,NA,NA,NA,NA,NA,NA,NA,Stanford,Stanford,FALSE
401377483,2022-02-26,California,Stanford,100,1,5:15,1515,1515,Lukas Kisunas made Free Throw.,27,7,20,0,0.9158350429288019,0.9347743073370072,1,4,-2,127.5,"c(""John Higgins"", "" Marc A. Beasley"", "" Scott Brown"")","Berkeley, CA",Haas Pavilion,11877,2773,NA,NA,Stanford,made,Lukas Kisunas,NA,FALSE,TRUE,Stanford,Stanford,FALSE
401377483,2022-02-26,California,Stanford,101,1,5:14,1514,1514,Lukas Kisunas missed Free Throw.,27,7,20,1,0.9159312105445646,0.934846028969475,1,4,-2,127.5,"c(""John Higgins"", "" Marc A. Beasley"", "" Scott Brown"")","Berkeley, CA",Haas Pavilion,11877,2773,NA,NA,Stanford,missed,Lukas Kisunas,NA,FALSE,TRUE,Stanford,California,FALSE
401377483,2022-02-26,California,Stanford,102,1,5:13,1513,1513,Lars Thiemann Defensive Rebound.,27,7,20,1,0.9160274300029239,0.9349177968211847,1,4,-2,127.5,"c(""John Higgins"", "" Marc A. Beasley"", "" Scott Brown"")","Berkeley, CA",Haas Pavilion,11877,2773,NA,NA,NA,NA,NA,NA,NA,NA,Stanford,California,FALSE
401377483,2022-02-26,California,Stanford,103,1,4:59,1499,1499,Sam Alajiki missed Three Point Jumper.,27,7,20,14,0.9173806387936666,0.9359279697973459,1,4,-2,127.5,"c(""John Higgins"", "" Marc A. Beasley"", "" Scott Brown"")","Berkeley, CA",Haas Pavilion,11877,2773,NA,NA,California,missed,Sam Alajiki,NA,TRUE,FALSE,California,Stanford,FALSE
401377483,2022-02-26,California,Stanford,104,1,4:57,1497,1497,Stanford Defensive Rebound.,27,7,20,2,0.9175749987507178,0.9360731966085221,1,4,-2,127.5,"c(""John Higgins"", "" Marc A. Beasley"", "" Scott Brown"")","Berkeley, CA",Haas Pavilion,11877,2773,NA,NA,NA,NA,NA,NA,NA,NA,California,Stanford,FALSE
401377483,2022-02-26,California,Stanford,105,1,4:37,1477,1477,Michael O'Connell missed Three Point Jumper.,27,7,20,20,0.9195359710508161,0.937540547970771,1,4,-2,127.5,"c(""John Higgins"", "" Marc A. Beasley"", "" Scott Brown"")","Berkeley, CA",Haas Pavilion,11877,2773,NA,NA,Stanford,missed,Michael O'Connell,NA,TRUE,FALSE,Stanford,Stanford,FALSE
401377483,2022-02-26,California,Stanford,106,1,4:32,1472,1472,Brandon Angel Offensive Rebound.,27,7,20,5,0.9200317500767576,0.9379121666965585,1,4,-2,127.5,"c(""John Higgins"", "" Marc A. Beasley"", "" Scott Brown"")","Berkeley, CA",Haas Pavilion,11877,2773,NA,NA,NA,NA,NA,NA,NA,NA,Stanford,Stanford,FALSE
401377483,2022-02-26,California,Stanford,107,1,4:28,1468,1468,Foul on Makale Foreman.,27,7,20,4,0.9204301435903036,0.9382109840550642,1,4,-2,127.5,"c(""John Higgins"", "" Marc A. Beasley"", "" Scott Brown"")","Berkeley, CA",Haas Pavilion,11877,2773,NA,NA,NA,NA,NA,NA,NA,NA,Stanford,Stanford,FALSE
401377483,2022-02-26,California,Stanford,108,1,4:13,1453,1453,Maxime Raynaud made Layup. Assisted by Spencer Jones.,27,9,18,15,0.8997990705063028,0.9217218114380292,1,4,-2,127.5,"c(""John Higgins"", "" Marc A. Beasley"", "" Scott Brown"")","Berkeley, CA",Haas Pavilion,11877,2773,NA,NA,Stanford,made,Maxime Raynaud,Spencer Jones,FALSE,FALSE,Stanford,California,FALSE
401377483,2022-02-26,California,Stanford,109,1,3:51,1431,1431,Grant Anticevich missed Three Point Jumper.,27,9,18,22,0.9022767041868294,0.9235929346123712,1,4,-2,127.5,"c(""John Higgins"", "" Marc A. Beasley"", "" Scott Brown"")","Berkeley, CA",Haas Pavilion,11877,2773,NA,NA,California,missed,Grant Anticevich,NA,TRUE,FALSE,California,Stanford,FALSE
401377483,2022-02-26,California,Stanford,110,1,3:48,1428,1428,Michael O'Connell Defensive Rebound.,27,9,18,3,0.902602944884273,0.9238388323229395,1,4,-2,127.5,"c(""John Higgins"", "" Marc A. Beasley"", "" Scott Brown"")","Berkeley, CA",Haas Pavilion,11877,2773,NA,NA,NA,NA,NA,NA,NA,NA,California,Stanford,FALSE
401377483,2022-02-26,California,Stanford,111,1,3:31,1411,1411,Spencer Jones Turnover.,27,9,18,17,0.9044063719499199,0.9251962898930705,1,4,-2,127.5,"c(""John Higgins"", "" Marc A. Beasley"", "" Scott Brown"")","Berkeley, CA",Haas Pavilion,11877,2773,NA,NA,NA,NA,NA,NA,NA,NA,Stanford,California,FALSE
401377483,2022-02-26,California,Stanford,112,1,3:31,1411,1411,Official TV Timeout,27,9,18,0,0.9044063719499199,0.9251962898930705,1,4,-2,127.5,"c(""John Higgins"", "" Marc A. Beasley"", "" Scott Brown"")","Berkeley, CA",Haas Pavilion,11877,2773,NA,NA,NA,NA,NA,NA,NA,NA,Stanford,California,FALSE
401377483,2022-02-26,California,Stanford,113,1,3:14,1394,1394,Jordan Shepherd made Layup.,29,9,20,17,0.9275081374551973,0.9435206891833839,1,4,-2,127.5,"c(""John Higgins"", "" Marc A. Beasley"", "" Scott Brown"")","Berkeley, CA",Haas Pavilion,11877,2773,NA,NA,California,made,Jordan Shepherd,NA,FALSE,FALSE,California,Stanford,FALSE
401377483,2022-02-26,California,Stanford,114,1,2:48,1368,1368,Jaiden Delaire made Layup.,29,11,18,26,0.9087176322669431,0.9284325033556559,1,4,-2,127.5,"c(""John Higgins"", "" Marc A. Beasley"", "" Scott Brown"")","Berkeley, CA",Haas Pavilion,11877,2773,NA,NA,Stanford,made,Jaiden Delaire,NA,FALSE,FALSE,Stanford,California,FALSE
401377483,2022-02-26,California,Stanford,115,1,2:28,1348,1348,Foul on Maxime Raynaud.,29,11,18,20,0.9106541688554982,0.9298847883662402,1,4,-2,127.5,"c(""John Higgins"", "" Marc A. Beasley"", "" Scott Brown"")","Berkeley, CA",Haas Pavilion,11877,2773,NA,NA,NA,NA,NA,NA,NA,NA,California,California,FALSE
401377483,2022-02-26,California,Stanford,116,1,2:28,1348,1348,Kuany Kuany made Free Throw.,30,11,19,0,0.9216699113983612,0.9386891550894255,1,4,-2,127.5,"c(""John Higgins"", "" Marc A. Beasley"", "" Scott Brown"")","Berkeley, CA",Haas Pavilion,11877,2773,NA,NA,California,made,Kuany Kuany,NA,FALSE,TRUE,California,California,FALSE
401377483,2022-02-26,California,Stanford,117,1,2:28,1348,1348,Kuany Kuany missed Free Throw.,30,11,19,0,0.9216699113983612,0.9386891550894255,1,4,-2,127.5,"c(""John Higgins"", "" Marc A. Beasley"", "" Scott Brown"")","Berkeley, CA",Haas Pavilion,11877,2773,NA,NA,California,missed,Kuany Kuany,NA,FALSE,TRUE,California,Stanford,FALSE
401377483,2022-02-26,California,Stanford,118,1,2:26,1346,1346,Max Murrell Defensive Rebound.,30,11,19,2,0.9218497390164613,0.9388238044718388,1,4,-2,127.5,"c(""John Higgins"", "" Marc A. Beasley"", "" Scott Brown"")","Berkeley, CA",Haas Pavilion,11877,2773,NA,NA,NA,NA,NA,NA,NA,NA,California,Stanford,FALSE
401377483,2022-02-26,California,Stanford,119,1,2:16,1336,1336,Foul on Kuany Kuany.,30,11,19,10,0.9227475787043454,0.9394962924591773,1,4,-2,127.5,"c(""John Higgins"", "" Marc A. Beasley"", "" Scott Brown"")","Berkeley, CA",Haas Pavilion,11877,2773,NA,NA,NA,NA,NA,NA,NA,NA,Stanford,Stanford,FALSE
401377483,2022-02-26,California,Stanford,120,1,2:16,1336,1336,Harrison Ingram made Free Throw.,30,12,18,0,0.9118091933635603,0.9307514326153824,1,4,-2,127.5,"c(""John Higgins"", "" Marc A. Beasley"", "" Scott Brown"")","Berkeley, CA",Haas Pavilion,11877,2773,NA,NA,Stanford,made,Harrison Ingram,NA,FALSE,TRUE,Stanford,Stanford,FALSE
401377483,2022-02-26,California,Stanford,121,1,2:16,1336,1336,Harrison Ingram missed Free Throw.,30,12,18,0,0.9118091933635603,0.9307514326153824,1,4,-2,127.5,"c(""John Higgins"", "" Marc A. Beasley"", "" Scott Brown"")","Berkeley, CA",Haas Pavilion,11877,2773,NA,NA,Stanford,missed,Harrison Ingram,NA,FALSE,TRUE,Stanford,California,FALSE
401377483,2022-02-26,California,Stanford,122,1,2:14,1334,1334,Grant Anticevich Defensive Rebound.,30,12,18,2,0.9120016248122369,0.9308958787317877,1,4,-2,127.5,"c(""John Higgins"", "" Marc A. Beasley"", "" Scott Brown"")","Berkeley, CA",Haas Pavilion,11877,2773,NA,NA,NA,NA,NA,NA,NA,NA,Stanford,California,FALSE
401377483,2022-02-26,California,Stanford,123,1,1:43,1303,1303,Grant Anticevich made Jumper. Assisted by Marsalis Roberson.,32,12,20,31,0.9351839518733074,0.9492630294221618,1,4,-2,127.5,"c(""John Higgins"", "" Marc A. Beasley"", "" Scott Brown"")","Berkeley, CA",Haas Pavilion,11877,2773,NA,NA,California,made,Grant Anticevich,Marsalis Roberson,FALSE,FALSE,California,Stanford,FALSE
401377483,2022-02-26,California,Stanford,124,1,1:26,1286,1286,Grant Anticevich Defensive Rebound.,32,12,20,17,0.9366230994089805,0.9503446177384253,1,4,-2,127.5,"c(""John Higgins"", "" Marc A. Beasley"", "" Scott Brown"")","Berkeley, CA",Haas Pavilion,11877,2773,NA,NA,NA,NA,NA,NA,NA,NA,Stanford,California,FALSE
401377483,2022-02-26,California,Stanford,125,1,0:59,1259,1259,Jalen Celestine missed Jumper.,32,12,20,27,0.9389647193005358,0.9521106223460989,1,4,-2,127.5,"c(""John Higgins"", "" Marc A. Beasley"", "" Scott Brown"")","Berkeley, CA",Haas Pavilion,11877,2773,NA,NA,California,missed,Jalen Celestine,NA,FALSE,FALSE,California,California,FALSE
401377483,2022-02-26,California,Stanford,126,1,0:55,1255,1255,Marsalis Roberson Offensive Rebound.,32,12,20,4,0.939319013415174,0.9523785443082364,1,4,-2,127.5,"c(""John Higgins"", "" Marc A. Beasley"", "" Scott Brown"")","Berkeley, CA",Haas Pavilion,11877,2773,NA,NA,NA,NA,NA,NA,NA,NA,California,California,FALSE
401377483,2022-02-26,California,Stanford,127,1,0:42,1242,1242,Jordan Shepherd made Three Point Jumper.,35,12,23,13,0.9613013673706607,0.9697528841453016,1,4,-2,127.5,"c(""John Higgins"", "" Marc A. Beasley"", "" Scott Brown"")","Berkeley, CA",Haas Pavilion,11877,2773,NA,NA,California,made,Jordan Shepherd,NA,TRUE,FALSE,California,Stanford,FALSE
401377483,2022-02-26,California,Stanford,128,1,0:24,1224,1224,Jaiden Delaire missed Layup.,35,12,23,18,0.9625580322067175,0.9707042943914783,1,4,-2,127.5,"c(""John Higgins"", "" Marc A. Beasley"", "" Scott Brown"")","Berkeley, CA",Haas Pavilion,11877,2773,NA,NA,Stanford,missed,Jaiden Delaire,NA,FALSE,FALSE,Stanford,California,FALSE
401377483,2022-02-26,California,Stanford,129,1,0:20,1220,1220,Marsalis Roberson Defensive Rebound.,35,12,23,4,0.9628419500542117,0.9709196822788727,1,4,-2,127.5,"c(""John Higgins"", "" Marc A. Beasley"", "" Scott Brown"")","Berkeley, CA",Haas Pavilion,11877,2773,NA,NA,NA,NA,NA,NA,NA,NA,Stanford,California,FALSE
401377483,2022-02-26,California,Stanford,130,1,0:03,1203,1203,Jordan Shepherd missed Jumper.,35,12,23,17,0.9640587675145874,0.971844321405759,1,4,-2,127.5,"c(""John Higgins"", "" Marc A. Beasley"", "" Scott Brown"")","Berkeley, CA",Haas Pavilion,11877,2773,NA,NA,California,missed,Jordan Shepherd,NA,FALSE,FALSE,California,Stanford,FALSE
401377483,2022-02-26,California,Stanford,131,1,0:00,1200,1200,Maxime Raynaud Defensive Rebound.,35,12,23,3,0.9642685343281717,0.9720037854729051,1,4,-2,127.5,"c(""John Higgins"", "" Marc A. Beasley"", "" Scott Brown"")","Berkeley, CA",Haas Pavilion,11877,2773,NA,NA,NA,NA,NA,NA,NA,NA,California,Stanford,FALSE
401377483,2022-02-26,California,Stanford,132,1,0:00,1200,1200,End of 1st half,35,12,23,0,0.9642685343281717,0.9720037854729051,1,4,-2,127.5,"c(""John Higgins"", "" Marc A. Beasley"", "" Scott Brown"")","Berkeley, CA",Haas Pavilion,11877,2773,NA,NA,NA,NA,NA,NA,NA,NA,Stanford,NA,FALSE
401377483,2022-02-26,California,Stanford,133,2,20:00,1200,1200,PLAY,35,12,23,0,0.9642685343281717,0.9720037854729051,2,4,-2,127.5,"c(""John Higgins"", "" Marc A. Beasley"", "" Scott Brown"")","Berkeley, CA",Haas Pavilion,11877,2773,NA,NA,NA,NA,NA,NA,NA,NA,NA,Stanford,FALSE
401377483,2022-02-26,California,Stanford,134,2,19:33,1173,1173,Foul on Jordan Shepherd.,35,12,23,27,0.9660590359922111,0.9733647656373182,2,4,-2,127.5,"c(""John Higgins"", "" Marc A. Beasley"", "" Scott Brown"")","Berkeley, CA",Haas Pavilion,11877,2773,NA,NA,NA,NA,NA,NA,NA,NA,Stanford,Stanford,FALSE
401377483,2022-02-26,California,Stanford,135,2,19:33,1173,1173,Spencer Jones made Free Throw.,35,13,22,0,0.9605375966695203,0.9689936608212174,2,4,-2,127.5,"c(""John Higgins"", "" Marc A. Beasley"", "" Scott Brown"")","Berkeley, CA",Haas Pavilion,11877,2773,NA,NA,Stanford,made,Spencer Jones,NA,FALSE,TRUE,Stanford,Stanford,FALSE
401377483,2022-02-26,California,Stanford,136,2,19:33,1173,1173,Spencer Jones made Free Throw.,35,14,21,0,0.9541605623310376,0.9639317957816819,2,4,-2,127.5,"c(""John Higgins"", "" Marc A. Beasley"", "" Scott Brown"")","Berkeley, CA",Haas Pavilion,11877,2773,NA,NA,Stanford,made,Spencer Jones,NA,FALSE,TRUE,Stanford,California,FALSE
401377483,2022-02-26,California,Stanford,137,2,19:06,1146,1146,Joel Brown Turnover.,35,14,21,27,0.9561875362554844,0.9654752933229019,2,4,-2,127.5,"c(""John Higgins"", "" Marc A. Beasley"", "" Scott Brown"")","Berkeley, CA",Haas Pavilion,11877,2773,NA,NA,NA,NA,NA,NA,NA,NA,California,Stanford,FALSE
401377483,2022-02-26,California,Stanford,138,2,18:50,1130,1130,Harrison Ingram missed Jumper.,35,14,21,16,0.9573388888779911,0.9663525470005303,2,4,-2,127.5,"c(""John Higgins"", "" Marc A. Beasley"", "" Scott Brown"")","Berkeley, CA",Haas Pavilion,11877,2773,NA,NA,Stanford,missed,Harrison Ingram,NA,FALSE,FALSE,Stanford,California,FALSE
401377483,2022-02-26,California,Stanford,139,2,18:50,1130,1130,Jalen Celestine Block.,35,14,21,0,0.9573388888779911,0.9663525470005303,2,4,-2,127.5,"c(""John Higgins"", "" Marc A. Beasley"", "" Scott Brown"")","Berkeley, CA",Haas Pavilion,11877,2773,NA,NA,NA,NA,NA,NA,NA,NA,Stanford,California,FALSE
401377483,2022-02-26,California,Stanford,140,2,18:45,1125,1125,Grant Anticevich Defensive Rebound.,35,14,21,5,0.9576933026056957,0.9666227208378319,2,4,-2,127.5,"c(""John Higgins"", "" Marc A. Beasley"", "" Scott Brown"")","Berkeley, CA",Haas Pavilion,11877,2773,NA,NA,NA,NA,NA,NA,NA,NA,Stanford,California,FALSE
401377483,2022-02-26,California,Stanford,141,2,18:43,1123,1123,Joel Brown missed Layup.,35,14,21,2,0.9578344816035868,0.9667303645781029,2,4,-2,127.5,"c(""John Higgins"", "" Marc A. Beasley"", "" Scott Brown"")","Berkeley, CA",Haas Pavilion,11877,2773,NA,NA,California,missed,Joel Brown,NA,FALSE,FALSE,California,California,FALSE
401377483,2022-02-26,California,Stanford,142,2,18:43,1123,1123,Spencer Jones Block.,35,14,21,0,0.9578344816035868,0.9667303645781029,2,4,-2,127.5,"c(""John Higgins"", "" Marc A. Beasley"", "" Scott Brown"")","Berkeley, CA",Haas Pavilion,11877,2773,NA,NA,NA,NA,NA,NA,NA,NA,California,California,FALSE
401377483,2022-02-26,California,Stanford,143,2,18:43,1123,1123,California Offensive Rebound.,35,14,21,0,0.9578344816035868,0.9667303645781029,2,4,-2,127.5,"c(""John Higgins"", "" Marc A. Beasley"", "" Scott Brown"")","Berkeley, CA",Haas Pavilion,11877,2773,NA,NA,NA,NA,NA,NA,NA,NA,California,California,FALSE
401377483,2022-02-26,California,Stanford,144,2,18:23,1103,1103,Grant Anticevich Turnover.,35,14,21,20,0.9592323701715976,0.9677969865376971,2,4,-2,127.5,"c(""John Higgins"", "" Marc A. Beasley"", "" Scott Brown"")","Berkeley, CA",Haas Pavilion,11877,2773,NA,NA,NA,NA,NA,NA,NA,NA,California,Stanford,FALSE
401377483,2022-02-26,California,Stanford,145,2,18:08,1088,1088,Michael O'Connell missed Three Point Jumper.,35,14,21,15,0.9602711167589941,0.9685906938720648,2,4,-2,127.5,"c(""John Higgins"", "" Marc A. Beasley"", "" Scott Brown"")","Berkeley, CA",Haas Pavilion,11877,2773,NA,NA,Stanford,missed,Michael O'Connell,NA,TRUE,FALSE,Stanford,California,FALSE
401377483,2022-02-26,California,Stanford,146,2,18:05,1085,1085,Lars Thiemann Defensive Rebound.,35,14,21,3,0.9604785532667846,0.9687493297825726,2,4,-2,127.5,"c(""John Higgins"", "" Marc A. Beasley"", "" Scott Brown"")","Berkeley, CA",Haas Pavilion,11877,2773,NA,NA,NA,NA,NA,NA,NA,NA,Stanford,California,FALSE
401377483,2022-02-26,California,Stanford,147,2,17:50,1070,1070,Jalen Celestine missed Jumper.,35,14,21,15,0.9615168530119075,0.9695441028444202,2,4,-2,127.5,"c(""John Higgins"", "" Marc A. Beasley"", "" Scott Brown"")","Berkeley, CA",Haas Pavilion,11877,2773,NA,NA,California,missed,Jalen Celestine,NA,FALSE,FALSE,California,Stanford,FALSE
401377483,2022-02-26,California,Stanford,148,2,17:47,1067,1067,Jaiden Delaire Defensive Rebound.,35,14,21,3,0.9617250535445895,0.969703627476709,2,4,-2,127.5,"c(""John Higgins"", "" Marc A. Beasley"", "" Scott Brown"")","Berkeley, CA",Haas Pavilion,11877,2773,NA,NA,NA,NA,NA,NA,NA,NA,California,Stanford,FALSE
401377483,2022-02-26,California,Stanford,149,2,17:43,1063,1063,Harrison Ingram made Three Point Jumper. Assisted by Michael O'Connell.,35,17,18,4,0.9390797993239047,0.9515271501874493,2,4,-2,127.5,"c(""John Higgins"", "" Marc A. Beasley"", "" Scott Brown"")","Berkeley, CA",Haas Pavilion,11877,2773,NA,NA,Stanford,made,Harrison Ingram,Michael O'Connell,TRUE,FALSE,Stanford,California,FALSE
401377483,2022-02-26,California,Stanford,150,2,17:17,1037,1037,Joel Brown missed Three Point Jumper.,35,17,18,26,0.9415551544378342,0.9534344232446377,2,4,-2,127.5,"c(""John Higgins"", "" Marc A. Beasley"", "" Scott Brown"")","Berkeley, CA",Haas Pavilion,11877,2773,NA,NA,California,missed,Joel Brown,NA,TRUE,FALSE,California,Stanford,FALSE
401377483,2022-02-26,California,Stanford,151,2,17:15,1035,1035,Jaiden Delaire Defensive Rebound.,35,17,18,2,0.9417487381015223,0.9535838421919355,2,4,-2,127.5,"c(""John Higgins"", "" Marc A. Beasley"", "" Scott Brown"")","Berkeley, CA",Haas Pavilion,11877,2773,NA,NA,NA,NA,NA,NA,NA,NA,California,Stanford,FALSE
401377483,2022-02-26,California,Stanford,152,2,17:06,1026,1026,Jaiden Delaire made Three Point Jumper. Assisted by Harrison Ingram.,35,20,15,9,0.9082751118655468,0.9263324688988609,2,4,-2,127.5,"c(""John Higgins"", "" Marc A. Beasley"", "" Scott Brown"")","Berkeley, CA",Haas Pavilion,11877,2773,NA,NA,Stanford,made,Jaiden Delaire,Harrison Ingram,TRUE,FALSE,Stanford,California,FALSE
401377483,2022-02-26,California,Stanford,153,2,16:38,998,998,Lars Thiemann made Dunk. Assisted by Joel Brown.,37,20,17,28,0.9358761881005551,0.948700423079425,2,4,-2,127.5,"c(""John Higgins"", "" Marc A. Beasley"", "" Scott Brown"")","Berkeley, CA",Haas Pavilion,11877,2773,NA,NA,California,made,Lars Thiemann,Joel Brown,FALSE,FALSE,California,Stanford,FALSE
401377483,2022-02-26,California,Stanford,154,2,16:23,983,983,Foul on Grant Anticevich.,37,20,17,15,0.9375969189992517,0.9500391071925969,2,4,-2,127.5,"c(""John Higgins"", "" Marc A. Beasley"", "" Scott Brown"")","Berkeley, CA",Haas Pavilion,11877,2773,NA,NA,NA,NA,NA,NA,NA,NA,Stanford,Stanford,FALSE
401377483,2022-02-26,California,Stanford,155,2,16:07,967,967,Jaiden Delaire missed Jumper.,37,20,17,16,0.9394828526040047,0.9515093052858458,2,4,-2,127.5,"c(""John Higgins"", "" Marc A. Beasley"", "" Scott Brown"")","Berkeley, CA",Haas Pavilion,11877,2773,NA,NA,Stanford,missed,Jaiden Delaire,NA,FALSE,FALSE,Stanford,California,FALSE
401377483,2022-02-26,California,Stanford,156,2,16:07,967,967,Grant Anticevich Block.,37,20,17,0,0.9394828526040047,0.9515093052858458,2,4,-2,127.5,"c(""John Higgins"", "" Marc A. Beasley"", "" Scott Brown"")","Berkeley, CA",Haas Pavilion,11877,2773,NA,NA,NA,NA,NA,NA,NA,NA,Stanford,California,FALSE
401377483,2022-02-26,California,Stanford,157,2,16:02,962,962,Jalen Celestine Defensive Rebound.,37,20,17,5,0.9400552353063023,0.9519556646681553,2,4,-2,127.5,"c(""John Higgins"", "" Marc A. Beasley"", "" Scott Brown"")","Berkeley, CA",Haas Pavilion,11877,2773,NA,NA,NA,NA,NA,NA,NA,NA,Stanford,California,FALSE
401377483,2022-02-26,California,Stanford,158,2,15:59,959,959,Jordan Shepherd missed Three Point Jumper.,37,20,17,3,0.9403886621749069,0.9522156093511722,2,4,-2,127.5,"c(""John Higgins"", "" Marc A. Beasley"", "" Scott Brown"")","Berkeley, CA",Haas Pavilion,11877,2773,NA,NA,California,missed,Jordan Shepherd,NA,TRUE,FALSE,California,California,FALSE
401377483,2022-02-26,California,Stanford,159,2,15:56,956,956,Lars Thiemann Offensive Rebound.,37,20,17,3,0.940714962562107,0.9524699479233916,2,4,-2,127.5,"c(""John Higgins"", "" Marc A. Beasley"", "" Scott Brown"")","Berkeley, CA",Haas Pavilion,11877,2773,NA,NA,NA,NA,NA,NA,NA,NA,California,California,FALSE
401377483,2022-02-26,California,Stanford,160,2,15:43,943,943,Joel Brown made Jumper.,39,20,19,13,0.958669916126904,0.9669584417105281,2,4,-2,127.5,"c(""John Higgins"", "" Marc A. Beasley"", "" Scott Brown"")","Berkeley, CA",Haas Pavilion,11877,2773,NA,NA,California,made,Joel Brown,NA,FALSE,FALSE,California,Stanford,FALSE
401377483,2022-02-26,California,Stanford,161,2,15:28,928,928,James Keefe missed Jumper.,39,20,19,15,0.9598110310892651,0.9678445739683277,2,4,-2,127.5,"c(""John Higgins"", "" Marc A. Beasley"", "" Scott Brown"")","Berkeley, CA",Haas Pavilion,11877,2773,NA,NA,Stanford,missed,James Keefe,NA,FALSE,FALSE,Stanford,California,FALSE
401377483,2022-02-26,California,Stanford,162,2,15:25,925,925,Lars Thiemann Defensive Rebound.,39,20,19,3,0.9600275531772027,0.9680126767200312,2,4,-2,127.5,"c(""John Higgins"", "" Marc A. Beasley"", "" Scott Brown"")","Berkeley, CA",Haas Pavilion,11877,2773,NA,NA,NA,NA,NA,NA,NA,NA,Stanford,California,FALSE
401377483,2022-02-26,California,Stanford,163,2,15:07,907,907,Jalen Celestine missed Three Point Jumper.,39,20,19,18,0.9612618508038102,0.9689708706583318,2,4,-2,127.5,"c(""John Higgins"", "" Marc A. Beasley"", "" Scott Brown"")","Berkeley, CA",Haas Pavilion,11877,2773,NA,NA,California,missed,Jalen Celestine,NA,TRUE,FALSE,California,Stanford,FALSE
401377483,2022-02-26,California,Stanford,164,2,15:05,905,905,Stanford Defensive Rebound.,39,20,19,2,0.961393217817346,0.9690728551278753,2,4,-2,127.5,"c(""John Higgins"", "" Marc A. Beasley"", "" Scott Brown"")","Berkeley, CA",Haas Pavilion,11877,2773,NA,NA,NA,NA,NA,NA,NA,NA,California,Stanford,FALSE
401377483,2022-02-26,California,Stanford,165,2,15:05,905,905,Official TV Timeout,39,20,19,0,0.961393217817346,0.9690728551278753,2,4,-2,127.5,"c(""John Higgins"", "" Marc A. Beasley"", "" Scott Brown"")","Berkeley, CA",Haas Pavilion,11877,2773,NA,NA,NA,NA,NA,NA,NA,NA,California,Stanford,FALSE
401377483,2022-02-26,California,Stanford,166,2,14:54,894,894,Brandon Angel Turnover.,39,20,19,11,0.9621000301504123,0.9696216514947597,2,4,-2,127.5,"c(""John Higgins"", "" Marc A. Beasley"", "" Scott Brown"")","Berkeley, CA",Haas Pavilion,11877,2773,NA,NA,NA,NA,NA,NA,NA,NA,Stanford,California,FALSE
401377483,2022-02-26,California,Stanford,167,2,14:42,882,882,Grant Anticevich made Layup. Assisted by Lars Thiemann.,41,20,21,12,0.9739544619779327,0.9791580572263343,2,4,-2,127.5,"c(""John Higgins"", "" Marc A. Beasley"", "" Scott Brown"")","Berkeley, CA",Haas Pavilion,11877,2773,NA,NA,California,made,Grant Anticevich,Lars Thiemann,FALSE,FALSE,California,Stanford,FALSE
401377483,2022-02-26,California,Stanford,168,2,14:42,882,882,Foul on Harrison Ingram.,41,20,21,0,0.9739544619779327,0.9791580572263343,2,4,-2,127.5,"c(""John Higgins"", "" Marc A. Beasley"", "" Scott Brown"")","Berkeley, CA",Haas Pavilion,11877,2773,NA,NA,NA,NA,NA,NA,NA,NA,California,Stanford,FALSE
401377483,2022-02-26,California,Stanford,169,2,14:42,882,882,Grant Anticevich made Free Throw.,42,20,22,0,0.9782220425426782,0.9825882673479865,2,4,-2,127.5,"c(""John Higgins"", "" Marc A. Beasley"", "" Scott Brown"")","Berkeley, CA",Haas Pavilion,11877,2773,NA,NA,California,made,Grant Anticevich,NA,FALSE,TRUE,California,California,FALSE
401377483,2022-02-26,California,Stanford,170,2,14:22,862,862,Foul on Grant Anticevich.,42,20,22,20,0.9790562773580749,0.9832362955759908,2,4,-2,127.5,"c(""John Higgins"", "" Marc A. Beasley"", "" Scott Brown"")","Berkeley, CA",Haas Pavilion,11877,2773,NA,NA,NA,NA,NA,NA,NA,NA,California,Stanford,FALSE
401377483,2022-02-26,California,Stanford,171,2,14:06,846,846,Jordan Shepherd Defensive Rebound.,42,20,22,16,0.9797203326018741,0.983753010949788,2,4,-2,127.5,"c(""John Higgins"", "" Marc A. Beasley"", "" Scott Brown"")","Berkeley, CA",Haas Pavilion,11877,2773,NA,NA,NA,NA,NA,NA,NA,NA,Stanford,California,FALSE
401377483,2022-02-26,California,Stanford,172,2,13:50,830,830,Jordan Shepherd Turnover.,42,20,22,16,0.9803956497815832,0.9842794685409619,2,4,-2,127.5,"c(""John Higgins"", "" Marc A. Beasley"", "" Scott Brown"")","Berkeley, CA",Haas Pavilion,11877,2773,NA,NA,NA,NA,NA,NA,NA,NA,California,Stanford,FALSE
401377483,2022-02-26,California,Stanford,173,2,13:50,830,830,Sam Beskind Steal.,42,20,22,0,0.9803956497815832,0.9842794685409619,2,4,-2,127.5,"c(""John Higgins"", "" Marc A. Beasley"", "" Scott Brown"")","Berkeley, CA",Haas Pavilion,11877,2773,NA,NA,NA,NA,NA,NA,NA,NA,California,Stanford,FALSE
401377483,2022-02-26,California,Stanford,174,2,13:50,830,830,Foul on Jordan Shepherd.,42,20,22,0,0.9803956497815832,0.9842794685409619,2,4,-2,127.5,"c(""John Higgins"", "" Marc A. Beasley"", "" Scott Brown"")","Berkeley, CA",Haas Pavilion,11877,2773,NA,NA,NA,NA,NA,NA,NA,NA,California,Stanford,FALSE
401377483,2022-02-26,California,Stanford,175,2,13:39,819,819,Foul on Jordan Shepherd.,42,20,22,11,0.9808723304808175,0.984651719714059,2,4,-2,127.5,"c(""John Higgins"", "" Marc A. Beasley"", "" Scott Brown"")","Berkeley, CA",Haas Pavilion,11877,2773,NA,NA,NA,NA,NA,NA,NA,NA,Stanford,Stanford,FALSE
401377483,2022-02-26,California,Stanford,176,2,13:31,811,811,Brandon Angel made Jumper.,42,22,20,8,0.9727858051013497,0.9781153145555327,2,4,-2,127.5,"c(""John Higgins"", "" Marc A. Beasley"", "" Scott Brown"")","Berkeley, CA",Haas Pavilion,11877,2773,NA,NA,Stanford,made,Brandon Angel,NA,FALSE,FALSE,Stanford,California,FALSE
401377483,2022-02-26,California,Stanford,177,2,13:04,784,784,Kuany Kuany missed Jumper.,42,22,20,27,0.9744488111206472,0.979419506459234,2,4,-2,127.5,"c(""John Higgins"", "" Marc A. Beasley"", "" Scott Brown"")","Berkeley, CA",Haas Pavilion,11877,2773,NA,NA,California,missed,Kuany Kuany,NA,FALSE,FALSE,California,Stanford,FALSE
401377483,2022-02-26,California,Stanford,178,2,13:01,781,781,Brandon Angel Defensive Rebound.,42,22,20,3,0.9746437476041058,0.9795726990172666,2,4,-2,127.5,"c(""John Higgins"", "" Marc A. Beasley"", "" Scott Brown"")","Berkeley, CA",Haas Pavilion,11877,2773,NA,NA,NA,NA,NA,NA,NA,NA,California,Stanford,FALSE
401377483,2022-02-26,California,Stanford,179,2,12:43,763,763,Isa Silva Turnover.,42,22,20,18,0.9758606275839368,0.980530382455713,2,4,-2,127.5,"c(""John Higgins"", "" Marc A. Beasley"", "" Scott Brown"")","Berkeley, CA",Haas Pavilion,11877,2773,NA,NA,NA,NA,NA,NA,NA,NA,Stanford,California,FALSE
401377483,2022-02-26,California,Stanford,180,2,12:26,746,746,Kuany Kuany missed Jumper.,42,22,20,17,0.9770871609039293,0.9814979151748517,2,4,-2,127.5,"c(""John Higgins"", "" Marc A. Beasley"", "" Scott Brown"")","Berkeley, CA",Haas Pavilion,11877,2773,NA,NA,California,missed,Kuany Kuany,NA,FALSE,FALSE,California,Stanford,FALSE
401377483,2022-02-26,California,Stanford,181,2,12:23,743,743,Michael O'Connell Defensive Rebound.,42,22,20,3,0.9773114956095795,0.9816751058714087,2,4,-2,127.5,"c(""John Higgins"", "" Marc A. Beasley"", "" Scott Brown"")","Berkeley, CA",Haas Pavilion,11877,2773,NA,NA,NA,NA,NA,NA,NA,NA,California,Stanford,FALSE
401377483,2022-02-26,California,Stanford,182,2,12:16,736,736,Max Murrell missed Layup.,42,22,20,7,0.9778440464456779,0.9820960091739223,2,4,-2,127.5,"c(""John Higgins"", "" Marc A. Beasley"", "" Scott Brown"")","Berkeley, CA",Haas Pavilion,11877,2773,NA,NA,Stanford,missed,Max Murrell,NA,FALSE,FALSE,Stanford,California,FALSE
401377483,2022-02-26,California,Stanford,183,2,12:16,736,736,Lars Thiemann Block.,42,22,20,0,0.9778440464456779,0.9820960091739223,2,4,-2,127.5,"c(""John Higgins"", "" Marc A. Beasley"", "" Scott Brown"")","Berkeley, CA",Haas Pavilion,11877,2773,NA,NA,NA,NA,NA,NA,NA,NA,Stanford,California,FALSE
401377483,2022-02-26,California,Stanford,184,2,12:11,731,731,Jalen Celestine Defensive Rebound.,42,22,20,5,0.9782321335641412,0.982402966703601,2,4,-2,127.5,"c(""John Higgins"", "" Marc A. Beasley"", "" Scott Brown"")","Berkeley, CA",Haas Pavilion,11877,2773,NA,NA,NA,NA,NA,NA,NA,NA,Stanford,California,FALSE
401377483,2022-02-26,California,Stanford,185,2,11:44,704,704,Joel Brown missed Jumper.,42,22,20,27,0.9800947673068398,0.9838756372203831,2,4,-2,127.5,"c(""John Higgins"", "" Marc A. Beasley"", "" Scott Brown"")","Berkeley, CA",Haas Pavilion,11877,2773,NA,NA,California,missed,Joel Brown,NA,FALSE,FALSE,California,California,FALSE
401377483,2022-02-26,California,Stanford,186,2,11:42,702,702,California Offensive Rebound.,42,22,20,2,0.9802144772760681,0.9839701933105158,2,4,-2,127.5,"c(""John Higgins"", "" Marc A. Beasley"", "" Scott Brown"")","Berkeley, CA",Haas Pavilion,11877,2773,NA,NA,NA,NA,NA,NA,NA,NA,California,California,FALSE
401377483,2022-02-26,California,Stanford,187,2,11:42,702,702,Official TV Timeout,42,22,20,0,0.9802144772760681,0.9839701933105158,2,4,-2,127.5,"c(""John Higgins"", "" Marc A. Beasley"", "" Scott Brown"")","Berkeley, CA",Haas Pavilion,11877,2773,NA,NA,NA,NA,NA,NA,NA,NA,California,California,FALSE
401377483,2022-02-26,California,Stanford,188,2,11:21,681,681,Jalen Celestine missed Layup.,42,22,20,21,0.9813688669895231,0.9848816038414236,2,4,-2,127.5,"c(""John Higgins"", "" Marc A. Beasley"", "" Scott Brown"")","Berkeley, CA",Haas Pavilion,11877,2773,NA,NA,California,missed,Jalen Celestine,NA,FALSE,FALSE,California,Stanford,FALSE
401377483,2022-02-26,California,Stanford,189,2,11:21,681,681,Spencer Jones Block.,42,22,20,0,0.9813688669895231,0.9848816038414236,2,4,-2,127.5,"c(""John Higgins"", "" Marc A. Beasley"", "" Scott Brown"")","Berkeley, CA",Haas Pavilion,11877,2773,NA,NA,NA,NA,NA,NA,NA,NA,California,Stanford,FALSE
401377483,2022-02-26,California,Stanford,190,2,11:16,676,676,Maxime Raynaud Defensive Rebound.,42,22,20,5,0.9816225580662179,0.9850818496180237,2,4,-2,127.5,"c(""John Higgins"", "" Marc A. Beasley"", "" Scott Brown"")","Berkeley, CA",Haas Pavilion,11877,2773,NA,NA,NA,NA,NA,NA,NA,NA,California,Stanford,FALSE
401377483,2022-02-26,California,Stanford,191,2,11:10,670,670,Michael O'Connell missed Jumper.,42,22,20,6,0.9819196643969729,0.9853163822829121,2,4,-2,127.5,"c(""John Higgins"", "" Marc A. Beasley"", "" Scott Brown"")","Berkeley, CA",Haas Pavilion,11877,2773,NA,NA,Stanford,missed,Michael O'Connell,NA,FALSE,FALSE,Stanford,California,FALSE
401377483,2022-02-26,California,Stanford,192,2,11:10,670,670,Jalen Celestine Block.,42,22,20,0,0.9819196643969729,0.9853163822829121,2,4,-2,127.5,"c(""John Higgins"", "" Marc A. Beasley"", "" Scott Brown"")","Berkeley, CA",Haas Pavilion,11877,2773,NA,NA,NA,NA,NA,NA,NA,NA,Stanford,California,FALSE
401377483,2022-02-26,California,Stanford,193,2,11:06,666,666,Grant Anticevich Defensive Rebound.,42,22,20,4,0.982114183115287,0.9854699572144416,2,4,-2,127.5,"c(""John Higgins"", "" Marc A. Beasley"", "" Scott Brown"")","Berkeley, CA",Haas Pavilion,11877,2773,NA,NA,NA,NA,NA,NA,NA,NA,Stanford,California,FALSE
401377483,2022-02-26,California,Stanford,194,2,10:41,641,641,Grant Anticevich missed Three Point Jumper.,42,22,20,25,0.9832994062268199,0.9864066885910023,2,4,-2,127.5,"c(""John Higgins"", "" Marc A. Beasley"", "" Scott Brown"")","Berkeley, CA",Haas Pavilion,11877,2773,NA,NA,California,missed,Grant Anticevich,NA,TRUE,FALSE,California,Stanford,FALSE
401377483,2022-02-26,California,Stanford,195,2,10:37,637,637,Max Murrell Defensive Rebound.,42,22,20,4,0.9834887612626686,0.9865565841542914,2,4,-2,127.5,"c(""John Higgins"", "" Marc A. Beasley"", "" Scott Brown"")","Berkeley, CA",Haas Pavilion,11877,2773,NA,NA,NA,NA,NA,NA,NA,NA,California,Stanford,FALSE
401377483,2022-02-26,California,Stanford,196,2,10:29,629,629,Spencer Jones missed Three Point Jumper.,42,22,20,8,0.9838710251853826,0.9868594569670318,2,4,-2,127.5,"c(""John Higgins"", "" Marc A. Beasley"", "" Scott Brown"")","Berkeley, CA",Haas Pavilion,11877,2773,NA,NA,Stanford,missed,Spencer Jones,NA,TRUE,FALSE,Stanford,Stanford,FALSE
401377483,2022-02-26,California,Stanford,197,2,10:26,626,626,Max Murrell Offensive Rebound.,42,22,20,3,0.9840160571316109,0.9869744685110449,2,4,-2,127.5,"c(""John Higgins"", "" Marc A. Beasley"", "" Scott Brown"")","Berkeley, CA",Haas Pavilion,11877,2773,NA,NA,NA,NA,NA,NA,NA,NA,Stanford,Stanford,FALSE
401377483,2022-02-26,California,Stanford,198,2,10:22,622,622,Foul on Joel Brown.,42,22,20,4,0.9842112250594105,0.9871293305381418,2,4,-2,127.5,"c(""John Higgins"", "" Marc A. Beasley"", "" Scott Brown"")","Berkeley, CA",Haas Pavilion,11877,2773,NA,NA,NA,NA,NA,NA,NA,NA,Stanford,Stanford,FALSE
401377483,2022-02-26,California,Stanford,199,2,10:18,618,618,Spencer Jones made Three Point Jumper. Assisted by Max Murrell.,42,25,17,4,0.9704733112846714,0.9758595047144573,2,4,-2,127.5,"c(""John Higgins"", "" Marc A. Beasley"", "" Scott Brown"")","Berkeley, CA",Haas Pavilion,11877,2773,NA,NA,Stanford,made,Spencer Jones,Max Murrell,TRUE,FALSE,Stanford,California,FALSE
401377483,2022-02-26,California,Stanford,200,2,9:47,587,587,Kuany Kuany missed Three Point Jumper.,42,25,17,31,0.9731071297420033,0.9779585899570963,2,4,-2,127.5,"c(""John Higgins"", "" Marc A. Beasley"", "" Scott Brown"")","Berkeley, CA",Haas Pavilion,11877,2773,NA,NA,California,missed,Kuany Kuany,NA,TRUE,FALSE,California,Stanford,FALSE
401377483,2022-02-26,California,Stanford,201,2,9:43,583,583,Maxime Raynaud Defensive Rebound.,42,25,17,4,0.9734770483600819,0.9782544354766441,2,4,-2,127.5,"c(""John Higgins"", "" Marc A. Beasley"", "" Scott Brown"")","Berkeley, CA",Haas Pavilion,11877,2773,NA,NA,NA,NA,NA,NA,NA,NA,California,Stanford,FALSE
401377483,2022-02-26,California,Stanford,202,2,9:30,570,570,Max Murrell missed Jumper.,42,25,17,13,0.9747330308714514,0.9792606603094623,2,4,-2,127.5,"c(""John Higgins"", "" Marc A. Beasley"", "" Scott Brown"")","Berkeley, CA",Haas Pavilion,11877,2773,NA,NA,Stanford,missed,Max Murrell,NA,FALSE,FALSE,Stanford,California,FALSE
401377483,2022-02-26,California,Stanford,203,2,9:27,567,567,Joel Brown Defensive Rebound.,42,25,17,3,0.9750348039328743,0.9795028069364411,2,4,-2,127.5,"c(""John Higgins"", "" Marc A. Beasley"", "" Scott Brown"")","Berkeley, CA",Haas Pavilion,11877,2773,NA,NA,NA,NA,NA,NA,NA,NA,Stanford,California,FALSE
401377483,2022-02-26,California,Stanford,204,2,9:22,562,562,California  Timeout,42,25,17,5,0.9755477851660567,0.9799147525010904,2,3,-2,127.5,"c(""John Higgins"", "" Marc A. Beasley"", "" Scott Brown"")","Berkeley, CA",Haas Pavilion,11877,2773,NA,NA,NA,NA,NA,NA,NA,NA,California,California,FALSE
401377483,2022-02-26,California,Stanford,205,2,9:21,561,561,Foul on Brandon Angel.,42,25,17,1,0.9756518825364031,0.9799983955620309,2,3,-2,127.5,"c(""John Higgins"", "" Marc A. Beasley"", "" Scott Brown"")","Berkeley, CA",Haas Pavilion,11877,2773,NA,NA,NA,NA,NA,NA,NA,NA,California,California,FALSE
401377483,2022-02-26,California,Stanford,206,2,9:02,542,542,Jalen Celestine missed Three Point Jumper.,42,25,17,19,0.9776517376183725,0.9816074682282886,2,3,-2,127.5,"c(""John Higgins"", "" Marc A. Beasley"", "" Scott Brown"")","Berkeley, CA",Haas Pavilion,11877,2773,NA,NA,California,missed,Jalen Celestine,NA,TRUE,FALSE,California,Stanford,FALSE
401377483,2022-02-26,California,Stanford,207,2,8:59,539,539,Maxime Raynaud Defensive Rebound.,42,25,17,3,0.977934205832948,0.9818346301319009,2,3,-2,127.5,"c(""John Higgins"", "" Marc A. Beasley"", "" Scott Brown"")","Berkeley, CA",Haas Pavilion,11877,2773,NA,NA,NA,NA,NA,NA,NA,NA,California,Stanford,FALSE
401377483,2022-02-26,California,Stanford,208,2,8:44,524,524,Max Murrell missed Three Point Jumper.,42,25,17,15,0.9791847145201823,0.9828391893707398,2,3,-2,127.5,"c(""John Higgins"", "" Marc A. Beasley"", "" Scott Brown"")","Berkeley, CA",Haas Pavilion,11877,2773,NA,NA,Stanford,missed,Max Murrell,NA,TRUE,FALSE,Stanford,California,FALSE
401377483,2022-02-26,California,Stanford,209,2,8:43,523,523,Sam Alajiki Defensive Rebound.,42,25,17,1,0.979260424273188,0.9828999562486463,2,3,-2,127.5,"c(""John Higgins"", "" Marc A. Beasley"", "" Scott Brown"")","Berkeley, CA",Haas Pavilion,11877,2773,NA,NA,NA,NA,NA,NA,NA,NA,Stanford,California,FALSE
401377483,2022-02-26,California,Stanford,210,2,8:43,523,523,Foul on Brandon Angel.,42,25,17,0,0.979260424273188,0.9828999562486463,2,3,-2,127.5,"c(""John Higgins"", "" Marc A. Beasley"", "" Scott Brown"")","Berkeley, CA",Haas Pavilion,11877,2773,NA,NA,NA,NA,NA,NA,NA,NA,California,California,FALSE
401377483,2022-02-26,California,Stanford,211,2,8:30,510,510,Foul on Maxime Raynaud.,42,25,17,13,0.9801874434438108,0.9836437502384212,2,3,-2,127.5,"c(""John Higgins"", "" Marc A. Beasley"", "" Scott Brown"")","Berkeley, CA",Haas Pavilion,11877,2773,NA,NA,NA,NA,NA,NA,NA,NA,California,California,FALSE
401377483,2022-02-26,California,Stanford,212,2,8:30,510,510,Jalen Celestine missed Free Throw.,42,25,17,0,0.9801874434438108,0.9836437502384212,2,3,-2,127.5,"c(""John Higgins"", "" Marc A. Beasley"", "" Scott Brown"")","Berkeley, CA",Haas Pavilion,11877,2773,NA,NA,California,missed,Jalen Celestine,NA,FALSE,TRUE,California,California,FALSE
401377483,2022-02-26,California,Stanford,213,2,8:30,510,510,California Deadball Team Rebound.,42,25,17,0,0.9801874434438108,0.9836437502384212,2,3,-2,127.5,"c(""John Higgins"", "" Marc A. Beasley"", "" Scott Brown"")","Berkeley, CA",Haas Pavilion,11877,2773,NA,NA,NA,NA,NA,NA,NA,NA,California,California,FALSE
401377483,2022-02-26,California,Stanford,214,2,8:29,509,509,Jalen Celestine missed Free Throw.,42,25,17,1,0.9802554246577228,0.983698290000667,2,3,-2,127.5,"c(""John Higgins"", "" Marc A. Beasley"", "" Scott Brown"")","Berkeley, CA",Haas Pavilion,11877,2773,NA,NA,California,missed,Jalen Celestine,NA,FALSE,TRUE,California,Stanford,FALSE
401377483,2022-02-26,California,Stanford,215,2,8:28,508,508,Max Murrell Defensive Rebound.,42,25,17,1,0.9803230758214159,0.9837525665573643,2,3,-2,127.5,"c(""John Higgins"", "" Marc A. Beasley"", "" Scott Brown"")","Berkeley, CA",Haas Pavilion,11877,2773,NA,NA,NA,NA,NA,NA,NA,NA,California,Stanford,FALSE
401377483,2022-02-26,California,Stanford,216,2,8:18,498,498,Harrison Ingram made Layup.,42,27,15,10,0.9694305447527515,0.9746820560490711,2,3,-2,127.5,"c(""John Higgins"", "" Marc A. Beasley"", "" Scott Brown"")","Berkeley, CA",Haas Pavilion,11877,2773,NA,NA,Stanford,made,Harrison Ingram,NA,FALSE,FALSE,Stanford,California,FALSE
401377483,2022-02-26,California,Stanford,217,2,8:18,498,498,Foul on Jalen Celestine.,42,27,15,0,0.9694305447527515,0.9746820560490711,2,3,-2,127.5,"c(""John Higgins"", "" Marc A. Beasley"", "" Scott Brown"")","Berkeley, CA",Haas Pavilion,11877,2773,NA,NA,NA,NA,NA,NA,NA,NA,Stanford,Stanford,FALSE
401377483,2022-02-26,California,Stanford,218,2,8:17,497,497,Harrison Ingram missed Free Throw.,42,27,15,1,0.9695231556019464,0.9747564162997858,2,3,-2,127.5,"c(""John Higgins"", "" Marc A. Beasley"", "" Scott Brown"")","Berkeley, CA",Haas Pavilion,11877,2773,NA,NA,Stanford,missed,Harrison Ingram,NA,FALSE,TRUE,Stanford,California,FALSE
401377483,2022-02-26,California,Stanford,219,2,8:14,494,494,Jordan Shepherd Defensive Rebound.,42,27,15,3,0.969801186649208,0.9749797185228275,2,3,-2,127.5,"c(""John Higgins"", "" Marc A. Beasley"", "" Scott Brown"")","Berkeley, CA",Haas Pavilion,11877,2773,NA,NA,NA,NA,NA,NA,NA,NA,Stanford,California,FALSE
401377483,2022-02-26,California,Stanford,220,2,8:14,494,494,Foul on Brandon Angel.,42,27,15,0,0.969801186649208,0.9749797185228275,2,3,-2,127.5,"c(""John Higgins"", "" Marc A. Beasley"", "" Scott Brown"")","Berkeley, CA",Haas Pavilion,11877,2773,NA,NA,NA,NA,NA,NA,NA,NA,California,California,FALSE
401377483,2022-02-26,California,Stanford,221,2,7:45,465,465,Jordan Shepherd missed Jumper.,42,27,15,29,0.9726559087891934,0.9772809509282933,2,3,-2,127.5,"c(""John Higgins"", "" Marc A. Beasley"", "" Scott Brown"")","Berkeley, CA",Haas Pavilion,11877,2773,NA,NA,California,missed,Jordan Shepherd,NA,FALSE,FALSE,California,California,FALSE
401377483,2022-02-26,California,Stanford,222,2,7:41,461,461,Kuany Kuany Offensive Rebound.,42,27,15,4,0.9730936892589419,0.9776354717720797,2,3,-2,127.5,"c(""John Higgins"", "" Marc A. Beasley"", "" Scott Brown"")","Berkeley, CA",Haas Pavilion,11877,2773,NA,NA,NA,NA,NA,NA,NA,NA,California,California,FALSE
401377483,2022-02-26,California,Stanford,223,2,7:39,459,459,Makale Foreman missed Three Point Jumper.,42,27,15,2,0.9733180472706343,0.9778173286018822,2,3,-2,127.5,"c(""John Higgins"", "" Marc A. Beasley"", "" Scott Brown"")","Berkeley, CA",Haas Pavilion,11877,2773,NA,NA,California,missed,Makale Foreman,NA,TRUE,FALSE,California,Stanford,FALSE
401377483,2022-02-26,California,Stanford,224,2,7:37,457,457,Harrison Ingram Defensive Rebound.,42,27,15,2,0.9735462205180287,0.9780023926806274,2,3,-2,127.5,"c(""John Higgins"", "" Marc A. Beasley"", "" Scott Brown"")","Berkeley, CA",Haas Pavilion,11877,2773,NA,NA,NA,NA,NA,NA,NA,NA,California,Stanford,FALSE
401377483,2022-02-26,California,Stanford,225,2,7:28,448,448,Harrison Ingram missed Layup.,42,27,15,9,0.9746230808760591,0.9788772944621079,2,3,-2,127.5,"c(""John Higgins"", "" Marc A. Beasley"", "" Scott Brown"")","Berkeley, CA",Haas Pavilion,11877,2773,NA,NA,Stanford,missed,Harrison Ingram,NA,FALSE,FALSE,Stanford,California,FALSE
401377483,2022-02-26,California,Stanford,226,2,7:24,444,444,Kuany Kuany Defensive Rebound.,42,27,15,4,0.9751293763561762,0.9792894407797132,2,3,-2,127.5,"c(""John Higgins"", "" Marc A. Beasley"", "" Scott Brown"")","Berkeley, CA",Haas Pavilion,11877,2773,NA,NA,NA,NA,NA,NA,NA,NA,Stanford,California,FALSE
401377483,2022-02-26,California,Stanford,227,2,7:02,422,422,Jordan Shepherd made Three Point Jumper. Assisted by Lars Thiemann.,45,27,18,22,0.9900277434534832,0.9916902551236642,2,3,-2,127.5,"c(""John Higgins"", "" Marc A. Beasley"", "" Scott Brown"")","Berkeley, CA",Haas Pavilion,11877,2773,NA,NA,California,made,Jordan Shepherd,Lars Thiemann,TRUE,FALSE,California,Stanford,FALSE
401377483,2022-02-26,California,Stanford,228,2,6:39,399,399,Michael O'Connell Turnover.,45,27,18,23,0.9914814221503825,0.9928771020710183,2,3,-2,127.5,"c(""John Higgins"", "" Marc A. Beasley"", "" Scott Brown"")","Berkeley, CA",Haas Pavilion,11877,2773,NA,NA,NA,NA,NA,NA,NA,NA,Stanford,California,FALSE
401377483,2022-02-26,California,Stanford,229,2,6:39,399,399,Jordan Shepherd Steal.,45,27,18,0,0.9914814221503825,0.9928771020710183,2,3,-2,127.5,"c(""John Higgins"", "" Marc A. Beasley"", "" Scott Brown"")","Berkeley, CA",Haas Pavilion,11877,2773,NA,NA,NA,NA,NA,NA,NA,NA,Stanford,California,FALSE
401377483,2022-02-26,California,Stanford,230,2,6:22,382,382,Official TV Timeout,45,27,18,17,0.9923999948065179,0.9936276308314005,2,3,-2,127.5,"c(""John Higgins"", "" Marc A. Beasley"", "" Scott Brown"")","Berkeley, CA",Haas Pavilion,11877,2773,NA,NA,NA,NA,NA,NA,NA,NA,California,California,FALSE
401377483,2022-02-26,California,Stanford,231,2,6:12,372,372,Jordan Shepherd made Jumper. Assisted by Joel Brown.,47,27,20,10,0.9959759244854635,0.9966218679940141,2,3,-2,127.5,"c(""John Higgins"", "" Marc A. Beasley"", "" Scott Brown"")","Berkeley, CA",Haas Pavilion,11877,2773,NA,NA,California,made,Jordan Shepherd,Joel Brown,FALSE,FALSE,California,Stanford,FALSE
401377483,2022-02-26,California,Stanford,232,2,5:53,353,353,Harrison Ingram missed Three Point Jumper.,47,27,20,19,0.9965840906951744,0.9971225245873409,2,3,-2,127.5,"c(""John Higgins"", "" Marc A. Beasley"", "" Scott Brown"")","Berkeley, CA",Haas Pavilion,11877,2773,NA,NA,Stanford,missed,Harrison Ingram,NA,TRUE,FALSE,Stanford,Stanford,FALSE
401377483,2022-02-26,California,Stanford,233,2,5:49,349,349,James Keefe Offensive Rebound.,47,27,20,4,0.9967117930473907,0.997228023315502,2,3,-2,127.5,"c(""John Higgins"", "" Marc A. Beasley"", "" Scott Brown"")","Berkeley, CA",Haas Pavilion,11877,2773,NA,NA,NA,NA,NA,NA,NA,NA,Stanford,Stanford,FALSE
401377483,2022-02-26,California,Stanford,234,2,5:47,347,347,James Keefe missed Layup.,47,27,20,2,0.9967756844516005,0.997280858028751,2,3,-2,127.5,"c(""John Higgins"", "" Marc A. Beasley"", "" Scott Brown"")","Berkeley, CA",Haas Pavilion,11877,2773,NA,NA,Stanford,missed,James Keefe,NA,FALSE,FALSE,Stanford,California,FALSE
401377483,2022-02-26,California,Stanford,235,2,5:47,347,347,California Defensive Rebound.,47,27,20,0,0.9967756844516005,0.997280858028751,2,3,-2,127.5,"c(""John Higgins"", "" Marc A. Beasley"", "" Scott Brown"")","Berkeley, CA",Haas Pavilion,11877,2773,NA,NA,NA,NA,NA,NA,NA,NA,Stanford,California,FALSE
401377483,2022-02-26,California,Stanford,236,2,5:26,326,326,Lars Thiemann missed Layup.,47,27,20,21,0.9974468565353115,0.997838055641679,2,3,-2,127.5,"c(""John Higgins"", "" Marc A. Beasley"", "" Scott Brown"")","Berkeley, CA",Haas Pavilion,11877,2773,NA,NA,California,missed,Lars Thiemann,NA,FALSE,FALSE,California,Stanford,FALSE
401377483,2022-02-26,California,Stanford,237,2,5:23,323,323,Stanford Defensive Rebound.,47,27,20,3,0.9975421815884088,0.9979175209087088,2,3,-2,127.5,"c(""John Higgins"", "" Marc A. Beasley"", "" Scott Brown"")","Berkeley, CA",Haas Pavilion,11877,2773,NA,NA,NA,NA,NA,NA,NA,NA,California,Stanford,FALSE
401377483,2022-02-26,California,Stanford,238,2,5:04,304,304,Spencer Jones made Layup.,47,29,18,19,0.9963889598339416,0.9969276332921883,2,3,-2,127.5,"c(""John Higgins"", "" Marc A. Beasley"", "" Scott Brown"")","Berkeley, CA",Haas Pavilion,11877,2773,NA,NA,Stanford,made,Spencer Jones,NA,FALSE,FALSE,Stanford,California,FALSE
401377483,2022-02-26,California,Stanford,239,2,5:04,304,304,Foul on Kuany Kuany.,47,29,18,0,0.9963889598339416,0.9969276332921883,2,3,-2,127.5,"c(""John Higgins"", "" Marc A. Beasley"", "" Scott Brown"")","Berkeley, CA",Haas Pavilion,11877,2773,NA,NA,NA,NA,NA,NA,NA,NA,Stanford,Stanford,FALSE
401377483,2022-02-26,California,Stanford,240,2,5:04,304,304,Spencer Jones made Free Throw.,47,30,17,0,0.9950277928717602,0.9957686548162121,2,3,-2,127.5,"c(""John Higgins"", "" Marc A. Beasley"", "" Scott Brown"")","Berkeley, CA",Haas Pavilion,11877,2773,NA,NA,Stanford,made,Spencer Jones,NA,FALSE,TRUE,Stanford,California,FALSE
401377483,2022-02-26,California,Stanford,241,2,5:01,301,301,Foul on Harrison Ingram.,47,30,17,3,0.9951402327255924,0.9958618051828871,2,3,-2,127.5,"c(""John Higgins"", "" Marc A. Beasley"", "" Scott Brown"")","Berkeley, CA",Haas Pavilion,11877,2773,NA,NA,NA,NA,NA,NA,NA,NA,California,California,FALSE
401377483,2022-02-26,California,Stanford,242,2,4:33,273,273,Jordan Shepherd made Jumper.,49,30,19,28,0.9974654346011966,0.9978298620229444,2,3,-2,127.5,"c(""John Higgins"", "" Marc A. Beasley"", "" Scott Brown"")","Berkeley, CA",Haas Pavilion,11877,2773,NA,NA,California,made,Jordan Shepherd,NA,FALSE,FALSE,California,Stanford,FALSE
401377483,2022-02-26,California,Stanford,243,2,4:05,245,245,James Keefe made Layup.,49,32,17,28,0.9945437916522679,0.9952982107043005,2,3,-2,127.5,"c(""John Higgins"", "" Marc A. Beasley"", "" Scott Brown"")","Berkeley, CA",Haas Pavilion,11877,2773,NA,NA,Stanford,made,James Keefe,NA,FALSE,FALSE,Stanford,California,FALSE
401377483,2022-02-26,California,Stanford,244,2,3:37,217,217,Jordan Shepherd missed Three Point Jumper.,49,32,17,28,0.9949931253033142,0.9956574640538429,2,3,-2,127.5,"c(""John Higgins"", "" Marc A. Beasley"", "" Scott Brown"")","Berkeley, CA",Haas Pavilion,11877,2773,NA,NA,California,missed,Jordan Shepherd,NA,TRUE,FALSE,California,Stanford,FALSE
401377483,2022-02-26,California,Stanford,245,2,3:33,213,213,Max Murrell Defensive Rebound.,49,32,17,4,0.9952339795044888,0.9958623807046391,2,3,-2,127.5,"c(""John Higgins"", "" Marc A. Beasley"", "" Scott Brown"")","Berkeley, CA",Haas Pavilion,11877,2773,NA,NA,NA,NA,NA,NA,NA,NA,California,Stanford,FALSE
401377483,2022-02-26,California,Stanford,246,2,3:18,198,198,Spencer Jones missed Three Point Jumper.,49,32,17,15,0.9964771641837903,0.996930178757218,2,3,-2,127.5,"c(""John Higgins"", "" Marc A. Beasley"", "" Scott Brown"")","Berkeley, CA",Haas Pavilion,11877,2773,NA,NA,Stanford,missed,Spencer Jones,NA,TRUE,FALSE,Stanford,California,FALSE
401377483,2022-02-26,California,Stanford,247,2,3:17,197,197,California Defensive Rebound.,49,32,17,1,0.9965729907473219,0.9970129091813064,2,3,-2,127.5,"c(""John Higgins"", "" Marc A. Beasley"", "" Scott Brown"")","Berkeley, CA",Haas Pavilion,11877,2773,NA,NA,NA,NA,NA,NA,NA,NA,Stanford,California,FALSE
401377483,2022-02-26,California,Stanford,248,2,3:17,197,197,Official TV Timeout,49,32,17,0,0.9965729907473219,0.9970129091813064,2,3,-2,127.5,"c(""John Higgins"", "" Marc A. Beasley"", "" Scott Brown"")","Berkeley, CA",Haas Pavilion,11877,2773,NA,NA,NA,NA,NA,NA,NA,NA,Stanford,California,FALSE
401377483,2022-02-26,California,Stanford,249,2,3:15,195,195,Grant Anticevich Turnover.,49,32,17,2,0.9967668348792329,0.9971803982238239,2,3,-2,127.5,"c(""John Higgins"", "" Marc A. Beasley"", "" Scott Brown"")","Berkeley, CA",Haas Pavilion,11877,2773,NA,NA,NA,NA,NA,NA,NA,NA,California,Stanford,FALSE
401377483,2022-02-26,California,Stanford,250,2,3:15,195,195,James Keefe Steal.,49,32,17,0,0.9967668348792329,0.9971803982238239,2,3,-2,127.5,"c(""John Higgins"", "" Marc A. Beasley"", "" Scott Brown"")","Berkeley, CA",Haas Pavilion,11877,2773,NA,NA,NA,NA,NA,NA,NA,NA,California,Stanford,FALSE
401377483,2022-02-26,California,Stanford,251,2,2:48,168,168,Harrison Ingram missed Jumper.,49,32,17,27,0.9987699482518698,0.9989192239091148,2,3,-2,127.5,"c(""John Higgins"", "" Marc A. Beasley"", "" Scott Brown"")","Berkeley, CA",Haas Pavilion,11877,2773,NA,NA,Stanford,missed,Harrison Ingram,NA,FALSE,FALSE,Stanford,California,FALSE
401377483,2022-02-26,California,Stanford,252,2,2:48,168,168,Grant Anticevich Block.,49,32,17,0,0.9987699482518698,0.9989192239091148,2,3,-2,127.5,"c(""John Higgins"", "" Marc A. Beasley"", "" Scott Brown"")","Berkeley, CA",Haas Pavilion,11877,2773,NA,NA,NA,NA,NA,NA,NA,NA,Stanford,California,FALSE
401377483,2022-02-26,California,Stanford,253,2,2:43,163,163,Grant Anticevich Defensive Rebound.,49,32,17,5,0.9989856018434801,0.9991074079444324,2,3,-2,127.5,"c(""John Higgins"", "" Marc A. Beasley"", "" Scott Brown"")","Berkeley, CA",Haas Pavilion,11877,2773,NA,NA,NA,NA,NA,NA,NA,NA,Stanford,California,FALSE
401377483,2022-02-26,California,Stanford,254,2,2:17,137,137,Joel Brown missed Jumper.,49,32,17,26,0.9996706914818971,0.999707934976114,2,3,-2,127.5,"c(""John Higgins"", "" Marc A. Beasley"", "" Scott Brown"")","Berkeley, CA",Haas Pavilion,11877,2773,NA,NA,California,missed,Joel Brown,NA,FALSE,FALSE,California,California,FALSE
401377483,2022-02-26,California,Stanford,255,2,2:14,134,134,Lars Thiemann Offensive Rebound.,49,32,17,3,0.9997157801481626,0.9997476849777633,2,3,-2,127.5,"c(""John Higgins"", "" Marc A. Beasley"", "" Scott Brown"")","Berkeley, CA",Haas Pavilion,11877,2773,NA,NA,NA,NA,NA,NA,NA,NA,California,California,FALSE
401377483,2022-02-26,California,Stanford,256,2,2:10,130,130,Jalen Celestine made Layup.,51,32,19,4,0.9999145251672578,0.9999240242870363,2,3,-2,127.5,"c(""John Higgins"", "" Marc A. Beasley"", "" Scott Brown"")","Berkeley, CA",Haas Pavilion,11877,2773,NA,NA,California,made,Jalen Celestine,NA,FALSE,FALSE,California,Stanford,FALSE
401377483,2022-02-26,California,Stanford,257,2,1:47,107,107,Sam Beskind made Three Point Jumper. Assisted by Harrison Ingram.,51,35,16,23,0.9998926630308346,0.999903858375375,2,3,-2,127.5,"c(""John Higgins"", "" Marc A. Beasley"", "" Scott Brown"")","Berkeley, CA",Haas Pavilion,11877,2773,NA,NA,Stanford,made,Sam Beskind,Harrison Ingram,TRUE,FALSE,Stanford,California,FALSE
401377483,2022-02-26,California,Stanford,258,2,1:22,82,82,Foul on James Keefe.,51,35,16,25,0.9999811692924006,0.9999829832370934,2,3,-2,127.5,"c(""John Higgins"", "" Marc A. Beasley"", "" Scott Brown"")","Berkeley, CA",Haas Pavilion,11877,2773,NA,NA,NA,NA,NA,NA,NA,NA,California,California,FALSE
401377483,2022-02-26,California,Stanford,259,2,1:22,82,82,Joel Brown missed Free Throw.,51,35,16,0,0.9999811692924006,0.9999829832370934,2,3,-2,127.5,"c(""John Higgins"", "" Marc A. Beasley"", "" Scott Brown"")","Berkeley, CA",Haas Pavilion,11877,2773,NA,NA,California,missed,Joel Brown,NA,FALSE,TRUE,California,Stanford,FALSE
401377483,2022-02-26,California,Stanford,260,2,1:18,78,78,Stanford Defensive Rebound.,51,35,16,4,0.9999860866120741,0.9999874084704169,2,3,-2,127.5,"c(""John Higgins"", "" Marc A. Beasley"", "" Scott Brown"")","Berkeley, CA",Haas Pavilion,11877,2773,NA,NA,NA,NA,NA,NA,NA,NA,California,Stanford,FALSE
401377483,2022-02-26,California,Stanford,261,2,1:03,63,63,Foul on Grant Anticevich.,51,35,16,15,0.9999958790524661,0.9999962495341306,2,3,-2,127.5,"c(""John Higgins"", "" Marc A. Beasley"", "" Scott Brown"")","Berkeley, CA",Haas Pavilion,11877,2773,NA,NA,NA,NA,NA,NA,NA,NA,Stanford,Stanford,FALSE
401377483,2022-02-26,California,Stanford,262,2,1:03,63,63,Jaiden Delaire made Free Throw.,51,36,15,0,0.9999910026515623,0.9999918115281141,2,3,-2,127.5,"c(""John Higgins"", "" Marc A. Beasley"", "" Scott Brown"")","Berkeley, CA",Haas Pavilion,11877,2773,NA,NA,Stanford,made,Jaiden Delaire,NA,FALSE,TRUE,Stanford,Stanford,FALSE
401377483,2022-02-26,California,Stanford,263,2,1:03,63,63,California  Timeout,51,36,15,0,0.9999910026515623,0.9999918115281141,2,2,-2,127.5,"c(""John Higgins"", "" Marc A. Beasley"", "" Scott Brown"")","Berkeley, CA",Haas Pavilion,11877,2773,NA,NA,NA,NA,NA,NA,NA,NA,Stanford,Stanford,FALSE
401377483,2022-02-26,California,Stanford,264,2,1:03,63,63,Jaiden Delaire made Free Throw.,51,37,14,0,0.9999803560197934,0.9999821220290926,2,2,-2,127.5,"c(""John Higgins"", "" Marc A. Beasley"", "" Scott Brown"")","Berkeley, CA",Haas Pavilion,11877,2773,NA,NA,Stanford,made,Jaiden Delaire,NA,FALSE,TRUE,Stanford,California,FALSE
401377483,2022-02-26,California,Stanford,265,2,0:32,32,32,Jordan Shepherd made Jumper.,53,37,16,31,0.999999763969666,0.9999997825433079,2,2,-2,127.5,"c(""John Higgins"", "" Marc A. Beasley"", "" Scott Brown"")","Berkeley, CA",Haas Pavilion,11877,2773,NA,NA,California,made,Jordan Shepherd,NA,FALSE,FALSE,California,Stanford,FALSE
401377483,2022-02-26,California,Stanford,266,2,0:22,22,22,Foul on Kuany Kuany.,53,37,16,10,0.9999999150614297,0.9999999214216816,2,2,-2,127.5,"c(""John Higgins"", "" Marc A. Beasley"", "" Scott Brown"")","Berkeley, CA",Haas Pavilion,11877,2773,NA,NA,NA,NA,NA,NA,NA,NA,Stanford,Stanford,FALSE
401377483,2022-02-26,California,Stanford,267,2,0:22,22,22,Maxime Raynaud made Free Throw.,53,38,15,0,0.9999997638714728,0.9999997815529185,2,2,-2,127.5,"c(""John Higgins"", "" Marc A. Beasley"", "" Scott Brown"")","Berkeley, CA",Haas Pavilion,11877,2773,NA,NA,Stanford,made,Maxime Raynaud,NA,FALSE,TRUE,Stanford,Stanford,FALSE
401377483,2022-02-26,California,Stanford,268,2,0:22,22,22,Maxime Raynaud made Free Throw.,53,39,14,0,0.9999993435648122,0.9999993927190535,2,2,-2,127.5,"c(""John Higgins"", "" Marc A. Beasley"", "" Scott Brown"")","Berkeley, CA",Haas Pavilion,11877,2773,NA,NA,Stanford,made,Maxime Raynaud,NA,FALSE,TRUE,Stanford,NA,FALSE
401377483,2022-02-26,California,Stanford,269,2,0:00,0,0,End of 2nd half,53,39,14,22,1,1,2,2,-2,127.5,"c(""John Higgins"", "" Marc A. Beasley"", "" Scott Brown"")","Berkeley, CA",Haas Pavilion,11877,2773,NA,NA,NA,NA,NA,NA,NA,NA,Stanford,NA,FALSE
401377483,2022-02-26,California,Stanford,270,2,0:00,0,0,End of Game,53,39,14,0,1,1,2,2,-2,127.5,"c(""John Higgins"", "" Marc A. Beasley"", "" Scott Brown"")","Berkeley, CA",Haas Pavilion,11877,2773,NA,NA,NA,NA,NA,NA,NA,NA,Stanford,NA,FALSE
