game_id,date,home,away,play_id,half,time_remaining_half,secs_remaining,secs_remaining_absolute,description,home_score,away_score,score_diff,play_length,win_prob,naive_win_prob,home_time_out_remaining,away_time_out_remaining,home_favored_by,total_line,referees,arena_location,arena,capacity,attendance,shot_x,shot_y,shot_team,shot_outcome,shooter,assist,three_pt,free_throw,possession_before,possession_after,wrong_time
401370750,2022-02-05,South Carolina Upstate,Campbell,1,1,20:00,2400,2400,PLAY,0,0,0,0,0.4010534725030346,0.5,4,4,-2.5,137.5,"c(""Anthony Franklin"", "" JP Primm"", "" Connor Penn"")","Spartanburg, SC",G.B. Hodge Center,833,378,NA,NA,NA,NA,NA,NA,NA,NA,NA,Campbell,NA
401370750,2022-02-05,South Carolina Upstate,Campbell,2,1,19:35,2375,2375,Austin McCullough Turnover.,0,0,0,25,0.4012960128408917,0.5,4,4,-2.5,137.5,"c(""Anthony Franklin"", "" JP Primm"", "" Connor Penn"")","Spartanburg, SC",G.B. Hodge Center,833,378,NA,NA,NA,NA,NA,NA,NA,NA,Campbell,South Carolina Upstate,FALSE
401370750,2022-02-05,South Carolina Upstate,Campbell,3,1,19:35,2375,2375,Jordan Gainey Steal.,0,0,0,0,0.4012960128408917,0.5,4,4,-2.5,137.5,"c(""Anthony Franklin"", "" JP Primm"", "" Connor Penn"")","Spartanburg, SC",G.B. Hodge Center,833,378,NA,NA,NA,NA,NA,NA,NA,NA,Campbell,South Carolina Upstate,FALSE
401370750,2022-02-05,South Carolina Upstate,Campbell,4,1,19:30,2370,2370,Jordan Gainey made Layup.,2,0,2,5,0.4450374823171511,0.5446607376595273,4,4,-2.5,137.5,"c(""Anthony Franklin"", "" JP Primm"", "" Connor Penn"")","Spartanburg, SC",G.B. Hodge Center,833,378,NA,NA,South Carolina Upstate,made,Jordan Gainey,NA,FALSE,FALSE,South Carolina Upstate,Campbell,FALSE
401370750,2022-02-05,South Carolina Upstate,Campbell,5,1,19:16,2356,2356,Austin McCullough missed Three Point Jumper.,2,0,2,14,0.44548053569512475,0.5449611943204852,4,4,-2.5,137.5,"c(""Anthony Franklin"", "" JP Primm"", "" Connor Penn"")","Spartanburg, SC",G.B. Hodge Center,833,378,NA,NA,Campbell,missed,Austin McCullough,NA,TRUE,FALSE,Campbell,South Carolina Upstate,FALSE
401370750,2022-02-05,South Carolina Upstate,Campbell,6,1,19:11,2351,2351,Jordan Gainey Defensive Rebound.,2,0,2,5,0.4456400169337321,0.5450691340700113,4,4,-2.5,137.5,"c(""Anthony Franklin"", "" JP Primm"", "" Connor Penn"")","Spartanburg, SC",G.B. Hodge Center,833,378,NA,NA,NA,NA,NA,NA,NA,NA,Campbell,South Carolina Upstate,FALSE
401370750,2022-02-05,South Carolina Upstate,Campbell,7,1,18:54,2334,2334,Khydarius Smith made Jumper.,4,0,4,17,0.4915428778813572,0.5901326400806343,4,4,-2.5,137.5,"c(""Anthony Franklin"", "" JP Primm"", "" Connor Penn"")","Spartanburg, SC",G.B. Hodge Center,833,378,NA,NA,South Carolina Upstate,made,Khydarius Smith,NA,FALSE,FALSE,South Carolina Upstate,Campbell,FALSE
401370750,2022-02-05,South Carolina Upstate,Campbell,8,1,18:31,2311,2311,Foul on Josh Aldrich.,4,0,4,23,0.49281254109783873,0.5911181189973534,4,4,-2.5,137.5,"c(""Anthony Franklin"", "" JP Primm"", "" Connor Penn"")","Spartanburg, SC",G.B. Hodge Center,833,378,NA,NA,NA,NA,NA,NA,NA,NA,Campbell,Campbell,FALSE
401370750,2022-02-05,South Carolina Upstate,Campbell,9,1,18:21,2301,2301,Jesus Carralero made Layup.,4,2,2,10,0.4472698597940787,0.5461652125929003,4,4,-2.5,137.5,"c(""Anthony Franklin"", "" JP Primm"", "" Connor Penn"")","Spartanburg, SC",G.B. Hodge Center,833,378,NA,NA,Campbell,made,Jesus Carralero,NA,FALSE,FALSE,Campbell,South Carolina Upstate,FALSE
401370750,2022-02-05,South Carolina Upstate,Campbell,10,1,18:07,2287,2287,Bryson Mozone made Jumper.,6,2,4,14,0.4941575139703625,0.5921577300198443,4,4,-2.5,137.5,"c(""Anthony Franklin"", "" JP Primm"", "" Connor Penn"")","Spartanburg, SC",G.B. Hodge Center,833,378,NA,NA,South Carolina Upstate,made,Bryson Mozone,NA,FALSE,FALSE,South Carolina Upstate,Campbell,FALSE
401370750,2022-02-05,South Carolina Upstate,Campbell,11,1,17:41,2261,2261,Cedric Henderson Jr. made Jumper.,6,4,2,26,0.4486176189996068,0.5470609119753659,4,4,-2.5,137.5,"c(""Anthony Franklin"", "" JP Primm"", "" Connor Penn"")","Spartanburg, SC",G.B. Hodge Center,833,378,NA,NA,Campbell,made,Cedric Henderson Jr.,NA,FALSE,FALSE,Campbell,South Carolina Upstate,FALSE
401370750,2022-02-05,South Carolina Upstate,Campbell,12,1,17:32,2252,2252,Dalvin White Turnover.,6,4,2,9,0.4489259883550947,0.5472643690441272,4,4,-2.5,137.5,"c(""Anthony Franklin"", "" JP Primm"", "" Connor Penn"")","Spartanburg, SC",G.B. Hodge Center,833,378,NA,NA,NA,NA,NA,NA,NA,NA,South Carolina Upstate,Campbell,FALSE
401370750,2022-02-05,South Carolina Upstate,Campbell,13,1,17:32,2252,2252,Jordan Whitfield Steal.,6,4,2,0,0.4489259883550947,0.5472643690441272,4,4,-2.5,137.5,"c(""Anthony Franklin"", "" JP Primm"", "" Connor Penn"")","Spartanburg, SC",G.B. Hodge Center,833,378,NA,NA,NA,NA,NA,NA,NA,NA,South Carolina Upstate,Campbell,FALSE
401370750,2022-02-05,South Carolina Upstate,Campbell,14,1,17:25,2245,2245,Ricky Clemons made Layup. Assisted by Jordan Whitfield.,6,6,0,7,0.40268244351862303,0.5,4,4,-2.5,137.5,"c(""Anthony Franklin"", "" JP Primm"", "" Connor Penn"")","Spartanburg, SC",G.B. Hodge Center,833,378,NA,NA,Campbell,made,Ricky Clemons,Jordan Whitfield,FALSE,FALSE,Campbell,South Carolina Upstate,FALSE
401370750,2022-02-05,South Carolina Upstate,Campbell,15,1,17:05,2225,2225,Jordan Gainey missed Layup.,6,6,0,20,0.40291583788020763,0.5,4,4,-2.5,137.5,"c(""Anthony Franklin"", "" JP Primm"", "" Connor Penn"")","Spartanburg, SC",G.B. Hodge Center,833,378,NA,NA,South Carolina Upstate,missed,Jordan Gainey,NA,FALSE,FALSE,South Carolina Upstate,Campbell,FALSE
401370750,2022-02-05,South Carolina Upstate,Campbell,16,1,17:02,2222,2222,Jesus Carralero Defensive Rebound.,6,6,0,3,0.40295133858385557,0.5,4,4,-2.5,137.5,"c(""Anthony Franklin"", "" JP Primm"", "" Connor Penn"")","Spartanburg, SC",G.B. Hodge Center,833,378,NA,NA,NA,NA,NA,NA,NA,NA,South Carolina Upstate,Campbell,FALSE
401370750,2022-02-05,South Carolina Upstate,Campbell,17,1,16:58,2218,2218,Foul on Josh Aldrich.,6,6,0,4,0.40299887442851345,0.5,4,4,-2.5,137.5,"c(""Anthony Franklin"", "" JP Primm"", "" Connor Penn"")","Spartanburg, SC",G.B. Hodge Center,833,378,NA,NA,NA,NA,NA,NA,NA,NA,Campbell,Campbell,FALSE
401370750,2022-02-05,South Carolina Upstate,Campbell,18,1,16:58,2218,2218,Austin McCullough missed Free Throw.,6,6,0,0,0.40299887442851345,0.5,4,4,-2.5,137.5,"c(""Anthony Franklin"", "" JP Primm"", "" Connor Penn"")","Spartanburg, SC",G.B. Hodge Center,833,378,NA,NA,Campbell,missed,Austin McCullough,NA,FALSE,TRUE,Campbell,Campbell,FALSE
401370750,2022-02-05,South Carolina Upstate,Campbell,19,1,16:58,2218,2218,Campbell Deadball Team Rebound.,6,6,0,0,0.40299887442851345,0.5,4,4,-2.5,137.5,"c(""Anthony Franklin"", "" JP Primm"", "" Connor Penn"")","Spartanburg, SC",G.B. Hodge Center,833,378,NA,NA,NA,NA,NA,NA,NA,NA,Campbell,Campbell,FALSE
401370750,2022-02-05,South Carolina Upstate,Campbell,20,1,16:56,2216,2216,Austin McCullough missed Free Throw.,6,6,0,2,0.4030227290400018,0.5,4,4,-2.5,137.5,"c(""Anthony Franklin"", "" JP Primm"", "" Connor Penn"")","Spartanburg, SC",G.B. Hodge Center,833,378,NA,NA,Campbell,missed,Austin McCullough,NA,FALSE,TRUE,Campbell,Campbell,FALSE
401370750,2022-02-05,South Carolina Upstate,Campbell,21,1,16:52,2212,2212,Jesus Carralero Offensive Rebound.,6,6,0,4,0.4030706123096001,0.5,4,4,-2.5,137.5,"c(""Anthony Franklin"", "" JP Primm"", "" Connor Penn"")","Spartanburg, SC",G.B. Hodge Center,833,378,NA,NA,NA,NA,NA,NA,NA,NA,Campbell,Campbell,FALSE
401370750,2022-02-05,South Carolina Upstate,Campbell,22,1,16:52,2212,2212,Jesus Carralero made Layup.,6,8,-2,0,0.3575556170316146,0.45182435095395956,4,4,-2.5,137.5,"c(""Anthony Franklin"", "" JP Primm"", "" Connor Penn"")","Spartanburg, SC",G.B. Hodge Center,833,378,NA,NA,Campbell,made,Jesus Carralero,NA,FALSE,FALSE,Campbell,South Carolina Upstate,FALSE
401370750,2022-02-05,South Carolina Upstate,Campbell,23,1,16:28,2188,2188,Bryson Mozone made Layup. Assisted by Mysta Goodloe.,8,8,0,24,0.40336284139975825,0.5,4,4,-2.5,137.5,"c(""Anthony Franklin"", "" JP Primm"", "" Connor Penn"")","Spartanburg, SC",G.B. Hodge Center,833,378,NA,NA,South Carolina Upstate,made,Bryson Mozone,Mysta Goodloe,FALSE,FALSE,South Carolina Upstate,Campbell,FALSE
401370750,2022-02-05,South Carolina Upstate,Campbell,24,1,16:13,2173,2173,Austin McCullough made Three Point Jumper. Assisted by Cedric Henderson Jr..,8,11,-3,15,0.33490488964647025,0.4266853557057925,4,4,-2.5,137.5,"c(""Anthony Franklin"", "" JP Primm"", "" Connor Penn"")","Spartanburg, SC",G.B. Hodge Center,833,378,NA,NA,Campbell,made,Austin McCullough,Cedric Henderson Jr,TRUE,FALSE,Campbell,South Carolina Upstate,FALSE
401370750,2022-02-05,South Carolina Upstate,Campbell,25,1,15:55,2155,2155,Dalvin White missed Three Point Jumper.,8,11,-3,18,0.3345545069089446,0.4260680477365394,4,4,-2.5,137.5,"c(""Anthony Franklin"", "" JP Primm"", "" Connor Penn"")","Spartanburg, SC",G.B. Hodge Center,833,378,NA,NA,South Carolina Upstate,missed,Dalvin White,NA,TRUE,FALSE,South Carolina Upstate,Campbell,FALSE
401370750,2022-02-05,South Carolina Upstate,Campbell,26,1,15:50,2150,2150,Austin McCullough Defensive Rebound.,8,11,-3,5,0.33445736238129725,0.4258959578669179,4,4,-2.5,137.5,"c(""Anthony Franklin"", "" JP Primm"", "" Connor Penn"")","Spartanburg, SC",G.B. Hodge Center,833,378,NA,NA,NA,NA,NA,NA,NA,NA,South Carolina Upstate,Campbell,FALSE
401370750,2022-02-05,South Carolina Upstate,Campbell,27,1,15:33,2133,2133,Cedric Henderson Jr. made Jumper. Assisted by Jordan Whitfield.,8,13,-5,17,0.29105740458072843,0.37714212831302957,4,4,-2.5,137.5,"c(""Anthony Franklin"", "" JP Primm"", "" Connor Penn"")","Spartanburg, SC",G.B. Hodge Center,833,378,NA,NA,Campbell,made,Cedric Henderson Jr.,Jordan Whitfield,FALSE,FALSE,Campbell,South Carolina Upstate,FALSE
401370750,2022-02-05,South Carolina Upstate,Campbell,28,1,15:30,2130,2130,South Carolina Upstate  Timeout,8,13,-5,3,0.2909449509279372,0.3769755689787546,3,4,-2.5,137.5,"c(""Anthony Franklin"", "" JP Primm"", "" Connor Penn"")","Spartanburg, SC",G.B. Hodge Center,833,378,NA,NA,NA,NA,NA,NA,NA,NA,South Carolina Upstate,South Carolina Upstate,FALSE
401370750,2022-02-05,South Carolina Upstate,Campbell,29,1,15:30,2130,2130,Official TV Timeout,8,13,-5,0,0.2909449509279372,0.3769755689787546,3,4,-2.5,137.5,"c(""Anthony Franklin"", "" JP Primm"", "" Connor Penn"")","Spartanburg, SC",G.B. Hodge Center,833,378,NA,NA,NA,NA,NA,NA,NA,NA,South Carolina Upstate,South Carolina Upstate,FALSE
401370750,2022-02-05,South Carolina Upstate,Campbell,30,1,15:14,2114,2114,Mysta Goodloe Turnover.,8,13,-5,16,0.2903445822045136,0.37608452877612114,3,4,-2.5,137.5,"c(""Anthony Franklin"", "" JP Primm"", "" Connor Penn"")","Spartanburg, SC",G.B. Hodge Center,833,378,NA,NA,NA,NA,NA,NA,NA,NA,South Carolina Upstate,Campbell,FALSE
401370750,2022-02-05,South Carolina Upstate,Campbell,31,1,15:14,2114,2114,Jesus Carralero Steal.,8,13,-5,0,0.2903445822045136,0.37608452877612114,3,4,-2.5,137.5,"c(""Anthony Franklin"", "" JP Primm"", "" Connor Penn"")","Spartanburg, SC",G.B. Hodge Center,833,378,NA,NA,NA,NA,NA,NA,NA,NA,South Carolina Upstate,Campbell,FALSE
401370750,2022-02-05,South Carolina Upstate,Campbell,32,1,15:04,2104,2104,Foul on Mysta Goodloe.,8,13,-5,10,0.2899687249458033,0.3755252043850636,3,4,-2.5,137.5,"c(""Anthony Franklin"", "" JP Primm"", "" Connor Penn"")","Spartanburg, SC",G.B. Hodge Center,833,378,NA,NA,NA,NA,NA,NA,NA,NA,Campbell,Campbell,FALSE
401370750,2022-02-05,South Carolina Upstate,Campbell,33,1,14:55,2095,2095,Jesus Carralero made Three Point Jumper. Assisted by Messiah Thompson.,8,16,-8,9,0.23083085124106137,0.30636185370451446,3,4,-2.5,137.5,"c(""Anthony Franklin"", "" JP Primm"", "" Connor Penn"")","Spartanburg, SC",G.B. Hodge Center,833,378,NA,NA,Campbell,made,Jesus Carralero,Messiah Thompson,TRUE,FALSE,Campbell,South Carolina Upstate,FALSE
401370750,2022-02-05,South Carolina Upstate,Campbell,34,1,14:22,2062,2062,Bryson Mozone missed Three Point Jumper.,8,16,-8,33,0.22890983036146592,0.3036584496841627,3,4,-2.5,137.5,"c(""Anthony Franklin"", "" JP Primm"", "" Connor Penn"")","Spartanburg, SC",G.B. Hodge Center,833,378,NA,NA,South Carolina Upstate,missed,Bryson Mozone,NA,TRUE,FALSE,South Carolina Upstate,South Carolina Upstate,FALSE
401370750,2022-02-05,South Carolina Upstate,Campbell,35,1,14:19,2059,2059,Dalvin White Offensive Rebound.,8,16,-8,3,0.22873460885868022,0.3034113713418689,3,4,-2.5,137.5,"c(""Anthony Franklin"", "" JP Primm"", "" Connor Penn"")","Spartanburg, SC",G.B. Hodge Center,833,378,NA,NA,NA,NA,NA,NA,NA,NA,South Carolina Upstate,South Carolina Upstate,FALSE
401370750,2022-02-05,South Carolina Upstate,Campbell,36,1,14:18,2058,2058,Dalvin White missed Jumper.,8,16,-8,1,0.2286761777622308,0.30332896085192995,3,4,-2.5,137.5,"c(""Anthony Franklin"", "" JP Primm"", "" Connor Penn"")","Spartanburg, SC",G.B. Hodge Center,833,378,NA,NA,South Carolina Upstate,missed,Dalvin White,NA,FALSE,FALSE,South Carolina Upstate,Campbell,FALSE
401370750,2022-02-05,South Carolina Upstate,Campbell,37,1,14:15,2055,2055,Cedric Henderson Jr. Defensive Rebound.,8,16,-8,3,0.22850081137660172,0.3030815749251655,3,4,-2.5,137.5,"c(""Anthony Franklin"", "" JP Primm"", "" Connor Penn"")","Spartanburg, SC",G.B. Hodge Center,833,378,NA,NA,NA,NA,NA,NA,NA,NA,South Carolina Upstate,Campbell,FALSE
401370750,2022-02-05,South Carolina Upstate,Campbell,38,1,14:04,2044,2044,Messiah Thompson Turnover.,8,16,-8,11,0.2278568273497306,0.3021724745861079,3,4,-2.5,137.5,"c(""Anthony Franklin"", "" JP Primm"", "" Connor Penn"")","Spartanburg, SC",G.B. Hodge Center,833,378,NA,NA,NA,NA,NA,NA,NA,NA,Campbell,South Carolina Upstate,FALSE
401370750,2022-02-05,South Carolina Upstate,Campbell,39,1,13:56,2036,2036,Ahmir Langlais made Jumper.,10,16,-6,8,0.2663751889248378,0.34748993276167606,3,4,-2.5,137.5,"c(""Anthony Franklin"", "" JP Primm"", "" Connor Penn"")","Spartanburg, SC",G.B. Hodge Center,833,378,NA,NA,South Carolina Upstate,made,Ahmir Langlais,NA,FALSE,FALSE,South Carolina Upstate,Campbell,FALSE
401370750,2022-02-05,South Carolina Upstate,Campbell,40,1,13:30,2010,2010,Jesus Carralero missed Layup.,10,16,-6,26,0.2651727589234981,0.3457378526325086,3,4,-2.5,137.5,"c(""Anthony Franklin"", "" JP Primm"", "" Connor Penn"")","Spartanburg, SC",G.B. Hodge Center,833,378,NA,NA,Campbell,missed,Jesus Carralero,NA,FALSE,FALSE,Campbell,Campbell,FALSE
401370750,2022-02-05,South Carolina Upstate,Campbell,41,1,13:26,2006,2006,Jesus Carralero Offensive Rebound.,10,16,-6,4,0.2649868879930144,0.3454665992656735,3,4,-2.5,137.5,"c(""Anthony Franklin"", "" JP Primm"", "" Connor Penn"")","Spartanburg, SC",G.B. Hodge Center,833,378,NA,NA,NA,NA,NA,NA,NA,NA,Campbell,Campbell,FALSE
401370750,2022-02-05,South Carolina Upstate,Campbell,42,1,13:25,2005,2005,Jesus Carralero missed Layup.,10,16,-6,1,0.26494038137010434,0.3453987128827322,3,4,-2.5,137.5,"c(""Anthony Franklin"", "" JP Primm"", "" Connor Penn"")","Spartanburg, SC",G.B. Hodge Center,833,378,NA,NA,Campbell,missed,Jesus Carralero,NA,FALSE,FALSE,Campbell,South Carolina Upstate,FALSE
401370750,2022-02-05,South Carolina Upstate,Campbell,43,1,13:20,2000,2000,Floyd Rideau Jr. Defensive Rebound.,10,16,-6,5,0.2647076107670103,0.34505883867549225,3,4,-2.5,137.5,"c(""Anthony Franklin"", "" JP Primm"", "" Connor Penn"")","Spartanburg, SC",G.B. Hodge Center,833,378,NA,NA,NA,NA,NA,NA,NA,NA,Campbell,South Carolina Upstate,FALSE
401370750,2022-02-05,South Carolina Upstate,Campbell,44,1,13:18,1998,1998,Bryson Mozone missed Jumper.,10,16,-6,2,0.26461439015214444,0.3449226810817927,3,4,-2.5,137.5,"c(""Anthony Franklin"", "" JP Primm"", "" Connor Penn"")","Spartanburg, SC",G.B. Hodge Center,833,378,NA,NA,South Carolina Upstate,missed,Bryson Mozone,NA,FALSE,FALSE,South Carolina Upstate,Campbell,FALSE
401370750,2022-02-05,South Carolina Upstate,Campbell,45,1,13:14,1994,1994,Austin McCullough Defensive Rebound.,10,16,-6,4,0.26442775264452933,0.34465000592827083,3,4,-2.5,137.5,"c(""Anthony Franklin"", "" JP Primm"", "" Connor Penn"")","Spartanburg, SC",G.B. Hodge Center,833,378,NA,NA,NA,NA,NA,NA,NA,NA,South Carolina Upstate,Campbell,FALSE
401370750,2022-02-05,South Carolina Upstate,Campbell,46,1,13:07,1987,1987,Jordan Whitfield missed Three Point Jumper.,10,16,-6,7,0.26410049352342707,0.34417165610176115,3,4,-2.5,137.5,"c(""Anthony Franklin"", "" JP Primm"", "" Connor Penn"")","Spartanburg, SC",G.B. Hodge Center,833,378,NA,NA,Campbell,missed,Jordan Whitfield,NA,TRUE,FALSE,Campbell,Campbell,FALSE
401370750,2022-02-05,South Carolina Upstate,Campbell,47,1,13:04,1984,1984,Austin McCullough Offensive Rebound.,10,16,-6,3,0.2639599831469429,0.3439661882321361,3,4,-2.5,137.5,"c(""Anthony Franklin"", "" JP Primm"", "" Connor Penn"")","Spartanburg, SC",G.B. Hodge Center,833,378,NA,NA,NA,NA,NA,NA,NA,NA,Campbell,Campbell,FALSE
401370750,2022-02-05,South Carolina Upstate,Campbell,48,1,13:03,1983,1983,Jordan Whitfield missed Jumper.,10,16,-6,1,0.2639131115569592,0.3438976369150344,3,4,-2.5,137.5,"c(""Anthony Franklin"", "" JP Primm"", "" Connor Penn"")","Spartanburg, SC",G.B. Hodge Center,833,378,NA,NA,Campbell,missed,Jordan Whitfield,NA,FALSE,FALSE,Campbell,South Carolina Upstate,FALSE
401370750,2022-02-05,South Carolina Upstate,Campbell,49,1,13:00,1980,1980,Bryson Mozone Defensive Rebound.,10,16,-6,3,0.26377239124619406,0.3436917957635803,3,4,-2.5,137.5,"c(""Anthony Franklin"", "" JP Primm"", "" Connor Penn"")","Spartanburg, SC",G.B. Hodge Center,833,378,NA,NA,NA,NA,NA,NA,NA,NA,Campbell,South Carolina Upstate,FALSE
401370750,2022-02-05,South Carolina Upstate,Campbell,50,1,12:30,1950,1950,Bryson Mozone missed Jumper.,10,16,-6,30,0.2623560236611476,0.3416174945406271,3,4,-2.5,137.5,"c(""Anthony Franklin"", "" JP Primm"", "" Connor Penn"")","Spartanburg, SC",G.B. Hodge Center,833,378,NA,NA,South Carolina Upstate,missed,Bryson Mozone,NA,FALSE,FALSE,South Carolina Upstate,Campbell,FALSE
401370750,2022-02-05,South Carolina Upstate,Campbell,51,1,12:26,1946,1946,Jordan Whitfield Defensive Rebound.,10,16,-6,4,0.26216584769038437,0.34133867197417334,3,4,-2.5,137.5,"c(""Anthony Franklin"", "" JP Primm"", "" Connor Penn"")","Spartanburg, SC",G.B. Hodge Center,833,378,NA,NA,NA,NA,NA,NA,NA,NA,South Carolina Upstate,Campbell,FALSE
401370750,2022-02-05,South Carolina Upstate,Campbell,52,1,12:17,1937,1937,Messiah Thompson made Jumper.,10,18,-8,9,0.22148968389885632,0.2931405220152309,3,4,-2.5,137.5,"c(""Anthony Franklin"", "" JP Primm"", "" Connor Penn"")","Spartanburg, SC",G.B. Hodge Center,833,378,NA,NA,Campbell,made,Messiah Thompson,NA,FALSE,FALSE,Campbell,South Carolina Upstate,FALSE
401370750,2022-02-05,South Carolina Upstate,Campbell,53,1,11:53,1913,1913,Mysta Goodloe missed Three Point Jumper.,10,18,-8,24,0.2200380336884204,0.2910707193554816,3,4,-2.5,137.5,"c(""Anthony Franklin"", "" JP Primm"", "" Connor Penn"")","Spartanburg, SC",G.B. Hodge Center,833,378,NA,NA,South Carolina Upstate,missed,Mysta Goodloe,NA,TRUE,FALSE,South Carolina Upstate,Campbell,FALSE
401370750,2022-02-05,South Carolina Upstate,Campbell,54,1,11:49,1909,1909,Jordan Whitfield Defensive Rebound.,10,18,-8,4,0.21979772432598904,0.2907269751377979,3,4,-2.5,137.5,"c(""Anthony Franklin"", "" JP Primm"", "" Connor Penn"")","Spartanburg, SC",G.B. Hodge Center,833,378,NA,NA,NA,NA,NA,NA,NA,NA,South Carolina Upstate,Campbell,FALSE
401370750,2022-02-05,South Carolina Upstate,Campbell,55,1,11:46,1906,1906,Jordan Whitfield made Three Point Jumper. Assisted by Ricky Clemons.,10,21,-11,3,0.16758930152818827,0.22652816874069748,3,4,-2.5,137.5,"c(""Anthony Franklin"", "" JP Primm"", "" Connor Penn"")","Spartanburg, SC",G.B. Hodge Center,833,378,NA,NA,Campbell,made,Jordan Whitfield,Ricky Clemons,TRUE,FALSE,Campbell,South Carolina Upstate,FALSE
401370750,2022-02-05,South Carolina Upstate,Campbell,56,1,11:25,1885,1885,Mysta Goodloe made Three Point Jumper. Assisted by Bryson Mozone.,13,21,-8,21,0.2183644791335229,0.2886705753482981,3,4,-2.5,137.5,"c(""Anthony Franklin"", "" JP Primm"", "" Connor Penn"")","Spartanburg, SC",G.B. Hodge Center,833,378,NA,NA,South Carolina Upstate,made,Mysta Goodloe,Bryson Mozone,TRUE,FALSE,South Carolina Upstate,Campbell,FALSE
401370750,2022-02-05,South Carolina Upstate,Campbell,57,1,11:04,1864,1864,Jordan Whitfield Turnover.,13,21,-8,21,0.2171189384496578,0.2868758329728353,3,4,-2.5,137.5,"c(""Anthony Franklin"", "" JP Primm"", "" Connor Penn"")","Spartanburg, SC",G.B. Hodge Center,833,378,NA,NA,NA,NA,NA,NA,NA,NA,Campbell,South Carolina Upstate,FALSE
401370750,2022-02-05,South Carolina Upstate,Campbell,58,1,11:04,1864,1864,Official TV Timeout,13,21,-8,0,0.2171189384496578,0.2868758329728353,3,4,-2.5,137.5,"c(""Anthony Franklin"", "" JP Primm"", "" Connor Penn"")","Spartanburg, SC",G.B. Hodge Center,833,378,NA,NA,NA,NA,NA,NA,NA,NA,Campbell,South Carolina Upstate,FALSE
401370750,2022-02-05,South Carolina Upstate,Campbell,59,1,10:50,1850,1850,Jalen Breazeale made Three Point Jumper. Assisted by Floyd Rideau Jr..,16,21,-5,14,0.280145329287259,0.36059356436226525,3,4,-2.5,137.5,"c(""Anthony Franklin"", "" JP Primm"", "" Connor Penn"")","Spartanburg, SC",G.B. Hodge Center,833,378,NA,NA,South Carolina Upstate,made,Jalen Breazeale,Floyd Rideau Jr,TRUE,FALSE,South Carolina Upstate,Campbell,FALSE
401370750,2022-02-05,South Carolina Upstate,Campbell,60,1,10:26,1826,1826,Ricky Clemons made Layup. Assisted by Messiah Thompson.,16,23,-7,24,0.2350542458944202,0.3077332681878743,3,4,-2.5,137.5,"c(""Anthony Franklin"", "" JP Primm"", "" Connor Penn"")","Spartanburg, SC",G.B. Hodge Center,833,378,NA,NA,Campbell,made,Ricky Clemons,Messiah Thompson,FALSE,FALSE,Campbell,South Carolina Upstate,FALSE
401370750,2022-02-05,South Carolina Upstate,Campbell,61,1,10:13,1813,1813,Jordan Gainey made Three Point Jumper. Assisted by Jalen Breazeale.,19,23,-4,13,0.3027262342545448,0.3855556032260109,3,4,-2.5,137.5,"c(""Anthony Franklin"", "" JP Primm"", "" Connor Penn"")","Spartanburg, SC",G.B. Hodge Center,833,378,NA,NA,South Carolina Upstate,made,Jordan Gainey,Jalen Breazeale,TRUE,FALSE,South Carolina Upstate,Campbell,FALSE
401370750,2022-02-05,South Carolina Upstate,Campbell,62,1,9:43,1783,1783,Ricky Clemons Turnover.,19,23,-4,30,0.30183221472325633,0.38403405005668617,3,4,-2.5,137.5,"c(""Anthony Franklin"", "" JP Primm"", "" Connor Penn"")","Spartanburg, SC",G.B. Hodge Center,833,378,NA,NA,NA,NA,NA,NA,NA,NA,Campbell,South Carolina Upstate,FALSE
401370750,2022-02-05,South Carolina Upstate,Campbell,63,1,9:43,1783,1783,Khydarius Smith Steal.,19,23,-4,0,0.30183221472325633,0.38403405005668617,3,4,-2.5,137.5,"c(""Anthony Franklin"", "" JP Primm"", "" Connor Penn"")","Spartanburg, SC",G.B. Hodge Center,833,378,NA,NA,NA,NA,NA,NA,NA,NA,Campbell,South Carolina Upstate,FALSE
401370750,2022-02-05,South Carolina Upstate,Campbell,64,1,9:34,1774,1774,Foul on Messiah Thompson.,19,23,-4,9,0.3015611259907313,0.38357252180454493,3,4,-2.5,137.5,"c(""Anthony Franklin"", "" JP Primm"", "" Connor Penn"")","Spartanburg, SC",G.B. Hodge Center,833,378,NA,NA,NA,NA,NA,NA,NA,NA,South Carolina Upstate,South Carolina Upstate,FALSE
401370750,2022-02-05,South Carolina Upstate,Campbell,65,1,9:21,1761,1761,Khydarius Smith made Dunk. Assisted by Jordan Gainey.,21,23,-2,13,0.3536295377239512,0.44062487175074977,3,4,-2.5,137.5,"c(""Anthony Franklin"", "" JP Primm"", "" Connor Penn"")","Spartanburg, SC",G.B. Hodge Center,833,378,NA,NA,South Carolina Upstate,made,Khydarius Smith,Jordan Gainey,FALSE,FALSE,South Carolina Upstate,Campbell,FALSE
401370750,2022-02-05,South Carolina Upstate,Campbell,66,1,9:04,1744,1744,Ricky Clemons made Layup. Assisted by Jordan Whitfield.,21,25,-4,17,0.3006439122727614,0.38201333738697846,3,4,-2.5,137.5,"c(""Anthony Franklin"", "" JP Primm"", "" Connor Penn"")","Spartanburg, SC",G.B. Hodge Center,833,378,NA,NA,Campbell,made,Ricky Clemons,Jordan Whitfield,FALSE,FALSE,Campbell,South Carolina Upstate,FALSE
401370750,2022-02-05,South Carolina Upstate,Campbell,67,1,8:47,1727,1727,Khydarius Smith missed Jumper.,21,25,-4,17,0.3001126893602131,0.38111348366022896,3,4,-2.5,137.5,"c(""Anthony Franklin"", "" JP Primm"", "" Connor Penn"")","Spartanburg, SC",G.B. Hodge Center,833,378,NA,NA,South Carolina Upstate,missed,Khydarius Smith,NA,FALSE,FALSE,South Carolina Upstate,Campbell,FALSE
401370750,2022-02-05,South Carolina Upstate,Campbell,68,1,8:44,1724,1724,Joshua Lusane Defensive Rebound.,21,25,-4,3,0.30001793655418724,0.3809533177098395,3,4,-2.5,137.5,"c(""Anthony Franklin"", "" JP Primm"", "" Connor Penn"")","Spartanburg, SC",G.B. Hodge Center,833,378,NA,NA,NA,NA,NA,NA,NA,NA,South Carolina Upstate,Campbell,FALSE
401370750,2022-02-05,South Carolina Upstate,Campbell,69,1,8:20,1700,1700,Jordan Whitfield missed Jumper.,21,25,-4,24,0.29924764799524306,0.3796558606333405,3,4,-2.5,137.5,"c(""Anthony Franklin"", "" JP Primm"", "" Connor Penn"")","Spartanburg, SC",G.B. Hodge Center,833,378,NA,NA,Campbell,missed,Jordan Whitfield,NA,FALSE,FALSE,Campbell,South Carolina Upstate,FALSE
401370750,2022-02-05,South Carolina Upstate,Campbell,70,1,8:18,1698,1698,Jalen Breazeale Defensive Rebound.,21,25,-4,2,0.2991823999940377,0.3795463735611663,3,4,-2.5,137.5,"c(""Anthony Franklin"", "" JP Primm"", "" Connor Penn"")","Spartanburg, SC",G.B. Hodge Center,833,378,NA,NA,NA,NA,NA,NA,NA,NA,Campbell,South Carolina Upstate,FALSE
401370750,2022-02-05,South Carolina Upstate,Campbell,71,1,8:11,1691,1691,Bryson Mozone made Layup. Assisted by Jalen Breazeale.,23,25,-2,7,0.3530325604353832,0.43867172217779754,3,4,-2.5,137.5,"c(""Anthony Franklin"", "" JP Primm"", "" Connor Penn"")","Spartanburg, SC",G.B. Hodge Center,833,378,NA,NA,South Carolina Upstate,made,Bryson Mozone,Jalen Breazeale,FALSE,FALSE,South Carolina Upstate,Campbell,FALSE
401370750,2022-02-05,South Carolina Upstate,Campbell,72,1,7:43,1663,1663,Messiah Thompson made Three Point Jumper.,23,28,-5,28,0.27260988270805825,0.348771232089987,3,4,-2.5,137.5,"c(""Anthony Franklin"", "" JP Primm"", "" Connor Penn"")","Spartanburg, SC",G.B. Hodge Center,833,378,NA,NA,Campbell,made,Messiah Thompson,NA,TRUE,FALSE,Campbell,South Carolina Upstate,FALSE
401370750,2022-02-05,South Carolina Upstate,Campbell,73,1,7:17,1637,1637,Khydarius Smith Turnover.,23,28,-5,26,0.27159509784227687,0.3471266316474448,3,4,-2.5,137.5,"c(""Anthony Franklin"", "" JP Primm"", "" Connor Penn"")","Spartanburg, SC",G.B. Hodge Center,833,378,NA,NA,NA,NA,NA,NA,NA,NA,South Carolina Upstate,Campbell,FALSE
401370750,2022-02-05,South Carolina Upstate,Campbell,74,1,7:17,1637,1637,Official TV Timeout,23,28,-5,0,0.27159509784227687,0.3471266316474448,3,4,-2.5,137.5,"c(""Anthony Franklin"", "" JP Primm"", "" Connor Penn"")","Spartanburg, SC",G.B. Hodge Center,833,378,NA,NA,NA,NA,NA,NA,NA,NA,South Carolina Upstate,Campbell,FALSE
401370750,2022-02-05,South Carolina Upstate,Campbell,75,1,7:03,1623,1623,Messiah Thompson missed Three Point Jumper.,23,28,-5,14,0.2710664955130127,0.3462558256590855,3,4,-2.5,137.5,"c(""Anthony Franklin"", "" JP Primm"", "" Connor Penn"")","Spartanburg, SC",G.B. Hodge Center,833,378,NA,NA,Campbell,missed,Messiah Thompson,NA,TRUE,FALSE,Campbell,Campbell,FALSE
401370750,2022-02-05,South Carolina Upstate,Campbell,76,1,6:57,1617,1617,Messiah Thompson Offensive Rebound.,23,28,-5,6,0.27084262828639816,0.34588462618254295,3,4,-2.5,137.5,"c(""Anthony Franklin"", "" JP Primm"", "" Connor Penn"")","Spartanburg, SC",G.B. Hodge Center,833,378,NA,NA,NA,NA,NA,NA,NA,NA,Campbell,Campbell,FALSE
401370750,2022-02-05,South Carolina Upstate,Campbell,77,1,6:55,1615,1615,Austin McCullough made Layup. Assisted by Messiah Thompson.,23,30,-7,2,0.22342491738676656,0.29052937890158814,3,4,-2.5,137.5,"c(""Anthony Franklin"", "" JP Primm"", "" Connor Penn"")","Spartanburg, SC",G.B. Hodge Center,833,378,NA,NA,Campbell,made,Austin McCullough,Messiah Thompson,FALSE,FALSE,Campbell,South Carolina Upstate,FALSE
401370750,2022-02-05,South Carolina Upstate,Campbell,78,1,6:28,1588,1588,Jordan Gainey Turnover.,23,30,-7,27,0.22204129609235274,0.28840882114080096,3,4,-2.5,137.5,"c(""Anthony Franklin"", "" JP Primm"", "" Connor Penn"")","Spartanburg, SC",G.B. Hodge Center,833,378,NA,NA,NA,NA,NA,NA,NA,NA,South Carolina Upstate,Campbell,FALSE
401370750,2022-02-05,South Carolina Upstate,Campbell,79,1,6:28,1588,1588,Jesus Carralero Steal.,23,30,-7,0,0.22204129609235274,0.28840882114080096,3,4,-2.5,137.5,"c(""Anthony Franklin"", "" JP Primm"", "" Connor Penn"")","Spartanburg, SC",G.B. Hodge Center,833,378,NA,NA,NA,NA,NA,NA,NA,NA,South Carolina Upstate,Campbell,FALSE
401370750,2022-02-05,South Carolina Upstate,Campbell,80,1,6:23,1583,1583,Austin McCullough made Layup. Assisted by Messiah Thompson.,23,32,-9,5,0.18036563315600432,0.23800992790657788,3,4,-2.5,137.5,"c(""Anthony Franklin"", "" JP Primm"", "" Connor Penn"")","Spartanburg, SC",G.B. Hodge Center,833,378,NA,NA,Campbell,made,Austin McCullough,Messiah Thompson,FALSE,FALSE,Campbell,South Carolina Upstate,FALSE
401370750,2022-02-05,South Carolina Upstate,Campbell,81,1,6:02,1562,1562,Jordan Gainey missed Three Point Jumper.,23,32,-9,21,0.17910266183255302,0.23612799983004207,3,4,-2.5,137.5,"c(""Anthony Franklin"", "" JP Primm"", "" Connor Penn"")","Spartanburg, SC",G.B. Hodge Center,833,378,NA,NA,South Carolina Upstate,missed,Jordan Gainey,NA,TRUE,FALSE,South Carolina Upstate,Campbell,FALSE
401370750,2022-02-05,South Carolina Upstate,Campbell,82,1,6:00,1560,1560,Jesus Carralero Defensive Rebound.,23,32,-9,2,0.17898172602922569,0.23594787455170288,3,4,-2.5,137.5,"c(""Anthony Franklin"", "" JP Primm"", "" Connor Penn"")","Spartanburg, SC",G.B. Hodge Center,833,378,NA,NA,NA,NA,NA,NA,NA,NA,South Carolina Upstate,Campbell,FALSE
401370750,2022-02-05,South Carolina Upstate,Campbell,83,1,6:00,1560,1560,Foul on Mysta Goodloe.,23,32,-9,0,0.17898172602922569,0.23594787455170288,3,4,-2.5,137.5,"c(""Anthony Franklin"", "" JP Primm"", "" Connor Penn"")","Spartanburg, SC",G.B. Hodge Center,833,378,NA,NA,NA,NA,NA,NA,NA,NA,South Carolina Upstate,Campbell,FALSE
401370750,2022-02-05,South Carolina Upstate,Campbell,84,1,5:47,1547,1547,Ricky Clemons missed Three Point Jumper.,23,32,-9,13,0.1781910961575976,0.23477124370591673,3,4,-2.5,137.5,"c(""Anthony Franklin"", "" JP Primm"", "" Connor Penn"")","Spartanburg, SC",G.B. Hodge Center,833,378,NA,NA,Campbell,missed,Ricky Clemons,NA,TRUE,FALSE,Campbell,South Carolina Upstate,FALSE
401370750,2022-02-05,South Carolina Upstate,Campbell,85,1,5:43,1543,1543,Bryson Mozone Defensive Rebound.,23,32,-9,4,0.17794591583502675,0.23440680632495653,3,4,-2.5,137.5,"c(""Anthony Franklin"", "" JP Primm"", "" Connor Penn"")","Spartanburg, SC",G.B. Hodge Center,833,378,NA,NA,NA,NA,NA,NA,NA,NA,Campbell,South Carolina Upstate,FALSE
401370750,2022-02-05,South Carolina Upstate,Campbell,86,1,5:37,1537,1537,Bryson Mozone missed Three Point Jumper.,23,32,-9,6,0.17757611691482034,0.23385764410511065,3,4,-2.5,137.5,"c(""Anthony Franklin"", "" JP Primm"", "" Connor Penn"")","Spartanburg, SC",G.B. Hodge Center,833,378,NA,NA,South Carolina Upstate,missed,Bryson Mozone,NA,TRUE,FALSE,South Carolina Upstate,South Carolina Upstate,FALSE
401370750,2022-02-05,South Carolina Upstate,Campbell,87,1,5:34,1534,1534,South Carolina Upstate Offensive Rebound.,23,32,-9,3,0.17739021795619192,0.2335818365379713,3,4,-2.5,137.5,"c(""Anthony Franklin"", "" JP Primm"", "" Connor Penn"")","Spartanburg, SC",G.B. Hodge Center,833,378,NA,NA,NA,NA,NA,NA,NA,NA,South Carolina Upstate,South Carolina Upstate,FALSE
401370750,2022-02-05,South Carolina Upstate,Campbell,88,1,5:19,1519,1519,Ahmir Langlais made Jumper. Assisted by Jalen Breazeale.,25,32,-7,15,0.21843389507875172,0.282880667568803,3,4,-2.5,137.5,"c(""Anthony Franklin"", "" JP Primm"", "" Connor Penn"")","Spartanburg, SC",G.B. Hodge Center,833,378,NA,NA,South Carolina Upstate,made,Ahmir Langlais,Jalen Breazeale,FALSE,FALSE,South Carolina Upstate,Campbell,FALSE
401370750,2022-02-05,South Carolina Upstate,Campbell,89,1,4:54,1494,1494,Cedric Henderson Jr. made Three Point Jumper. Assisted by Austin McCullough.,25,35,-10,25,0.15627969658586105,0.20688510015906925,3,4,-2.5,137.5,"c(""Anthony Franklin"", "" JP Primm"", "" Connor Penn"")","Spartanburg, SC",G.B. Hodge Center,833,378,NA,NA,Campbell,made,Cedric Henderson Jr.,Austin McCullough,TRUE,FALSE,Campbell,South Carolina Upstate,FALSE
401370750,2022-02-05,South Carolina Upstate,Campbell,90,1,4:35,1475,1475,Ahmir Langlais Turnover.,25,35,-10,19,0.15494700598736208,0.20494987423097522,3,4,-2.5,137.5,"c(""Anthony Franklin"", "" JP Primm"", "" Connor Penn"")","Spartanburg, SC",G.B. Hodge Center,833,378,NA,NA,NA,NA,NA,NA,NA,NA,South Carolina Upstate,Campbell,FALSE
401370750,2022-02-05,South Carolina Upstate,Campbell,91,1,4:23,1463,1463,Jesus Carralero Turnover.,25,35,-10,12,0.15407603418548746,0.2036927142187521,3,4,-2.5,137.5,"c(""Anthony Franklin"", "" JP Primm"", "" Connor Penn"")","Spartanburg, SC",G.B. Hodge Center,833,378,NA,NA,NA,NA,NA,NA,NA,NA,Campbell,South Carolina Upstate,FALSE
401370750,2022-02-05,South Carolina Upstate,Campbell,92,1,4:00,1440,1440,Jordan Gainey made Three Point Jumper. Assisted by Dalvin White.,28,35,-7,23,0.21372052616093692,0.2758644089636797,3,4,-2.5,137.5,"c(""Anthony Franklin"", "" JP Primm"", "" Connor Penn"")","Spartanburg, SC",G.B. Hodge Center,833,378,NA,NA,South Carolina Upstate,made,Jordan Gainey,Dalvin White,TRUE,FALSE,South Carolina Upstate,Campbell,FALSE
401370750,2022-02-05,South Carolina Upstate,Campbell,93,1,3:40,1420,1420,Cedric Henderson Jr. Turnover.,28,35,-7,20,0.21250270259888868,0.27405823575458893,3,4,-2.5,137.5,"c(""Anthony Franklin"", "" JP Primm"", "" Connor Penn"")","Spartanburg, SC",G.B. Hodge Center,833,378,NA,NA,NA,NA,NA,NA,NA,NA,Campbell,South Carolina Upstate,FALSE
401370750,2022-02-05,South Carolina Upstate,Campbell,94,1,3:40,1420,1420,Bryson Mozone Steal.,28,35,-7,0,0.21250270259888868,0.27405823575458893,3,4,-2.5,137.5,"c(""Anthony Franklin"", "" JP Primm"", "" Connor Penn"")","Spartanburg, SC",G.B. Hodge Center,833,378,NA,NA,NA,NA,NA,NA,NA,NA,Campbell,South Carolina Upstate,FALSE
401370750,2022-02-05,South Carolina Upstate,Campbell,95,1,3:36,1416,1416,Jalen Breazeale made Layup. Assisted by Bryson Mozone.,30,35,-5,4,0.2626021376124146,0.33246114014073375,3,4,-2.5,137.5,"c(""Anthony Franklin"", "" JP Primm"", "" Connor Penn"")","Spartanburg, SC",G.B. Hodge Center,833,378,NA,NA,South Carolina Upstate,made,Jalen Breazeale,Bryson Mozone,FALSE,FALSE,South Carolina Upstate,Campbell,FALSE
401370750,2022-02-05,South Carolina Upstate,Campbell,96,1,3:19,1399,1399,Ricky Clemons missed Layup.,30,35,-5,17,0.2618747044169035,0.33128244792602496,3,4,-2.5,137.5,"c(""Anthony Franklin"", "" JP Primm"", "" Connor Penn"")","Spartanburg, SC",G.B. Hodge Center,833,378,NA,NA,Campbell,missed,Ricky Clemons,NA,FALSE,FALSE,Campbell,Campbell,FALSE
401370750,2022-02-05,South Carolina Upstate,Campbell,97,1,3:15,1395,1395,Ricky Clemons Offensive Rebound.,30,35,-5,4,0.26170693352866586,0.3310084811092815,3,4,-2.5,137.5,"c(""Anthony Franklin"", "" JP Primm"", "" Connor Penn"")","Spartanburg, SC",G.B. Hodge Center,833,378,NA,NA,NA,NA,NA,NA,NA,NA,Campbell,Campbell,FALSE
401370750,2022-02-05,South Carolina Upstate,Campbell,98,1,3:15,1395,1395,Ricky Clemons made Layup.,30,37,-7,0,0.21105688848144827,0.2718852931745767,3,4,-2.5,137.5,"c(""Anthony Franklin"", "" JP Primm"", "" Connor Penn"")","Spartanburg, SC",G.B. Hodge Center,833,378,NA,NA,Campbell,made,Ricky Clemons,NA,FALSE,FALSE,Campbell,South Carolina Upstate,FALSE
401370750,2022-02-05,South Carolina Upstate,Campbell,99,1,3:03,1383,1383,Jordan Gainey made Jumper.,32,37,-5,12,0.2612092391093345,0.3301919694882255,3,4,-2.5,137.5,"c(""Anthony Franklin"", "" JP Primm"", "" Connor Penn"")","Spartanburg, SC",G.B. Hodge Center,833,378,NA,NA,South Carolina Upstate,made,Jordan Gainey,NA,FALSE,FALSE,South Carolina Upstate,Campbell,FALSE
401370750,2022-02-05,South Carolina Upstate,Campbell,100,1,2:39,1359,1359,Foul on Jordan Gainey.,32,37,-5,24,0.26022758289147296,0.3285706171292998,3,4,-2.5,137.5,"c(""Anthony Franklin"", "" JP Primm"", "" Connor Penn"")","Spartanburg, SC",G.B. Hodge Center,833,378,NA,NA,NA,NA,NA,NA,NA,NA,Campbell,Campbell,FALSE
401370750,2022-02-05,South Carolina Upstate,Campbell,101,1,2:39,1359,1359,Official TV Timeout,32,37,-5,0,0.26022758289147296,0.3285706171292998,3,4,-2.5,137.5,"c(""Anthony Franklin"", "" JP Primm"", "" Connor Penn"")","Spartanburg, SC",G.B. Hodge Center,833,378,NA,NA,NA,NA,NA,NA,NA,NA,Campbell,Campbell,FALSE
401370750,2022-02-05,South Carolina Upstate,Campbell,102,1,2:32,1352,1352,Jordan Whitfield made Three Point Jumper. Assisted by Jesus Carralero.,32,40,-8,7,0.18597874036744325,0.2410584168529153,3,4,-2.5,137.5,"c(""Anthony Franklin"", "" JP Primm"", "" Connor Penn"")","Spartanburg, SC",G.B. Hodge Center,833,378,NA,NA,Campbell,made,Jordan Whitfield,Jesus Carralero,TRUE,FALSE,Campbell,South Carolina Upstate,FALSE
401370750,2022-02-05,South Carolina Upstate,Campbell,103,1,2:18,1338,1338,Jordan Gainey missed Jumper.,32,40,-8,14,0.18513414544020776,0.2397955751745371,3,4,-2.5,137.5,"c(""Anthony Franklin"", "" JP Primm"", "" Connor Penn"")","Spartanburg, SC",G.B. Hodge Center,833,378,NA,NA,South Carolina Upstate,missed,Jordan Gainey,NA,FALSE,FALSE,South Carolina Upstate,Campbell,FALSE
401370750,2022-02-05,South Carolina Upstate,Campbell,104,1,2:15,1335,1335,Cedric Henderson Jr. Defensive Rebound.,32,40,-8,3,0.18495197509715455,0.23952349697660882,3,4,-2.5,137.5,"c(""Anthony Franklin"", "" JP Primm"", "" Connor Penn"")","Spartanburg, SC",G.B. Hodge Center,833,378,NA,NA,NA,NA,NA,NA,NA,NA,South Carolina Upstate,Campbell,FALSE
401370750,2022-02-05,South Carolina Upstate,Campbell,105,1,2:06,1326,1326,Foul on Khydarius Smith.,32,40,-8,9,0.18440183195355242,0.2387028424875487,3,4,-2.5,137.5,"c(""Anthony Franklin"", "" JP Primm"", "" Connor Penn"")","Spartanburg, SC",G.B. Hodge Center,833,378,NA,NA,NA,NA,NA,NA,NA,NA,Campbell,Campbell,FALSE
401370750,2022-02-05,South Carolina Upstate,Campbell,106,1,2:06,1326,1326,Jesus Carralero missed Free Throw.,32,40,-8,0,0.18440183195355242,0.2387028424875487,3,4,-2.5,137.5,"c(""Anthony Franklin"", "" JP Primm"", "" Connor Penn"")","Spartanburg, SC",G.B. Hodge Center,833,378,NA,NA,Campbell,missed,Jesus Carralero,NA,FALSE,TRUE,Campbell,Campbell,FALSE
401370750,2022-02-05,South Carolina Upstate,Campbell,107,1,2:06,1326,1326,Campbell Deadball Team Rebound.,32,40,-8,0,0.18440183195355242,0.2387028424875487,3,4,-2.5,137.5,"c(""Anthony Franklin"", "" JP Primm"", "" Connor Penn"")","Spartanburg, SC",G.B. Hodge Center,833,378,NA,NA,NA,NA,NA,NA,NA,NA,Campbell,Campbell,FALSE
401370750,2022-02-05,South Carolina Upstate,Campbell,108,1,2:06,1326,1326,Jesus Carralero made Free Throw.,32,41,-9,0,0.16358665302653397,0.2133616728594594,3,4,-2.5,137.5,"c(""Anthony Franklin"", "" JP Primm"", "" Connor Penn"")","Spartanburg, SC",G.B. Hodge Center,833,378,NA,NA,Campbell,made,Jesus Carralero,NA,FALSE,TRUE,Campbell,South Carolina Upstate,FALSE
401370750,2022-02-05,South Carolina Upstate,Campbell,109,1,1:48,1308,1308,Bryson Mozone missed Jumper.,32,41,-9,18,0.16240920619902596,0.21162962379634018,3,4,-2.5,137.5,"c(""Anthony Franklin"", "" JP Primm"", "" Connor Penn"")","Spartanburg, SC",G.B. Hodge Center,833,378,NA,NA,South Carolina Upstate,missed,Bryson Mozone,NA,FALSE,FALSE,South Carolina Upstate,Campbell,FALSE
401370750,2022-02-05,South Carolina Upstate,Campbell,110,1,1:45,1305,1305,Jesus Carralero Defensive Rebound.,32,41,-9,3,0.16220940919262944,0.21133666704493126,3,4,-2.5,137.5,"c(""Anthony Franklin"", "" JP Primm"", "" Connor Penn"")","Spartanburg, SC",G.B. Hodge Center,833,378,NA,NA,NA,NA,NA,NA,NA,NA,South Carolina Upstate,Campbell,FALSE
401370750,2022-02-05,South Carolina Upstate,Campbell,111,1,1:37,1297,1297,Jordan Whitfield made Layup. Assisted by Jesus Carralero.,32,43,-11,8,0.12569797241608477,0.16585161690582945,3,4,-2.5,137.5,"c(""Anthony Franklin"", "" JP Primm"", "" Connor Penn"")","Spartanburg, SC",G.B. Hodge Center,833,378,NA,NA,Campbell,made,Jordan Whitfield,Jesus Carralero,FALSE,FALSE,Campbell,South Carolina Upstate,FALSE
401370750,2022-02-05,South Carolina Upstate,Campbell,112,1,1:17,1277,1277,Foul on Cedric Henderson Jr..,32,43,-11,20,0.12427422831279371,0.1637952605487884,3,4,-2.5,137.5,"c(""Anthony Franklin"", "" JP Primm"", "" Connor Penn"")","Spartanburg, SC",G.B. Hodge Center,833,378,NA,NA,NA,NA,NA,NA,NA,NA,South Carolina Upstate,South Carolina Upstate,FALSE
401370750,2022-02-05,South Carolina Upstate,Campbell,113,1,1:17,1277,1277,Dalvin White made Free Throw.,33,43,-10,0,0.14132148823662227,0.1851178071267984,3,4,-2.5,137.5,"c(""Anthony Franklin"", "" JP Primm"", "" Connor Penn"")","Spartanburg, SC",G.B. Hodge Center,833,378,NA,NA,South Carolina Upstate,made,Dalvin White,NA,FALSE,TRUE,South Carolina Upstate,South Carolina Upstate,FALSE
401370750,2022-02-05,South Carolina Upstate,Campbell,114,1,1:16,1276,1276,Dalvin White missed Free Throw.,33,43,-10,1,0.1412485931445549,0.18501270450205023,3,4,-2.5,137.5,"c(""Anthony Franklin"", "" JP Primm"", "" Connor Penn"")","Spartanburg, SC",G.B. Hodge Center,833,378,NA,NA,South Carolina Upstate,missed,Dalvin White,NA,FALSE,TRUE,South Carolina Upstate,Campbell,FALSE
401370750,2022-02-05,South Carolina Upstate,Campbell,115,1,1:14,1274,1274,Jesus Carralero Defensive Rebound.,33,43,-10,2,0.14110222423679353,0.1848018002131278,3,4,-2.5,137.5,"c(""Anthony Franklin"", "" JP Primm"", "" Connor Penn"")","Spartanburg, SC",G.B. Hodge Center,833,378,NA,NA,NA,NA,NA,NA,NA,NA,South Carolina Upstate,Campbell,FALSE
401370750,2022-02-05,South Carolina Upstate,Campbell,116,1,1:03,1263,1263,Foul on Ricky Clemons.,33,43,-10,11,0.14028268617228024,0.18362430425328158,3,4,-2.5,137.5,"c(""Anthony Franklin"", "" JP Primm"", "" Connor Penn"")","Spartanburg, SC",G.B. Hodge Center,833,378,NA,NA,NA,NA,NA,NA,NA,NA,South Carolina Upstate,South Carolina Upstate,FALSE
401370750,2022-02-05,South Carolina Upstate,Campbell,117,1,1:03,1263,1263,Ricky Clemons Turnover.,33,43,-10,0,0.14028268617228024,0.18362430425328158,3,4,-2.5,137.5,"c(""Anthony Franklin"", "" JP Primm"", "" Connor Penn"")","Spartanburg, SC",G.B. Hodge Center,833,378,NA,NA,NA,NA,NA,NA,NA,NA,Campbell,South Carolina Upstate,FALSE
401370750,2022-02-05,South Carolina Upstate,Campbell,118,1,0:42,1242,1242,Dalvin White Turnover.,33,43,-10,21,0.13864193339390465,0.1812843916360453,3,4,-2.5,137.5,"c(""Anthony Franklin"", "" JP Primm"", "" Connor Penn"")","Spartanburg, SC",G.B. Hodge Center,833,378,NA,NA,NA,NA,NA,NA,NA,NA,South Carolina Upstate,Campbell,FALSE
401370750,2022-02-05,South Carolina Upstate,Campbell,119,1,0:42,1242,1242,Ricky Clemons Steal.,33,43,-10,0,0.13864193339390465,0.1812843916360453,3,4,-2.5,137.5,"c(""Anthony Franklin"", "" JP Primm"", "" Connor Penn"")","Spartanburg, SC",G.B. Hodge Center,833,378,NA,NA,NA,NA,NA,NA,NA,NA,South Carolina Upstate,Campbell,FALSE
401370750,2022-02-05,South Carolina Upstate,Campbell,120,1,0:39,1239,1239,Foul on Jordan Gainey.,33,43,-10,3,0.13839851734292702,0.18093922961213724,3,4,-2.5,137.5,"c(""Anthony Franklin"", "" JP Primm"", "" Connor Penn"")","Spartanburg, SC",G.B. Hodge Center,833,378,NA,NA,NA,NA,NA,NA,NA,NA,Campbell,Campbell,FALSE
401370750,2022-02-05,South Carolina Upstate,Campbell,121,1,0:39,1239,1239,Ricky Clemons made Free Throw.,33,44,-11,0,0.12135559623879053,0.15962823909057372,3,4,-2.5,137.5,"c(""Anthony Franklin"", "" JP Primm"", "" Connor Penn"")","Spartanburg, SC",G.B. Hodge Center,833,378,NA,NA,Campbell,made,Ricky Clemons,NA,FALSE,TRUE,Campbell,Campbell,FALSE
401370750,2022-02-05,South Carolina Upstate,Campbell,122,1,0:39,1239,1239,Ricky Clemons made Free Throw.,33,45,-12,0,0.10615283324866853,0.140397007844877,3,4,-2.5,137.5,"c(""Anthony Franklin"", "" JP Primm"", "" Connor Penn"")","Spartanburg, SC",G.B. Hodge Center,833,378,NA,NA,Campbell,made,Ricky Clemons,NA,FALSE,TRUE,Campbell,South Carolina Upstate,FALSE
401370750,2022-02-05,South Carolina Upstate,Campbell,123,1,0:26,1226,1226,Jordan Gainey Turnover.,33,45,-12,13,0.10509598018723453,0.1389034095021453,3,4,-2.5,137.5,"c(""Anthony Franklin"", "" JP Primm"", "" Connor Penn"")","Spartanburg, SC",G.B. Hodge Center,833,378,NA,NA,NA,NA,NA,NA,NA,NA,South Carolina Upstate,Campbell,FALSE
401370750,2022-02-05,South Carolina Upstate,Campbell,124,1,0:26,1226,1226,Jordan Whitfield Steal.,33,45,-12,0,0.10509598018723453,0.1389034095021453,3,4,-2.5,137.5,"c(""Anthony Franklin"", "" JP Primm"", "" Connor Penn"")","Spartanburg, SC",G.B. Hodge Center,833,378,NA,NA,NA,NA,NA,NA,NA,NA,South Carolina Upstate,Campbell,FALSE
401370750,2022-02-05,South Carolina Upstate,Campbell,125,1,0:22,1222,1222,Jordan Whitfield Turnover.,33,45,-12,4,0.10476199612763505,0.13843304353988942,3,4,-2.5,137.5,"c(""Anthony Franklin"", "" JP Primm"", "" Connor Penn"")","Spartanburg, SC",G.B. Hodge Center,833,378,NA,NA,NA,NA,NA,NA,NA,NA,Campbell,South Carolina Upstate,FALSE
401370750,2022-02-05,South Carolina Upstate,Campbell,126,1,0:22,1222,1222,Jordan Gainey Steal.,33,45,-12,0,0.10476199612763505,0.13843304353988942,3,4,-2.5,137.5,"c(""Anthony Franklin"", "" JP Primm"", "" Connor Penn"")","Spartanburg, SC",G.B. Hodge Center,833,378,NA,NA,NA,NA,NA,NA,NA,NA,Campbell,South Carolina Upstate,FALSE
401370750,2022-02-05,South Carolina Upstate,Campbell,127,1,0:20,1220,1220,Foul on Ricky Clemons.,33,45,-12,2,0.10459338951302767,0.1381958790537539,3,4,-2.5,137.5,"c(""Anthony Franklin"", "" JP Primm"", "" Connor Penn"")","Spartanburg, SC",G.B. Hodge Center,833,378,NA,NA,NA,NA,NA,NA,NA,NA,South Carolina Upstate,South Carolina Upstate,FALSE
401370750,2022-02-05,South Carolina Upstate,Campbell,128,1,0:03,1203,1203,Bryson Mozone made Jumper.,35,45,-10,17,0.13528881051344377,0.17657025694990672,3,4,-2.5,137.5,"c(""Anthony Franklin"", "" JP Primm"", "" Connor Penn"")","Spartanburg, SC",G.B. Hodge Center,833,378,NA,NA,South Carolina Upstate,made,Bryson Mozone,NA,FALSE,FALSE,South Carolina Upstate,Campbell,FALSE
401370750,2022-02-05,South Carolina Upstate,Campbell,129,1,0:00,1200,1200,End of 1st half,35,45,-10,3,0.13502501793556734,0.17620114634698963,3,4,-2.5,137.5,"c(""Anthony Franklin"", "" JP Primm"", "" Connor Penn"")","Spartanburg, SC",G.B. Hodge Center,833,378,NA,NA,NA,NA,NA,NA,NA,NA,Campbell,NA,FALSE
401370750,2022-02-05,South Carolina Upstate,Campbell,130,2,20:00,1200,1200,PLAY,35,45,-10,0,0.13502501793556734,0.17620114634698963,4,4,-2.5,137.5,"c(""Anthony Franklin"", "" JP Primm"", "" Connor Penn"")","Spartanburg, SC",G.B. Hodge Center,833,378,NA,NA,NA,NA,NA,NA,NA,NA,NA,South Carolina Upstate,FALSE
401370750,2022-02-05,South Carolina Upstate,Campbell,131,2,19:31,1171,1171,Dalvin White made Three Point Jumper.,38,45,-7,29,0.19646295714716355,0.2504273799077408,4,4,-2.5,137.5,"c(""Anthony Franklin"", "" JP Primm"", "" Connor Penn"")","Spartanburg, SC",G.B. Hodge Center,833,378,NA,NA,South Carolina Upstate,made,Dalvin White,NA,TRUE,FALSE,South Carolina Upstate,Campbell,FALSE
401370750,2022-02-05,South Carolina Upstate,Campbell,132,2,18:52,1132,1132,Bryson Mozone made Three Point Jumper. Assisted by Dalvin White.,41,47,-6,39,0.21978028873910782,0.2772067514686479,4,4,-2.5,137.5,"c(""Anthony Franklin"", "" JP Primm"", "" Connor Penn"")","Spartanburg, SC",G.B. Hodge Center,833,378,NA,NA,South Carolina Upstate,made,Bryson Mozone,Dalvin White,TRUE,FALSE,South Carolina Upstate,Campbell,FALSE
401370750,2022-02-05,South Carolina Upstate,Campbell,133,2,18:36,1116,1116,Jordan Whitfield made Three Point Jumper. Assisted by Jesus Carralero.,41,50,-9,16,0.14727894923293125,0.19015543339002977,4,4,-2.5,137.5,"c(""Anthony Franklin"", "" JP Primm"", "" Connor Penn"")","Spartanburg, SC",G.B. Hodge Center,833,378,NA,NA,Campbell,made,Jordan Whitfield,Jesus Carralero,TRUE,FALSE,Campbell,South Carolina Upstate,FALSE
401370750,2022-02-05,South Carolina Upstate,Campbell,134,2,18:08,1088,1088,Bryson Mozone missed Jumper.,41,50,-9,28,0.14505055795382774,0.18702484205074046,4,4,-2.5,137.5,"c(""Anthony Franklin"", "" JP Primm"", "" Connor Penn"")","Spartanburg, SC",G.B. Hodge Center,833,378,NA,NA,South Carolina Upstate,missed,Bryson Mozone,NA,FALSE,FALSE,South Carolina Upstate,Campbell,FALSE
401370750,2022-02-05,South Carolina Upstate,Campbell,135,2,18:03,1083,1083,Ricky Clemons Defensive Rebound.,41,50,-9,5,0.14464503983062033,0.1864568189070925,4,4,-2.5,137.5,"c(""Anthony Franklin"", "" JP Primm"", "" Connor Penn"")","Spartanburg, SC",G.B. Hodge Center,833,378,NA,NA,NA,NA,NA,NA,NA,NA,South Carolina Upstate,Campbell,FALSE
401370750,2022-02-05,South Carolina Upstate,Campbell,136,2,17:55,1075,1075,Jordan Whitfield made Jumper.,41,52,-11,8,0.10800661875699057,0.14088250034257582,4,4,-2.5,137.5,"c(""Anthony Franklin"", "" JP Primm"", "" Connor Penn"")","Spartanburg, SC",G.B. Hodge Center,833,378,NA,NA,Campbell,made,Jordan Whitfield,NA,FALSE,FALSE,Campbell,South Carolina Upstate,FALSE
401370750,2022-02-05,South Carolina Upstate,Campbell,137,2,17:40,1060,1060,Foul on Cedric Henderson Jr..,41,52,-11,15,0.10677839095570611,0.1391700333114572,4,4,-2.5,137.5,"c(""Anthony Franklin"", "" JP Primm"", "" Connor Penn"")","Spartanburg, SC",G.B. Hodge Center,833,378,NA,NA,NA,NA,NA,NA,NA,NA,South Carolina Upstate,South Carolina Upstate,FALSE
401370750,2022-02-05,South Carolina Upstate,Campbell,138,2,17:40,1060,1060,Bryson Mozone made Free Throw.,42,52,-10,0,0.12363764937301643,0.16022620595916756,4,4,-2.5,137.5,"c(""Anthony Franklin"", "" JP Primm"", "" Connor Penn"")","Spartanburg, SC",G.B. Hodge Center,833,378,NA,NA,South Carolina Upstate,made,Bryson Mozone,NA,FALSE,TRUE,South Carolina Upstate,South Carolina Upstate,FALSE
401370750,2022-02-05,South Carolina Upstate,Campbell,139,2,17:40,1060,1060,Bryson Mozone made Free Throw.,43,52,-9,0,0.14273345558314351,0.18378797642482891,4,4,-2.5,137.5,"c(""Anthony Franklin"", "" JP Primm"", "" Connor Penn"")","Spartanburg, SC",G.B. Hodge Center,833,378,NA,NA,South Carolina Upstate,made,Bryson Mozone,NA,FALSE,TRUE,South Carolina Upstate,South Carolina Upstate,FALSE
401370750,2022-02-05,South Carolina Upstate,Campbell,140,2,17:40,1060,1060,Bryson Mozone made Free Throw.,44,52,-8,0,0.16422591255853689,0.2099483513257963,4,4,-2.5,137.5,"c(""Anthony Franklin"", "" JP Primm"", "" Connor Penn"")","Spartanburg, SC",G.B. Hodge Center,833,378,NA,NA,South Carolina Upstate,made,Bryson Mozone,NA,FALSE,TRUE,South Carolina Upstate,Campbell,FALSE
401370750,2022-02-05,South Carolina Upstate,Campbell,141,2,17:24,1044,1044,Ricky Clemons missed Layup.,44,52,-8,16,0.16286524988692047,0.20805389180983028,4,4,-2.5,137.5,"c(""Anthony Franklin"", "" JP Primm"", "" Connor Penn"")","Spartanburg, SC",G.B. Hodge Center,833,378,NA,NA,Campbell,missed,Ricky Clemons,NA,FALSE,FALSE,Campbell,Campbell,FALSE
401370750,2022-02-05,South Carolina Upstate,Campbell,142,2,17:22,1042,1042,Austin McCullough Offensive Rebound.,44,52,-8,2,0.1626911182402616,0.20781215425777566,4,4,-2.5,137.5,"c(""Anthony Franklin"", "" JP Primm"", "" Connor Penn"")","Spartanburg, SC",G.B. Hodge Center,833,378,NA,NA,NA,NA,NA,NA,NA,NA,Campbell,Campbell,FALSE
401370750,2022-02-05,South Carolina Upstate,Campbell,143,2,17:06,1026,1026,Ricky Clemons made Layup. Assisted by Jesus Carralero.,44,54,-10,16,0.12063532101968039,0.15606792173484274,4,4,-2.5,137.5,"c(""Anthony Franklin"", "" JP Primm"", "" Connor Penn"")","Spartanburg, SC",G.B. Hodge Center,833,378,NA,NA,Campbell,made,Ricky Clemons,Jesus Carralero,FALSE,FALSE,Campbell,South Carolina Upstate,FALSE
401370750,2022-02-05,South Carolina Upstate,Campbell,144,2,16:54,1014,1014,Jordan Gainey made Jumper. Assisted by Dalvin White.,46,54,-8,12,0.1601425966963602,0.20429260841356184,4,4,-2.5,137.5,"c(""Anthony Franklin"", "" JP Primm"", "" Connor Penn"")","Spartanburg, SC",G.B. Hodge Center,833,378,NA,NA,South Carolina Upstate,made,Jordan Gainey,Dalvin White,FALSE,FALSE,South Carolina Upstate,Campbell,FALSE
401370750,2022-02-05,South Carolina Upstate,Campbell,145,2,16:23,983,983,Jesus Carralero Turnover.,46,54,-8,31,0.15703558434252757,0.20004615354319533,4,4,-2.5,137.5,"c(""Anthony Franklin"", "" JP Primm"", "" Connor Penn"")","Spartanburg, SC",G.B. Hodge Center,833,378,NA,NA,NA,NA,NA,NA,NA,NA,Campbell,South Carolina Upstate,FALSE
401370750,2022-02-05,South Carolina Upstate,Campbell,146,2,16:14,974,974,Jordan Gainey missed Jumper.,46,54,-8,9,0.15606813718702003,0.1987329461521205,4,4,-2.5,137.5,"c(""Anthony Franklin"", "" JP Primm"", "" Connor Penn"")","Spartanburg, SC",G.B. Hodge Center,833,378,NA,NA,South Carolina Upstate,missed,Jordan Gainey,NA,FALSE,FALSE,South Carolina Upstate,Campbell,FALSE
401370750,2022-02-05,South Carolina Upstate,Campbell,147,2,16:10,970,970,Jesus Carralero Defensive Rebound.,46,54,-8,4,0.15562790496811235,0.1981366817063371,4,4,-2.5,137.5,"c(""Anthony Franklin"", "" JP Primm"", "" Connor Penn"")","Spartanburg, SC",G.B. Hodge Center,833,378,NA,NA,NA,NA,NA,NA,NA,NA,South Carolina Upstate,Campbell,FALSE
401370750,2022-02-05,South Carolina Upstate,Campbell,148,2,16:05,965,965,Jordan Whitfield made Three Point Jumper. Assisted by Jesus Carralero.,46,57,-11,5,0.09785691100540622,0.12690315755637258,4,4,-2.5,137.5,"c(""Anthony Franklin"", "" JP Primm"", "" Connor Penn"")","Spartanburg, SC",G.B. Hodge Center,833,378,NA,NA,Campbell,made,Jordan Whitfield,Jesus Carralero,TRUE,FALSE,Campbell,South Carolina Upstate,FALSE
401370750,2022-02-05,South Carolina Upstate,Campbell,149,2,15:46,946,946,Dalvin White made Jumper.,48,57,-9,19,0.1315424168676024,0.1684616346700962,4,4,-2.5,137.5,"c(""Anthony Franklin"", "" JP Primm"", "" Connor Penn"")","Spartanburg, SC",G.B. Hodge Center,833,378,NA,NA,South Carolina Upstate,made,Dalvin White,NA,FALSE,FALSE,South Carolina Upstate,Campbell,FALSE
401370750,2022-02-05,South Carolina Upstate,Campbell,150,2,15:27,927,927,Ricky Clemons Turnover.,48,57,-9,19,0.1298138303915095,0.16610165258713624,4,4,-2.5,137.5,"c(""Anthony Franklin"", "" JP Primm"", "" Connor Penn"")","Spartanburg, SC",G.B. Hodge Center,833,378,NA,NA,NA,NA,NA,NA,NA,NA,Campbell,South Carolina Upstate,FALSE
401370750,2022-02-05,South Carolina Upstate,Campbell,151,2,15:27,927,927,Jordan Gainey Steal.,48,57,-9,0,0.1298138303915095,0.16610165258713624,4,4,-2.5,137.5,"c(""Anthony Franklin"", "" JP Primm"", "" Connor Penn"")","Spartanburg, SC",G.B. Hodge Center,833,378,NA,NA,NA,NA,NA,NA,NA,NA,Campbell,South Carolina Upstate,FALSE
401370750,2022-02-05,South Carolina Upstate,Campbell,152,2,15:23,923,923,Official TV Timeout,48,57,-9,4,0.1294698705703217,0.16563106020626758,4,4,-2.5,137.5,"c(""Anthony Franklin"", "" JP Primm"", "" Connor Penn"")","Spartanburg, SC",G.B. Hodge Center,833,378,NA,NA,NA,NA,NA,NA,NA,NA,South Carolina Upstate,South Carolina Upstate,FALSE
401370750,2022-02-05,South Carolina Upstate,Campbell,153,2,15:17,917,917,Khydarius Smith made Jumper.,50,57,-7,6,0.17512714181074213,0.22071585951370207,4,4,-2.5,137.5,"c(""Anthony Franklin"", "" JP Primm"", "" Connor Penn"")","Spartanburg, SC",G.B. Hodge Center,833,378,NA,NA,South Carolina Upstate,made,Khydarius Smith,NA,FALSE,FALSE,South Carolina Upstate,Campbell,FALSE
401370750,2022-02-05,South Carolina Upstate,Campbell,154,2,15:06,906,906,Austin McCullough missed Three Point Jumper.,50,57,-7,11,0.1742574276178757,0.21951809891664645,4,4,-2.5,137.5,"c(""Anthony Franklin"", "" JP Primm"", "" Connor Penn"")","Spartanburg, SC",G.B. Hodge Center,833,378,NA,NA,Campbell,missed,Austin McCullough,NA,TRUE,FALSE,Campbell,South Carolina Upstate,FALSE
401370750,2022-02-05,South Carolina Upstate,Campbell,155,2,15:02,902,902,Dalvin White Defensive Rebound.,50,57,-7,4,0.17394773132057526,0.21909123349523565,4,4,-2.5,137.5,"c(""Anthony Franklin"", "" JP Primm"", "" Connor Penn"")","Spartanburg, SC",G.B. Hodge Center,833,378,NA,NA,NA,NA,NA,NA,NA,NA,Campbell,South Carolina Upstate,FALSE
401370750,2022-02-05,South Carolina Upstate,Campbell,156,2,14:34,874,874,Khydarius Smith missed Jumper.,50,57,-7,28,0.17182844149828375,0.21616998870420367,4,4,-2.5,137.5,"c(""Anthony Franklin"", "" JP Primm"", "" Connor Penn"")","Spartanburg, SC",G.B. Hodge Center,833,378,NA,NA,South Carolina Upstate,missed,Khydarius Smith,NA,FALSE,FALSE,South Carolina Upstate,Campbell,FALSE
401370750,2022-02-05,South Carolina Upstate,Campbell,157,2,14:31,871,871,Jordan Whitfield Defensive Rebound.,50,57,-7,3,0.17160230786501826,0.21585870585720157,4,4,-2.5,137.5,"c(""Anthony Franklin"", "" JP Primm"", "" Connor Penn"")","Spartanburg, SC",G.B. Hodge Center,833,378,NA,NA,NA,NA,NA,NA,NA,NA,South Carolina Upstate,Campbell,FALSE
401370750,2022-02-05,South Carolina Upstate,Campbell,158,2,14:13,853,853,Cedric Henderson Jr. made Three Point Jumper. Assisted by Jordan Whitfield.,50,60,-10,18,0.10511249950985833,0.13484188621086232,4,4,-2.5,137.5,"c(""Anthony Franklin"", "" JP Primm"", "" Connor Penn"")","Spartanburg, SC",G.B. Hodge Center,833,378,NA,NA,Campbell,made,Cedric Henderson Jr.,Jordan Whitfield,TRUE,FALSE,Campbell,South Carolina Upstate,FALSE
401370750,2022-02-05,South Carolina Upstate,Campbell,159,2,13:50,830,830,Foul on Messiah Thompson.,50,60,-10,23,0.10327533867389388,0.13233968507292476,4,4,-2.5,137.5,"c(""Anthony Franklin"", "" JP Primm"", "" Connor Penn"")","Spartanburg, SC",G.B. Hodge Center,833,378,NA,NA,NA,NA,NA,NA,NA,NA,South Carolina Upstate,South Carolina Upstate,FALSE
401370750,2022-02-05,South Carolina Upstate,Campbell,160,2,13:44,824,824,Josh Aldrich missed Jumper.,50,60,-10,6,0.10277169542336913,0.13165619730293743,4,4,-2.5,137.5,"c(""Anthony Franklin"", "" JP Primm"", "" Connor Penn"")","Spartanburg, SC",G.B. Hodge Center,833,378,NA,NA,South Carolina Upstate,missed,Josh Aldrich,NA,FALSE,FALSE,South Carolina Upstate,Campbell,FALSE
401370750,2022-02-05,South Carolina Upstate,Campbell,161,2,13:40,820,820,Austin McCullough Defensive Rebound.,50,60,-10,4,0.10242892525092168,0.13119165407103744,4,4,-2.5,137.5,"c(""Anthony Franklin"", "" JP Primm"", "" Connor Penn"")","Spartanburg, SC",G.B. Hodge Center,833,378,NA,NA,NA,NA,NA,NA,NA,NA,South Carolina Upstate,Campbell,FALSE
401370750,2022-02-05,South Carolina Upstate,Campbell,162,2,13:25,805,805,Foul on Jordan Gainey.,50,60,-10,15,0.10108637427646712,0.12937694423566065,4,4,-2.5,137.5,"c(""Anthony Franklin"", "" JP Primm"", "" Connor Penn"")","Spartanburg, SC",G.B. Hodge Center,833,378,NA,NA,NA,NA,NA,NA,NA,NA,Campbell,Campbell,FALSE
401370750,2022-02-05,South Carolina Upstate,Campbell,163,2,13:25,805,805,Jordan Whitfield missed Free Throw.,50,60,-10,0,0.10108637427646712,0.12937694423566065,4,4,-2.5,137.5,"c(""Anthony Franklin"", "" JP Primm"", "" Connor Penn"")","Spartanburg, SC",G.B. Hodge Center,833,378,NA,NA,Campbell,missed,Jordan Whitfield,NA,FALSE,TRUE,Campbell,Campbell,FALSE
401370750,2022-02-05,South Carolina Upstate,Campbell,164,2,13:25,805,805,Campbell Deadball Team Rebound.,50,60,-10,0,0.10108637427646712,0.12937694423566065,4,4,-2.5,137.5,"c(""Anthony Franklin"", "" JP Primm"", "" Connor Penn"")","Spartanburg, SC",G.B. Hodge Center,833,378,NA,NA,NA,NA,NA,NA,NA,NA,Campbell,Campbell,FALSE
401370750,2022-02-05,South Carolina Upstate,Campbell,165,2,13:25,805,805,Jordan Whitfield made Free Throw.,50,61,-11,0,0.08503215049513123,0.10937639370772882,4,4,-2.5,137.5,"c(""Anthony Franklin"", "" JP Primm"", "" Connor Penn"")","Spartanburg, SC",G.B. Hodge Center,833,378,NA,NA,Campbell,made,Jordan Whitfield,NA,FALSE,TRUE,Campbell,South Carolina Upstate,FALSE
401370750,2022-02-05,South Carolina Upstate,Campbell,166,2,13:07,787,787,Josh Aldrich missed Layup.,50,61,-11,18,0.08337172829461047,0.10713727874246111,4,4,-2.5,137.5,"c(""Anthony Franklin"", "" JP Primm"", "" Connor Penn"")","Spartanburg, SC",G.B. Hodge Center,833,378,NA,NA,South Carolina Upstate,missed,Josh Aldrich,NA,FALSE,FALSE,South Carolina Upstate,Campbell,FALSE
401370750,2022-02-05,South Carolina Upstate,Campbell,167,2,13:07,787,787,Joshua Lusane Block.,50,61,-11,0,0.08337172829461047,0.10713727874246111,4,4,-2.5,137.5,"c(""Anthony Franklin"", "" JP Primm"", "" Connor Penn"")","Spartanburg, SC",G.B. Hodge Center,833,378,NA,NA,NA,NA,NA,NA,NA,NA,South Carolina Upstate,Campbell,FALSE
401370750,2022-02-05,South Carolina Upstate,Campbell,168,2,13:03,783,783,Cedric Henderson Jr. Defensive Rebound.,50,61,-11,4,0.08298088383216676,0.10661164574800454,4,4,-2.5,137.5,"c(""Anthony Franklin"", "" JP Primm"", "" Connor Penn"")","Spartanburg, SC",G.B. Hodge Center,833,378,NA,NA,NA,NA,NA,NA,NA,NA,South Carolina Upstate,Campbell,FALSE
401370750,2022-02-05,South Carolina Upstate,Campbell,169,2,13:01,781,781,Messiah Thompson made Three Point Jumper. Assisted by Cedric Henderson Jr..,50,64,-14,2,0.04807757104027322,0.062434365306411915,4,4,-2.5,137.5,"c(""Anthony Franklin"", "" JP Primm"", "" Connor Penn"")","Spartanburg, SC",G.B. Hodge Center,833,378,NA,NA,Campbell,made,Messiah Thompson,Cedric Henderson Jr,TRUE,FALSE,Campbell,South Carolina Upstate,FALSE
401370750,2022-02-05,South Carolina Upstate,Campbell,170,2,13:00,780,780,South Carolina Upstate  Timeout,50,64,-14,1,0.047999567840537306,0.06232893931576482,3,4,-2.5,137.5,"c(""Anthony Franklin"", "" JP Primm"", "" Connor Penn"")","Spartanburg, SC",G.B. Hodge Center,833,378,NA,NA,NA,NA,NA,NA,NA,NA,South Carolina Upstate,South Carolina Upstate,FALSE
401370750,2022-02-05,South Carolina Upstate,Campbell,171,2,13:00,780,780,Official TV Timeout,50,64,-14,0,0.047999567840537306,0.06232893931576482,3,4,-2.5,137.5,"c(""Anthony Franklin"", "" JP Primm"", "" Connor Penn"")","Spartanburg, SC",G.B. Hodge Center,833,378,NA,NA,NA,NA,NA,NA,NA,NA,South Carolina Upstate,South Carolina Upstate,FALSE
401370750,2022-02-05,South Carolina Upstate,Campbell,172,2,12:44,764,764,Dalvin White missed Three Point Jumper.,50,64,-14,16,0.046696687791921626,0.06057113676900389,3,4,-2.5,137.5,"c(""Anthony Franklin"", "" JP Primm"", "" Connor Penn"")","Spartanburg, SC",G.B. Hodge Center,833,378,NA,NA,South Carolina Upstate,missed,Dalvin White,NA,TRUE,FALSE,South Carolina Upstate,Campbell,FALSE
401370750,2022-02-05,South Carolina Upstate,Campbell,173,2,12:42,762,762,South Carolina Upstate Deadball Team Rebound.,50,64,-14,2,0.04652629413595966,0.06034165732207366,3,4,-2.5,137.5,"c(""Anthony Franklin"", "" JP Primm"", "" Connor Penn"")","Spartanburg, SC",G.B. Hodge Center,833,378,NA,NA,NA,NA,NA,NA,NA,NA,South Carolina Upstate,South Carolina Upstate,FALSE
401370750,2022-02-05,South Carolina Upstate,Campbell,174,2,12:42,762,762,Foul on Ricky Clemons.,50,64,-14,0,0.04652629413595966,0.06034165732207366,3,4,-2.5,137.5,"c(""Anthony Franklin"", "" JP Primm"", "" Connor Penn"")","Spartanburg, SC",G.B. Hodge Center,833,378,NA,NA,NA,NA,NA,NA,NA,NA,South Carolina Upstate,South Carolina Upstate,FALSE
401370750,2022-02-05,South Carolina Upstate,Campbell,175,2,12:40,760,760,Bryson Mozone made Jumper. Assisted by Jalen Breazeale.,52,64,-12,2,0.06715830636699933,0.08652761493798056,3,4,-2.5,137.5,"c(""Anthony Franklin"", "" JP Primm"", "" Connor Penn"")","Spartanburg, SC",G.B. Hodge Center,833,378,NA,NA,South Carolina Upstate,made,Bryson Mozone,Jalen Breazeale,FALSE,FALSE,South Carolina Upstate,Campbell,FALSE
401370750,2022-02-05,South Carolina Upstate,Campbell,176,2,12:24,744,744,Cedric Henderson Jr. missed Three Point Jumper.,52,64,-12,16,0.06541793427058903,0.08419823495714478,3,4,-2.5,137.5,"c(""Anthony Franklin"", "" JP Primm"", "" Connor Penn"")","Spartanburg, SC",G.B. Hodge Center,833,378,NA,NA,Campbell,missed,Cedric Henderson Jr.,NA,TRUE,FALSE,Campbell,South Carolina Upstate,FALSE
401370750,2022-02-05,South Carolina Upstate,Campbell,177,2,12:20,740,740,South Carolina Upstate Defensive Rebound.,52,64,-12,4,0.06495903423405984,0.08358518059127026,3,4,-2.5,137.5,"c(""Anthony Franklin"", "" JP Primm"", "" Connor Penn"")","Spartanburg, SC",G.B. Hodge Center,833,378,NA,NA,NA,NA,NA,NA,NA,NA,Campbell,South Carolina Upstate,FALSE
401370750,2022-02-05,South Carolina Upstate,Campbell,178,2,12:09,729,729,Bryson Mozone missed Three Point Jumper.,52,64,-12,11,0.06364712141561957,0.08183488568461593,3,4,-2.5,137.5,"c(""Anthony Franklin"", "" JP Primm"", "" Connor Penn"")","Spartanburg, SC",G.B. Hodge Center,833,378,NA,NA,South Carolina Upstate,missed,Bryson Mozone,NA,TRUE,FALSE,South Carolina Upstate,Campbell,FALSE
401370750,2022-02-05,South Carolina Upstate,Campbell,179,2,12:05,725,725,Ricky Clemons Defensive Rebound.,52,64,-12,4,0.06317282434494928,0.08120208564145122,3,4,-2.5,137.5,"c(""Anthony Franklin"", "" JP Primm"", "" Connor Penn"")","Spartanburg, SC",G.B. Hodge Center,833,378,NA,NA,NA,NA,NA,NA,NA,NA,South Carolina Upstate,Campbell,FALSE
401370750,2022-02-05,South Carolina Upstate,Campbell,180,2,11:36,696,696,Cedric Henderson Jr. missed Three Point Jumper.,52,64,-12,29,0.060195995336898386,0.07721386654088065,3,4,-2.5,137.5,"c(""Anthony Franklin"", "" JP Primm"", "" Connor Penn"")","Spartanburg, SC",G.B. Hodge Center,833,378,NA,NA,Campbell,missed,Cedric Henderson Jr.,NA,TRUE,FALSE,Campbell,South Carolina Upstate,FALSE
401370750,2022-02-05,South Carolina Upstate,Campbell,181,2,11:33,693,693,Bryson Mozone Defensive Rebound.,52,64,-12,3,0.059923752937662056,0.07684771428209619,3,4,-2.5,137.5,"c(""Anthony Franklin"", "" JP Primm"", "" Connor Penn"")","Spartanburg, SC",G.B. Hodge Center,833,378,NA,NA,NA,NA,NA,NA,NA,NA,Campbell,South Carolina Upstate,FALSE
401370750,2022-02-05,South Carolina Upstate,Campbell,182,2,11:27,687,687,Mysta Goodloe made Layup. Assisted by Jalen Breazeale.,54,64,-10,6,0.08735803850500672,0.111049933368185,3,4,-2.5,137.5,"c(""Anthony Franklin"", "" JP Primm"", "" Connor Penn"")","Spartanburg, SC",G.B. Hodge Center,833,378,NA,NA,South Carolina Upstate,made,Mysta Goodloe,Jalen Breazeale,FALSE,FALSE,South Carolina Upstate,Campbell,FALSE
401370750,2022-02-05,South Carolina Upstate,Campbell,183,2,10:55,655,655,Messiah Thompson made Layup.,54,66,-12,32,0.056755257820074234,0.07257664154515078,3,4,-2.5,137.5,"c(""Anthony Franklin"", "" JP Primm"", "" Connor Penn"")","Spartanburg, SC",G.B. Hodge Center,833,378,NA,NA,Campbell,made,Messiah Thompson,NA,FALSE,FALSE,Campbell,South Carolina Upstate,FALSE
401370750,2022-02-05,South Carolina Upstate,Campbell,184,2,10:39,639,639,Jalen Breazeale made Layup.,56,66,-10,16,0.08270876288597881,0.10479523146576215,3,4,-2.5,137.5,"c(""Anthony Franklin"", "" JP Primm"", "" Connor Penn"")","Spartanburg, SC",G.B. Hodge Center,833,378,NA,NA,South Carolina Upstate,made,Jalen Breazeale,NA,FALSE,FALSE,South Carolina Upstate,Campbell,FALSE
401370750,2022-02-05,South Carolina Upstate,Campbell,185,2,10:08,608,608,Messiah Thompson missed Three Point Jumper.,56,66,-10,31,0.07944579331142557,0.10043439173788385,3,4,-2.5,137.5,"c(""Anthony Franklin"", "" JP Primm"", "" Connor Penn"")","Spartanburg, SC",G.B. Hodge Center,833,378,NA,NA,Campbell,missed,Messiah Thompson,NA,TRUE,FALSE,Campbell,South Carolina Upstate,FALSE
401370750,2022-02-05,South Carolina Upstate,Campbell,186,2,10:05,605,605,Bryson Mozone Defensive Rebound.,56,66,-10,3,0.07909876345342516,0.0999731700891498,3,4,-2.5,137.5,"c(""Anthony Franklin"", "" JP Primm"", "" Connor Penn"")","Spartanburg, SC",G.B. Hodge Center,833,378,NA,NA,NA,NA,NA,NA,NA,NA,Campbell,South Carolina Upstate,FALSE
401370750,2022-02-05,South Carolina Upstate,Campbell,187,2,9:42,582,582,Jalen Breazeale missed Three Point Jumper.,56,66,-10,23,0.0761847592493755,0.09611893678176728,3,4,-2.5,137.5,"c(""Anthony Franklin"", "" JP Primm"", "" Connor Penn"")","Spartanburg, SC",G.B. Hodge Center,833,378,NA,NA,South Carolina Upstate,missed,Jalen Breazeale,NA,TRUE,FALSE,South Carolina Upstate,South Carolina Upstate,FALSE
401370750,2022-02-05,South Carolina Upstate,Campbell,188,2,9:35,575,575,Bryson Mozone Offensive Rebound.,56,66,-10,7,0.0751966745056637,0.09481884924644278,3,4,-2.5,137.5,"c(""Anthony Franklin"", "" JP Primm"", "" Connor Penn"")","Spartanburg, SC",G.B. Hodge Center,833,378,NA,NA,NA,NA,NA,NA,NA,NA,South Carolina Upstate,South Carolina Upstate,FALSE
401370750,2022-02-05,South Carolina Upstate,Campbell,189,2,9:34,574,574,Bryson Mozone missed Layup.,56,66,-10,1,0.07505127221267605,0.09462779225800928,3,4,-2.5,137.5,"c(""Anthony Franklin"", "" JP Primm"", "" Connor Penn"")","Spartanburg, SC",G.B. Hodge Center,833,378,NA,NA,South Carolina Upstate,missed,Bryson Mozone,NA,FALSE,FALSE,South Carolina Upstate,Campbell,FALSE
401370750,2022-02-05,South Carolina Upstate,Campbell,190,2,9:34,574,574,Messiah Thompson Block.,56,66,-10,0,0.07505127221267605,0.09462779225800928,3,4,-2.5,137.5,"c(""Anthony Franklin"", "" JP Primm"", "" Connor Penn"")","Spartanburg, SC",G.B. Hodge Center,833,378,NA,NA,NA,NA,NA,NA,NA,NA,South Carolina Upstate,Campbell,FALSE
401370750,2022-02-05,South Carolina Upstate,Campbell,191,2,9:29,569,569,Ricky Clemons Defensive Rebound.,56,66,-10,5,0.07430780024624639,0.09365185477689177,3,4,-2.5,137.5,"c(""Anthony Franklin"", "" JP Primm"", "" Connor Penn"")","Spartanburg, SC",G.B. Hodge Center,833,378,NA,NA,NA,NA,NA,NA,NA,NA,South Carolina Upstate,Campbell,FALSE
401370750,2022-02-05,South Carolina Upstate,Campbell,192,2,9:09,549,549,Austin McCullough missed Three Point Jumper.,56,66,-10,20,0.07104659740971564,0.08938784845998889,3,4,-2.5,137.5,"c(""Anthony Franklin"", "" JP Primm"", "" Connor Penn"")","Spartanburg, SC",G.B. Hodge Center,833,378,NA,NA,Campbell,missed,Austin McCullough,NA,TRUE,FALSE,Campbell,South Carolina Upstate,FALSE
401370750,2022-02-05,South Carolina Upstate,Campbell,193,2,9:04,544,544,Josh Aldrich Defensive Rebound.,56,66,-10,5,0.07022126708319469,0.08830979558980274,3,4,-2.5,137.5,"c(""Anthony Franklin"", "" JP Primm"", "" Connor Penn"")","Spartanburg, SC",G.B. Hodge Center,833,378,NA,NA,NA,NA,NA,NA,NA,NA,Campbell,South Carolina Upstate,FALSE
401370750,2022-02-05,South Carolina Upstate,Campbell,194,2,8:54,534,534,Dalvin White Turnover.,56,66,-10,10,0.06873482786928285,0.0863615074248579,3,4,-2.5,137.5,"c(""Anthony Franklin"", "" JP Primm"", "" Connor Penn"")","Spartanburg, SC",G.B. Hodge Center,833,378,NA,NA,NA,NA,NA,NA,NA,NA,South Carolina Upstate,Campbell,FALSE
401370750,2022-02-05,South Carolina Upstate,Campbell,195,2,8:54,534,534,Ricky Clemons Steal.,56,66,-10,0,0.06873482786928285,0.0863615074248579,3,4,-2.5,137.5,"c(""Anthony Franklin"", "" JP Primm"", "" Connor Penn"")","Spartanburg, SC",G.B. Hodge Center,833,378,NA,NA,NA,NA,NA,NA,NA,NA,South Carolina Upstate,Campbell,FALSE
401370750,2022-02-05,South Carolina Upstate,Campbell,196,2,8:48,528,528,Cedric Henderson Jr. made Layup. Assisted by Messiah Thompson.,56,68,-12,6,0.04337834330303281,0.05484154070416125,3,4,-2.5,137.5,"c(""Anthony Franklin"", "" JP Primm"", "" Connor Penn"")","Spartanburg, SC",G.B. Hodge Center,833,378,NA,NA,Campbell,made,Cedric Henderson Jr.,Messiah Thompson,FALSE,FALSE,Campbell,South Carolina Upstate,FALSE
401370750,2022-02-05,South Carolina Upstate,Campbell,197,2,8:47,527,527,Campbell  Timeout,56,68,-12,1,0.04327540073470104,0.054705659691627814,3,3,-2.5,137.5,"c(""Anthony Franklin"", "" JP Primm"", "" Connor Penn"")","Spartanburg, SC",G.B. Hodge Center,833,378,NA,NA,NA,NA,NA,NA,NA,NA,South Carolina Upstate,South Carolina Upstate,FALSE
401370750,2022-02-05,South Carolina Upstate,Campbell,198,2,8:47,527,527,Official TV Timeout,56,68,-12,0,0.04327540073470104,0.054705659691627814,3,3,-2.5,137.5,"c(""Anthony Franklin"", "" JP Primm"", "" Connor Penn"")","Spartanburg, SC",G.B. Hodge Center,833,378,NA,NA,NA,NA,NA,NA,NA,NA,South Carolina Upstate,South Carolina Upstate,FALSE
401370750,2022-02-05,South Carolina Upstate,Campbell,199,2,8:33,513,513,Jordan Gainey missed Three Point Jumper.,56,68,-12,14,0.04192749152468042,0.05292345309134838,3,3,-2.5,137.5,"c(""Anthony Franklin"", "" JP Primm"", "" Connor Penn"")","Spartanburg, SC",G.B. Hodge Center,833,378,NA,NA,South Carolina Upstate,missed,Jordan Gainey,NA,TRUE,FALSE,South Carolina Upstate,Campbell,FALSE
401370750,2022-02-05,South Carolina Upstate,Campbell,200,2,8:29,509,509,Cedric Henderson Jr. Defensive Rebound.,56,68,-12,4,0.04156489404273716,0.052443389323702426,3,3,-2.5,137.5,"c(""Anthony Franklin"", "" JP Primm"", "" Connor Penn"")","Spartanburg, SC",G.B. Hodge Center,833,378,NA,NA,NA,NA,NA,NA,NA,NA,South Carolina Upstate,Campbell,FALSE
401370750,2022-02-05,South Carolina Upstate,Campbell,201,2,8:09,489,489,Jesus Carralero made Layup. Assisted by Jordan Whitfield.,56,70,-14,20,0.024744969602222267,0.031280437417694734,3,3,-2.5,137.5,"c(""Anthony Franklin"", "" JP Primm"", "" Connor Penn"")","Spartanburg, SC",G.B. Hodge Center,833,378,NA,NA,Campbell,made,Jesus Carralero,Jordan Whitfield,FALSE,FALSE,Campbell,South Carolina Upstate,FALSE
401370750,2022-02-05,South Carolina Upstate,Campbell,202,2,7:48,468,468,Jalen Breazeale Turnover.,56,70,-14,21,0.023248042967499983,0.02931221777523732,3,3,-2.5,137.5,"c(""Anthony Franklin"", "" JP Primm"", "" Connor Penn"")","Spartanburg, SC",G.B. Hodge Center,833,378,NA,NA,NA,NA,NA,NA,NA,NA,South Carolina Upstate,Campbell,FALSE
401370750,2022-02-05,South Carolina Upstate,Campbell,203,2,7:48,468,468,Ricky Clemons Steal.,56,70,-14,0,0.023248042967499983,0.02931221777523732,3,3,-2.5,137.5,"c(""Anthony Franklin"", "" JP Primm"", "" Connor Penn"")","Spartanburg, SC",G.B. Hodge Center,833,378,NA,NA,NA,NA,NA,NA,NA,NA,South Carolina Upstate,Campbell,FALSE
401370750,2022-02-05,South Carolina Upstate,Campbell,204,2,7:31,451,451,Messiah Thompson Turnover.,56,70,-14,17,0.021834162442266502,0.027467694758238025,3,3,-2.5,137.5,"c(""Anthony Franklin"", "" JP Primm"", "" Connor Penn"")","Spartanburg, SC",G.B. Hodge Center,833,378,NA,NA,NA,NA,NA,NA,NA,NA,Campbell,South Carolina Upstate,FALSE
401370750,2022-02-05,South Carolina Upstate,Campbell,205,2,7:31,451,451,Mysta Goodloe Steal.,56,70,-14,0,0.021834162442266502,0.027467694758238025,3,3,-2.5,137.5,"c(""Anthony Franklin"", "" JP Primm"", "" Connor Penn"")","Spartanburg, SC",G.B. Hodge Center,833,378,NA,NA,NA,NA,NA,NA,NA,NA,Campbell,South Carolina Upstate,FALSE
401370750,2022-02-05,South Carolina Upstate,Campbell,206,2,7:27,447,447,Foul on Jesus Carralero.,56,70,-14,4,0.02146653865145747,0.02699020634072844,3,3,-2.5,137.5,"c(""Anthony Franklin"", "" JP Primm"", "" Connor Penn"")","Spartanburg, SC",G.B. Hodge Center,833,378,NA,NA,NA,NA,NA,NA,NA,NA,South Carolina Upstate,South Carolina Upstate,FALSE
401370750,2022-02-05,South Carolina Upstate,Campbell,207,2,7:27,447,447,Official TV Timeout,56,70,-14,0,0.02146653865145747,0.02699020634072844,3,3,-2.5,137.5,"c(""Anthony Franklin"", "" JP Primm"", "" Connor Penn"")","Spartanburg, SC",G.B. Hodge Center,833,378,NA,NA,NA,NA,NA,NA,NA,NA,South Carolina Upstate,South Carolina Upstate,FALSE
401370750,2022-02-05,South Carolina Upstate,Campbell,208,2,7:27,447,447,Jalen Breazeale made Free Throw.,57,70,-13,0,0.027558634513127508,0.03459447176682178,3,3,-2.5,137.5,"c(""Anthony Franklin"", "" JP Primm"", "" Connor Penn"")","Spartanburg, SC",G.B. Hodge Center,833,378,NA,NA,South Carolina Upstate,made,Jalen Breazeale,NA,FALSE,TRUE,South Carolina Upstate,South Carolina Upstate,FALSE
401370750,2022-02-05,South Carolina Upstate,Campbell,209,2,7:26,446,446,Jalen Breazeale missed Free Throw.,57,70,-13,1,0.027447372929522814,0.03445014931959896,3,3,-2.5,137.5,"c(""Anthony Franklin"", "" JP Primm"", "" Connor Penn"")","Spartanburg, SC",G.B. Hodge Center,833,378,NA,NA,South Carolina Upstate,missed,Jalen Breazeale,NA,FALSE,TRUE,South Carolina Upstate,Campbell,FALSE
401370750,2022-02-05,South Carolina Upstate,Campbell,210,2,7:24,444,444,Ricky Clemons Defensive Rebound.,57,70,-13,2,0.027221436726430844,0.03415726361756789,3,3,-2.5,137.5,"c(""Anthony Franklin"", "" JP Primm"", "" Connor Penn"")","Spartanburg, SC",G.B. Hodge Center,833,378,NA,NA,NA,NA,NA,NA,NA,NA,South Carolina Upstate,Campbell,FALSE
401370750,2022-02-05,South Carolina Upstate,Campbell,211,2,7:06,426,426,Jesus Carralero Turnover.,57,70,-13,18,0.02499809963350121,0.031285990495316114,3,3,-2.5,137.5,"c(""Anthony Franklin"", "" JP Primm"", "" Connor Penn"")","Spartanburg, SC",G.B. Hodge Center,833,378,NA,NA,NA,NA,NA,NA,NA,NA,Campbell,South Carolina Upstate,FALSE
401370750,2022-02-05,South Carolina Upstate,Campbell,212,2,7:06,426,426,Jalen Breazeale Steal.,57,70,-13,0,0.02499809963350121,0.031285990495316114,3,3,-2.5,137.5,"c(""Anthony Franklin"", "" JP Primm"", "" Connor Penn"")","Spartanburg, SC",G.B. Hodge Center,833,378,NA,NA,NA,NA,NA,NA,NA,NA,Campbell,South Carolina Upstate,FALSE
401370750,2022-02-05,South Carolina Upstate,Campbell,213,2,6:58,418,418,Mysta Goodloe missed Three Point Jumper.,57,70,-13,8,0.024050282010248215,0.030061823570756842,3,3,-2.5,137.5,"c(""Anthony Franklin"", "" JP Primm"", "" Connor Penn"")","Spartanburg, SC",G.B. Hodge Center,833,378,NA,NA,South Carolina Upstate,missed,Mysta Goodloe,NA,TRUE,FALSE,South Carolina Upstate,Campbell,FALSE
401370750,2022-02-05,South Carolina Upstate,Campbell,214,2,6:56,416,416,Cedric Henderson Jr. Defensive Rebound.,57,70,-13,2,0.023826138345194734,0.029771952743329298,3,3,-2.5,137.5,"c(""Anthony Franklin"", "" JP Primm"", "" Connor Penn"")","Spartanburg, SC",G.B. Hodge Center,833,378,NA,NA,NA,NA,NA,NA,NA,NA,South Carolina Upstate,Campbell,FALSE
401370750,2022-02-05,South Carolina Upstate,Campbell,215,2,6:56,416,416,Foul on Josh Aldrich.,57,70,-13,0,0.023826138345194734,0.029771952743329298,3,3,-2.5,137.5,"c(""Anthony Franklin"", "" JP Primm"", "" Connor Penn"")","Spartanburg, SC",G.B. Hodge Center,833,378,NA,NA,NA,NA,NA,NA,NA,NA,South Carolina Upstate,Campbell,FALSE
401370750,2022-02-05,South Carolina Upstate,Campbell,216,2,6:33,393,393,Messiah Thompson made Jumper. Assisted by Jesus Carralero.,57,72,-15,23,0.012477487057310431,0.015563879500908324,3,3,-2.5,137.5,"c(""Anthony Franklin"", "" JP Primm"", "" Connor Penn"")","Spartanburg, SC",G.B. Hodge Center,833,378,NA,NA,Campbell,made,Messiah Thompson,Jesus Carralero,FALSE,FALSE,Campbell,South Carolina Upstate,FALSE
401370750,2022-02-05,South Carolina Upstate,Campbell,217,2,6:12,372,372,Bryson Mozone made Layup. Assisted by Mysta Goodloe.,59,72,-13,21,0.0195294820387507,0.024207639668749087,3,3,-2.5,137.5,"c(""Anthony Franklin"", "" JP Primm"", "" Connor Penn"")","Spartanburg, SC",G.B. Hodge Center,833,378,NA,NA,South Carolina Upstate,made,Bryson Mozone,Mysta Goodloe,FALSE,FALSE,South Carolina Upstate,Campbell,FALSE
401370750,2022-02-05,South Carolina Upstate,Campbell,218,2,5:46,346,346,Jesus Carralero made Layup.,59,74,-15,26,0.00947779802976715,0.0117059233507454,3,3,-2.5,137.5,"c(""Anthony Franklin"", "" JP Primm"", "" Connor Penn"")","Spartanburg, SC",G.B. Hodge Center,833,378,NA,NA,Campbell,made,Jesus Carralero,NA,FALSE,FALSE,Campbell,South Carolina Upstate,FALSE
401370750,2022-02-05,South Carolina Upstate,Campbell,219,2,5:30,330,330,Jalen Breazeale missed Jumper.,59,74,-15,16,0.008373245889912088,0.010303683576867811,3,3,-2.5,137.5,"c(""Anthony Franklin"", "" JP Primm"", "" Connor Penn"")","Spartanburg, SC",G.B. Hodge Center,833,378,NA,NA,South Carolina Upstate,missed,Jalen Breazeale,NA,FALSE,FALSE,South Carolina Upstate,Campbell,FALSE
401370750,2022-02-05,South Carolina Upstate,Campbell,220,2,5:26,326,326,Jesus Carralero Defensive Rebound.,59,74,-15,4,0.00808742891739286,0.009942571519008266,3,3,-2.5,137.5,"c(""Anthony Franklin"", "" JP Primm"", "" Connor Penn"")","Spartanburg, SC",G.B. Hodge Center,833,378,NA,NA,NA,NA,NA,NA,NA,NA,South Carolina Upstate,Campbell,FALSE
401370750,2022-02-05,South Carolina Upstate,Campbell,221,2,5:09,309,309,Jesus Carralero made Layup. Assisted by Messiah Thompson.,59,76,-17,17,0.0036317228402709817,0.00444963045438686,3,3,-2.5,137.5,"c(""Anthony Franklin"", "" JP Primm"", "" Connor Penn"")","Spartanburg, SC",G.B. Hodge Center,833,378,NA,NA,Campbell,made,Jesus Carralero,Messiah Thompson,FALSE,FALSE,Campbell,South Carolina Upstate,FALSE
401370750,2022-02-05,South Carolina Upstate,Campbell,222,2,5:09,309,309,South Carolina Upstate  Timeout,59,76,-17,0,0.0036317228402709817,0.00444963045438686,2,3,-2.5,137.5,"c(""Anthony Franklin"", "" JP Primm"", "" Connor Penn"")","Spartanburg, SC",G.B. Hodge Center,833,378,NA,NA,NA,NA,NA,NA,NA,NA,Campbell,South Carolina Upstate,FALSE
401370750,2022-02-05,South Carolina Upstate,Campbell,223,2,4:57,297,297,Josh Aldrich missed Layup.,59,76,-17,12,0.003316534336156595,0.004050955705046793,2,3,-2.5,137.5,"c(""Anthony Franklin"", "" JP Primm"", "" Connor Penn"")","Spartanburg, SC",G.B. Hodge Center,833,378,NA,NA,South Carolina Upstate,missed,Josh Aldrich,NA,FALSE,FALSE,South Carolina Upstate,South Carolina Upstate,FALSE
401370750,2022-02-05,South Carolina Upstate,Campbell,224,2,4:57,297,297,Jesus Carralero Block.,59,76,-17,0,0.003316534336156595,0.004050955705046793,2,3,-2.5,137.5,"c(""Anthony Franklin"", "" JP Primm"", "" Connor Penn"")","Spartanburg, SC",G.B. Hodge Center,833,378,NA,NA,NA,NA,NA,NA,NA,NA,South Carolina Upstate,South Carolina Upstate,FALSE
401370750,2022-02-05,South Carolina Upstate,Campbell,225,2,4:49,289,289,Mysta Goodloe Offensive Rebound.,59,76,-17,8,0.003265342578813872,0.0039801745946135255,2,3,-2.5,137.5,"c(""Anthony Franklin"", "" JP Primm"", "" Connor Penn"")","Spartanburg, SC",G.B. Hodge Center,833,378,NA,NA,NA,NA,NA,NA,NA,NA,South Carolina Upstate,South Carolina Upstate,FALSE
401370750,2022-02-05,South Carolina Upstate,Campbell,226,2,4:49,289,289,Mysta Goodloe made Layup.,61,76,-15,0,0.006234388264942637,0.007594236320693544,2,3,-2.5,137.5,"c(""Anthony Franklin"", "" JP Primm"", "" Connor Penn"")","Spartanburg, SC",G.B. Hodge Center,833,378,NA,NA,South Carolina Upstate,made,Mysta Goodloe,NA,FALSE,FALSE,South Carolina Upstate,Campbell,FALSE
401370750,2022-02-05,South Carolina Upstate,Campbell,227,2,4:18,258,258,Cedric Henderson Jr. made Jumper. Assisted by Ricky Clemons.,61,78,-17,31,0.0036813439528429522,0.004450513375386838,2,3,-2.5,137.5,"c(""Anthony Franklin"", "" JP Primm"", "" Connor Penn"")","Spartanburg, SC",G.B. Hodge Center,833,378,NA,NA,Campbell,made,Cedric Henderson Jr.,Ricky Clemons,FALSE,FALSE,Campbell,South Carolina Upstate,FALSE
401370750,2022-02-05,South Carolina Upstate,Campbell,228,2,4:01,241,241,Dalvin White missed Jumper.,61,78,-17,17,0.00394447263151924,0.004746238154008433,2,3,-2.5,137.5,"c(""Anthony Franklin"", "" JP Primm"", "" Connor Penn"")","Spartanburg, SC",G.B. Hodge Center,833,378,NA,NA,South Carolina Upstate,missed,Dalvin White,NA,FALSE,FALSE,South Carolina Upstate,Campbell,FALSE
401370750,2022-02-05,South Carolina Upstate,Campbell,229,2,3:59,239,239,Jesus Carralero Defensive Rebound.,61,78,-17,2,0.003957739734812722,0.004759512044533634,2,3,-2.5,137.5,"c(""Anthony Franklin"", "" JP Primm"", "" Connor Penn"")","Spartanburg, SC",G.B. Hodge Center,833,378,NA,NA,NA,NA,NA,NA,NA,NA,South Carolina Upstate,Campbell,FALSE
401370750,2022-02-05,South Carolina Upstate,Campbell,230,2,3:59,239,239,Official TV Timeout,61,78,-17,0,0.003957739734812722,0.004759512044533634,2,3,-2.5,137.5,"c(""Anthony Franklin"", "" JP Primm"", "" Connor Penn"")","Spartanburg, SC",G.B. Hodge Center,833,378,NA,NA,NA,NA,NA,NA,NA,NA,South Carolina Upstate,Campbell,FALSE
401370750,2022-02-05,South Carolina Upstate,Campbell,231,2,3:29,209,209,Jesus Carralero missed Layup.,61,78,-17,30,0.0032671345905728095,0.0038944012766955003,2,3,-2.5,137.5,"c(""Anthony Franklin"", "" JP Primm"", "" Connor Penn"")","Spartanburg, SC",G.B. Hodge Center,833,378,NA,NA,Campbell,missed,Jesus Carralero,NA,FALSE,FALSE,Campbell,South Carolina Upstate,FALSE
401370750,2022-02-05,South Carolina Upstate,Campbell,232,2,3:29,209,209,Josh Aldrich Block.,61,78,-17,0,0.0032671345905728095,0.0038944012766955003,2,3,-2.5,137.5,"c(""Anthony Franklin"", "" JP Primm"", "" Connor Penn"")","Spartanburg, SC",G.B. Hodge Center,833,378,NA,NA,NA,NA,NA,NA,NA,NA,Campbell,South Carolina Upstate,FALSE
401370750,2022-02-05,South Carolina Upstate,Campbell,233,2,3:24,204,204,Dalvin White Defensive Rebound.,61,78,-17,5,0.002977266923952086,0.0035433378513592927,2,3,-2.5,137.5,"c(""Anthony Franklin"", "" JP Primm"", "" Connor Penn"")","Spartanburg, SC",G.B. Hodge Center,833,378,NA,NA,NA,NA,NA,NA,NA,NA,Campbell,South Carolina Upstate,FALSE
401370750,2022-02-05,South Carolina Upstate,Campbell,234,2,3:22,202,202,Dalvin White missed Three Point Jumper.,61,78,-17,2,0.0028508510387298762,0.0033907325988291877,2,3,-2.5,137.5,"c(""Anthony Franklin"", "" JP Primm"", "" Connor Penn"")","Spartanburg, SC",G.B. Hodge Center,833,378,NA,NA,South Carolina Upstate,missed,Dalvin White,NA,TRUE,FALSE,South Carolina Upstate,Campbell,FALSE
401370750,2022-02-05,South Carolina Upstate,Campbell,235,2,3:19,199,199,Cedric Henderson Jr. Defensive Rebound.,61,78,-17,3,0.0026524224613725875,0.003151687072562686,2,3,-2.5,137.5,"c(""Anthony Franklin"", "" JP Primm"", "" Connor Penn"")","Spartanburg, SC",G.B. Hodge Center,833,378,NA,NA,NA,NA,NA,NA,NA,NA,South Carolina Upstate,Campbell,FALSE
401370750,2022-02-05,South Carolina Upstate,Campbell,236,2,2:57,177,177,Messiah Thompson missed Three Point Jumper.,61,78,-17,22,0.0012776928321454706,0.0015068549700087259,2,3,-2.5,137.5,"c(""Anthony Franklin"", "" JP Primm"", "" Connor Penn"")","Spartanburg, SC",G.B. Hodge Center,833,378,NA,NA,Campbell,missed,Messiah Thompson,NA,TRUE,FALSE,Campbell,Campbell,FALSE
401370750,2022-02-05,South Carolina Upstate,Campbell,237,2,2:53,173,173,Cedric Henderson Jr. Offensive Rebound.,61,78,-17,4,0.0011056046210911545,0.0013020483863508336,2,3,-2.5,137.5,"c(""Anthony Franklin"", "" JP Primm"", "" Connor Penn"")","Spartanburg, SC",G.B. Hodge Center,833,378,NA,NA,NA,NA,NA,NA,NA,NA,Campbell,Campbell,FALSE
401370750,2022-02-05,South Carolina Upstate,Campbell,238,2,2:51,171,171,Cedric Henderson Jr. made Layup.,61,80,-19,2,4.66507965232191e-4,5.490577806571784e-4,2,3,-2.5,137.5,"c(""Anthony Franklin"", "" JP Primm"", "" Connor Penn"")","Spartanburg, SC",G.B. Hodge Center,833,378,NA,NA,Campbell,made,Cedric Henderson Jr.,NA,FALSE,FALSE,Campbell,South Carolina Upstate,FALSE
401370750,2022-02-05,South Carolina Upstate,Campbell,239,2,2:36,156,156,Jordan Gainey made Jumper.,63,80,-17,15,5.77369205190981e-4,6.757396913076362e-4,2,3,-2.5,137.5,"c(""Anthony Franklin"", "" JP Primm"", "" Connor Penn"")","Spartanburg, SC",G.B. Hodge Center,833,378,NA,NA,South Carolina Upstate,made,Jordan Gainey,NA,FALSE,FALSE,South Carolina Upstate,Campbell,FALSE
401370750,2022-02-05,South Carolina Upstate,Campbell,240,2,2:35,155,155,South Carolina Upstate  Timeout,63,80,-17,1,5.544351917403276e-4,6.486550806700089e-4,1,3,-2.5,137.5,"c(""Anthony Franklin"", "" JP Primm"", "" Connor Penn"")","Spartanburg, SC",G.B. Hodge Center,833,378,NA,NA,NA,NA,NA,NA,NA,NA,Campbell,Campbell,FALSE
401370750,2022-02-05,South Carolina Upstate,Campbell,241,2,2:03,123,123,Ricky Clemons missed Layup.,63,80,-17,32,1.227720021369389e-4,1.4184471529820036e-4,1,3,-2.5,137.5,"c(""Anthony Franklin"", "" JP Primm"", "" Connor Penn"")","Spartanburg, SC",G.B. Hodge Center,833,378,NA,NA,Campbell,missed,Ricky Clemons,NA,FALSE,FALSE,Campbell,South Carolina Upstate,FALSE
401370750,2022-02-05,South Carolina Upstate,Campbell,242,2,2:03,123,123,Josh Aldrich Block.,63,80,-17,0,1.227720021369389e-4,1.4184471529820036e-4,1,3,-2.5,137.5,"c(""Anthony Franklin"", "" JP Primm"", "" Connor Penn"")","Spartanburg, SC",G.B. Hodge Center,833,378,NA,NA,NA,NA,NA,NA,NA,NA,Campbell,South Carolina Upstate,FALSE
401370750,2022-02-05,South Carolina Upstate,Campbell,243,2,2:01,121,121,South Carolina Upstate Defensive Rebound.,63,80,-17,2,1.0985614750853182e-4,1.2681811227467204e-4,1,3,-2.5,137.5,"c(""Anthony Franklin"", "" JP Primm"", "" Connor Penn"")","Spartanburg, SC",G.B. Hodge Center,833,378,NA,NA,NA,NA,NA,NA,NA,NA,Campbell,South Carolina Upstate,FALSE
401370750,2022-02-05,South Carolina Upstate,Campbell,244,2,1:49,109,109,Bryson Mozone made Three Point Jumper. Assisted by Dalvin White.,66,80,-14,12,2.9604882325481375e-4,3.400319227428982e-4,1,3,-2.5,137.5,"c(""Anthony Franklin"", "" JP Primm"", "" Connor Penn"")","Spartanburg, SC",G.B. Hodge Center,833,378,NA,NA,South Carolina Upstate,made,Bryson Mozone,Dalvin White,TRUE,FALSE,South Carolina Upstate,Campbell,FALSE
401370750,2022-02-05,South Carolina Upstate,Campbell,245,2,1:12,72,72,Jordan Whitfield missed Three Point Jumper.,66,80,-14,37,3.027491636536924e-5,3.4203230124733964e-5,1,3,-2.5,137.5,"c(""Anthony Franklin"", "" JP Primm"", "" Connor Penn"")","Spartanburg, SC",G.B. Hodge Center,833,378,NA,NA,Campbell,missed,Jordan Whitfield,NA,TRUE,FALSE,Campbell,South Carolina Upstate,FALSE
401370750,2022-02-05,South Carolina Upstate,Campbell,246,2,1:09,69,69,Bryson Mozone Defensive Rebound.,66,80,-14,3,2.449577951204924e-5,2.763529248473726e-5,1,3,-2.5,137.5,"c(""Anthony Franklin"", "" JP Primm"", "" Connor Penn"")","Spartanburg, SC",G.B. Hodge Center,833,378,NA,NA,NA,NA,NA,NA,NA,NA,Campbell,South Carolina Upstate,FALSE
401370750,2022-02-05,South Carolina Upstate,Campbell,247,2,1:03,63,63,Bryson Mozone made Jumper.,68,80,-12,6,7.575166784011557e-5,8.521736941467372e-5,1,3,-2.5,137.5,"c(""Anthony Franklin"", "" JP Primm"", "" Connor Penn"")","Spartanburg, SC",G.B. Hodge Center,833,378,NA,NA,South Carolina Upstate,made,Bryson Mozone,NA,FALSE,FALSE,South Carolina Upstate,Campbell,FALSE
401370750,2022-02-05,South Carolina Upstate,Campbell,248,2,0:36,36,36,Foul on Cedric Henderson Jr..,68,80,-12,27,1.2205511928766597e-5,1.354982794162875e-5,1,3,-2.5,137.5,"c(""Anthony Franklin"", "" JP Primm"", "" Connor Penn"")","Spartanburg, SC",G.B. Hodge Center,833,378,NA,NA,NA,NA,NA,NA,NA,NA,South Carolina Upstate,South Carolina Upstate,FALSE
401370750,2022-02-05,South Carolina Upstate,Campbell,249,2,0:36,36,36,Cedric Henderson Jr. Turnover.,68,80,-12,0,1.2205511928766597e-5,1.354982794162875e-5,1,3,-2.5,137.5,"c(""Anthony Franklin"", "" JP Primm"", "" Connor Penn"")","Spartanburg, SC",G.B. Hodge Center,833,378,NA,NA,NA,NA,NA,NA,NA,NA,Campbell,South Carolina Upstate,FALSE
401370750,2022-02-05,South Carolina Upstate,Campbell,250,2,0:29,29,29,Dalvin White made Three Point Jumper.,71,80,-9,7,1.363844625416993e-4,1.5086357327485407e-4,1,3,-2.5,137.5,"c(""Anthony Franklin"", "" JP Primm"", "" Connor Penn"")","Spartanburg, SC",G.B. Hodge Center,833,378,NA,NA,South Carolina Upstate,made,Dalvin White,NA,TRUE,FALSE,South Carolina Upstate,Campbell,FALSE
401370750,2022-02-05,South Carolina Upstate,Campbell,251,2,0:24,24,24,Foul on Jordan Gainey.,71,80,-9,5,1.0264424911675828e-4,1.132489680034181e-4,1,3,-2.5,137.5,"c(""Anthony Franklin"", "" JP Primm"", "" Connor Penn"")","Spartanburg, SC",G.B. Hodge Center,833,378,NA,NA,NA,NA,NA,NA,NA,NA,Campbell,Campbell,FALSE
401370750,2022-02-05,South Carolina Upstate,Campbell,252,2,0:00,0,0,End of 2nd half,71,80,-9,24,0,0,1,3,-2.5,137.5,"c(""Anthony Franklin"", "" JP Primm"", "" Connor Penn"")","Spartanburg, SC",G.B. Hodge Center,833,378,NA,NA,NA,NA,NA,NA,NA,NA,Campbell,NA,FALSE
401370750,2022-02-05,South Carolina Upstate,Campbell,253,2,0:00,0,0,End of Game,71,80,-9,0,0,0,1,3,-2.5,137.5,"c(""Anthony Franklin"", "" JP Primm"", "" Connor Penn"")","Spartanburg, SC",G.B. Hodge Center,833,378,NA,NA,NA,NA,NA,NA,NA,NA,Campbell,NA,FALSE
