game_id,date,home,away,play_id,half,time_remaining_half,secs_remaining,secs_remaining_absolute,description,home_score,away_score,score_diff,play_length,win_prob,naive_win_prob,home_time_out_remaining,away_time_out_remaining,home_favored_by,shot_x,shot_y,shot_team,shot_outcome,shooter,assist,three_pt,free_throw,possession_before,possession_after
400991180,2018-02-08,Iona,Monmouth,1,1,20:00:00,2400,2400,PLAY,0,0,0,0,0.7393902247451446,0.5,4,4,6.5,NA,NA,NA,NA,NA,NA,NA,NA,NA,Monmouth
400991180,2018-02-08,Iona,Monmouth,2,1,19:40:00,2380,2380,Louie Pillari missed Jumper.,0,0,0,20,0.7389865840327609,0.5,4,4,6.5,NA,NA,Monmouth,missed,Louie Pillari,NA,FALSE,FALSE,Monmouth,Iona
400991180,2018-02-08,Iona,Monmouth,3,1,19:40:00,2380,2380,Deyshonee Much Defensive Rebound.,0,0,0,0,0.7389865840327609,0.5,4,4,6.5,NA,NA,NA,NA,NA,NA,NA,NA,Monmouth,Iona
400991180,2018-02-08,Iona,Monmouth,4,1,19:17:00,2357,2357,E.J. Crawford missed Three Point Jumper.,0,0,0,23,0.7385098033626463,0.5,4,4,6.5,NA,NA,Iona,missed,E.J. Crawford,NA,TRUE,FALSE,Iona,Monmouth
400991180,2018-02-08,Iona,Monmouth,5,1,19:17:00,2357,2357,Louie Pillari Defensive Rebound.,0,0,0,0,0.7385098033626463,0.5,4,4,6.5,NA,NA,NA,NA,NA,NA,NA,NA,Iona,Monmouth
400991180,2018-02-08,Iona,Monmouth,6,1,19:03:00,2343,2343,Diago Quinn missed Layup.,0,0,0,14,0.7382128069962871,0.5,4,4,6.5,NA,NA,Monmouth,missed,Diago Quinn,NA,FALSE,FALSE,Monmouth,Iona
400991180,2018-02-08,Iona,Monmouth,7,1,19:03:00,2343,2343,Deyshonee Much Defensive Rebound.,0,0,0,0,0.7382128069962871,0.5,4,4,6.5,NA,NA,NA,NA,NA,NA,NA,NA,Monmouth,Iona
400991180,2018-02-08,Iona,Monmouth,8,1,18:56:00,2336,2336,Schadrac Casimir missed Three Point Jumper.,0,0,0,7,0.73806234326519,0.5,4,4,6.5,NA,NA,Iona,missed,Schadrac Casimir,NA,TRUE,FALSE,Iona,Monmouth
400991180,2018-02-08,Iona,Monmouth,9,1,18:56:00,2336,2336,Diago Quinn Defensive Rebound.,0,0,0,0,0.73806234326519,0.5,4,4,6.5,NA,NA,NA,NA,NA,NA,NA,NA,Iona,Monmouth
400991180,2018-02-08,Iona,Monmouth,10,1,18:44:00,2324,2324,Melik Martin made Jumper.,0,2,-2,12,0.7008674752805889,0.4543425759993232,4,4,6.5,NA,NA,Monmouth,made,Melik Martin,NA,FALSE,FALSE,Monmouth,Iona
400991180,2018-02-08,Iona,Monmouth,11,1,18:12:00,2292,2292,E.J. Crawford missed Three Point Jumper.,0,2,-2,32,0.6994919300697624,0.4536345705228979,4,4,6.5,NA,NA,Iona,missed,E.J. Crawford,NA,TRUE,FALSE,Iona,Monmouth
400991180,2018-02-08,Iona,Monmouth,12,1,18:12:00,2292,2292,Louie Pillari Defensive Rebound.,0,2,-2,0,0.6994919300697624,0.4536345705228979,4,4,6.5,NA,NA,NA,NA,NA,NA,NA,NA,Iona,Monmouth
400991180,2018-02-08,Iona,Monmouth,13,1,17:43:00,2263,2263,Austin Tilghman missed Three Point Jumper.,0,2,-2,29,0.6982082433410698,0.45298421201451977,4,4,6.5,NA,NA,Monmouth,missed,Austin Tilghman,NA,TRUE,FALSE,Monmouth,Iona
400991180,2018-02-08,Iona,Monmouth,14,1,17:43:00,2263,2263,Rickey McGill Defensive Rebound.,0,2,-2,0,0.6982082433410698,0.45298421201451977,4,4,6.5,NA,NA,NA,NA,NA,NA,NA,NA,Monmouth,Iona
400991180,2018-02-08,Iona,Monmouth,15,1,17:42:00,2262,2262,Foul on Diago Quinn.,0,2,-2,1,0.6981633485830631,0.452961654138631,4,4,6.5,NA,NA,NA,NA,NA,NA,NA,NA,Iona,Iona
400991180,2018-02-08,Iona,Monmouth,16,1,17:18:00,2238,2238,Deyshonee Much missed Three Point Jumper.,0,2,-2,24,0.6970732705320509,0.45241791455597086,4,4,6.5,NA,NA,Iona,missed,Deyshonee Much,NA,TRUE,FALSE,Iona,Iona
400991180,2018-02-08,Iona,Monmouth,17,1,17:18:00,2238,2238,Schadrac Casimir Offensive Rebound.,0,2,-2,0,0.6970732705320509,0.45241791455597086,4,4,6.5,NA,NA,NA,NA,NA,NA,NA,NA,Iona,Iona
400991180,2018-02-08,Iona,Monmouth,18,1,17:01:00,2221,2221,Schadrac Casimir missed Jumper.,0,2,-2,17,0.6962864812624927,0.4520302914446713,4,4,6.5,NA,NA,Iona,missed,Schadrac Casimir,NA,FALSE,FALSE,Iona,Monmouth
400991180,2018-02-08,Iona,Monmouth,19,1,17:01:00,2221,2221,Marcus McClary Defensive Rebound.,0,2,-2,0,0.6962864812624927,0.4520302914446713,4,4,6.5,NA,NA,NA,NA,NA,NA,NA,NA,Iona,Monmouth
400991180,2018-02-08,Iona,Monmouth,20,1,16:49:00,2209,2209,Louie Pillari missed Three Point Jumper.,0,2,-2,12,0.6957237799085645,0.4517556012186242,4,4,6.5,NA,NA,Monmouth,missed,Louie Pillari,NA,TRUE,FALSE,Monmouth,Iona
400991180,2018-02-08,Iona,Monmouth,21,1,16:49:00,2209,2209,E.J. Crawford Defensive Rebound.,0,2,-2,0,0.6957237799085645,0.4517556012186242,4,4,6.5,NA,NA,NA,NA,NA,NA,NA,NA,Monmouth,Iona
400991180,2018-02-08,Iona,Monmouth,22,1,16:40:00,2200,2200,Rickey McGill made Jumper.,2,2,0,9,0.7348594150098597,0.5,4,4,6.5,NA,NA,Iona,made,Rickey McGill,NA,FALSE,FALSE,Iona,Monmouth
400991180,2018-02-08,Iona,Monmouth,23,1,16:32:00,2192,2192,Louie Pillari Turnover.,2,2,0,8,0.734653311786684,0.5,4,4,6.5,NA,NA,NA,NA,NA,NA,NA,NA,Monmouth,Iona
400991180,2018-02-08,Iona,Monmouth,24,1,16:05:00,2165,2165,E.J. Crawford made Three Point Jumper. Assisted by Deyshonee Much.,5,2,3,27,0.787717945958917,0.5735885940979953,4,4,6.5,NA,NA,Iona,made,E.J. Crawford,Deyshonee Much,TRUE,FALSE,Iona,Monmouth
400991180,2018-02-08,Iona,Monmouth,25,1,15:49:00,2149,2149,Melik Martin missed Layup.,5,2,3,16,0.7877237725737639,0.5741384937579233,4,4,6.5,NA,NA,Monmouth,missed,Melik Martin,NA,FALSE,FALSE,Monmouth,Monmouth
400991180,2018-02-08,Iona,Monmouth,26,1,15:49:00,2149,2149,Monmouth Offensive Rebound.,5,2,3,0,0.7877237725737639,0.5741384937579233,4,4,6.5,NA,NA,NA,NA,NA,NA,NA,NA,Monmouth,Monmouth
400991180,2018-02-08,Iona,Monmouth,27,1,15:47:00,2147,2147,Official TV Timeout,5,2,3,2,0.7877241913507791,0.5742074310523222,4,4,6.5,NA,NA,NA,NA,NA,NA,NA,NA,Monmouth,Monmouth
400991180,2018-02-08,Iona,Monmouth,28,1,15:31:00,2131,2131,Louie Pillari made Three Point Jumper. Assisted by Melik Martin.,5,5,0,16,0.7330135059861563,0.5,4,4,6.5,NA,NA,Monmouth,made,Louie Pillari,Melik Martin,TRUE,FALSE,Monmouth,Iona
400991180,2018-02-08,Iona,Monmouth,29,1,15:09:00,2109,2109,Roland Griffin made Jumper.,7,5,2,22,0.7702560393684801,0.5505657434540481,4,4,6.5,NA,NA,Iona,made,Roland Griffin,NA,FALSE,FALSE,Iona,Monmouth
400991180,2018-02-08,Iona,Monmouth,30,1,14:54:00,2094,2094,Marcus McClary made Layup. Assisted by Melik Martin.,7,7,0,15,0.7319624621012,0.5,4,4,6.5,NA,NA,Monmouth,made,Marcus McClary,Melik Martin,FALSE,FALSE,Monmouth,Iona
400991180,2018-02-08,Iona,Monmouth,31,1,14:41:00,2081,2081,Deyshonee Much made Three Point Jumper. Assisted by Zach Lewis.,10,7,3,13,0.787703027940443,0.576510362827849,4,4,6.5,NA,NA,Iona,made,Deyshonee Much,Zach Lewis,TRUE,FALSE,Iona,Monmouth
400991180,2018-02-08,Iona,Monmouth,32,1,14:15:00,2055,2055,Marcus McClary made Layup.,10,9,1,26,0.750788108060115,0.5259973585649578,4,4,6.5,NA,NA,Monmouth,made,Marcus McClary,NA,FALSE,FALSE,Monmouth,Iona
400991180,2018-02-08,Iona,Monmouth,33,1,14:07:00,2047,2047,Deyshonee Much missed Three Point Jumper.,10,9,1,8,0.7506312814122665,0.5260949240343042,4,4,6.5,NA,NA,Iona,missed,Deyshonee Much,NA,TRUE,FALSE,Iona,Monmouth
400991180,2018-02-08,Iona,Monmouth,34,1,14:07:00,2047,2047,Louie Pillari Defensive Rebound.,10,9,1,0,0.7506312814122665,0.5260949240343042,4,4,6.5,NA,NA,NA,NA,NA,NA,NA,NA,Iona,Monmouth
400991180,2018-02-08,Iona,Monmouth,35,1,13:47:00,2027,2027,Austin Tilghman made Jumper. Assisted by Melik Martin.,10,11,-1,20,0.7086706363799922,0.47365951674357903,4,4,6.5,NA,NA,Monmouth,made,Austin Tilghman,Melik Martin,FALSE,FALSE,Monmouth,Iona
400991180,2018-02-08,Iona,Monmouth,36,1,13:30:00,2010,2010,E.J. Crawford missed Jumper.,10,11,-1,17,0.7079409474977009,0.4734488627503662,4,4,6.5,NA,NA,Iona,missed,E.J. Crawford,NA,FALSE,FALSE,Iona,Monmouth
400991180,2018-02-08,Iona,Monmouth,37,1,13:30:00,2010,2010,Diago Quinn Block.,10,11,-1,0,0.7079409474977009,0.4734488627503662,4,4,6.5,NA,NA,NA,NA,NA,NA,NA,NA,Iona,Monmouth
400991180,2018-02-08,Iona,Monmouth,38,1,13:28:00,2008,2008,Louie Pillari Defensive Rebound.,10,11,-1,2,0.707854411545221,0.47342395920485375,4,4,6.5,NA,NA,NA,NA,NA,NA,NA,NA,Iona,Monmouth
400991180,2018-02-08,Iona,Monmouth,39,1,13:25:00,2005,2005,Melik Martin made Layup. Assisted by Austin Tilghman.,10,13,-3,3,0.6617826146855754,0.4207577711850122,4,4,6.5,NA,NA,Monmouth,made,Melik Martin,Austin Tilghman,FALSE,FALSE,Monmouth,Iona
400991180,2018-02-08,Iona,Monmouth,40,1,13:00:00,1980,1980,E.J. Crawford Turnover.,10,13,-3,25,0.660031153670174,0.4198369910785792,4,4,6.5,NA,NA,NA,NA,NA,NA,NA,NA,Iona,Monmouth
400991180,2018-02-08,Iona,Monmouth,41,1,13:00:00,1980,1980,Foul on E.J. Crawford.,10,13,-3,0,0.660031153670174,0.4198369910785792,4,4,6.5,NA,NA,NA,NA,NA,NA,NA,NA,Iona,Monmouth
400991180,2018-02-08,Iona,Monmouth,42,1,12:49:00,1969,1969,Louie Pillari missed Three Point Jumper.,10,13,-3,11,0.6592497337736385,0.41942801780387895,4,4,6.5,NA,NA,Monmouth,missed,Louie Pillari,NA,TRUE,FALSE,Monmouth,Iona
400991180,2018-02-08,Iona,Monmouth,43,1,12:49:00,1969,1969,Zach Lewis Defensive Rebound.,10,13,-3,0,0.6592497337736385,0.41942801780387895,4,4,6.5,NA,NA,NA,NA,NA,NA,NA,NA,Monmouth,Iona
400991180,2018-02-08,Iona,Monmouth,44,1,12:40:00,1960,1960,Foul on Zac Tillman.,10,13,-3,9,0.6586054548478233,0.419091597319061,4,4,6.5,NA,NA,NA,NA,NA,NA,NA,NA,Iona,Iona
400991180,2018-02-08,Iona,Monmouth,45,1,12:17:00,1937,1937,Schadrac Casimir missed Three Point Jumper.,10,13,-3,23,0.656938640199032,0.4182242180160155,4,4,6.5,NA,NA,Iona,missed,Schadrac Casimir,NA,TRUE,FALSE,Iona,Iona
400991180,2018-02-08,Iona,Monmouth,46,1,12:17:00,1937,1937,Jan Svandrlik Offensive Rebound.,10,13,-3,0,0.656938640199032,0.4182242180160155,4,4,6.5,NA,NA,NA,NA,NA,NA,NA,NA,Iona,Iona
400991180,2018-02-08,Iona,Monmouth,47,1,12:16:00,1936,1936,Foul on Louie Pillari.,10,13,-3,1,0.6568655036492852,0.4181862504697596,4,4,6.5,NA,NA,NA,NA,NA,NA,NA,NA,Iona,Iona
400991180,2018-02-08,Iona,Monmouth,48,1,11:58:00,1918,1918,TK Edogi missed Jumper.,10,13,-3,18,0.6555404564849435,0.4175012317318061,4,4,6.5,NA,NA,Iona,missed,TK Edogi,NA,FALSE,FALSE,Iona,Monmouth
400991180,2018-02-08,Iona,Monmouth,49,1,11:58:00,1918,1918,Melik Martin Defensive Rebound.,10,13,-3,0,0.6555404564849435,0.4175012317318061,4,4,6.5,NA,NA,NA,NA,NA,NA,NA,NA,Iona,Monmouth
400991180,2018-02-08,Iona,Monmouth,50,1,11:25:00,1885,1885,Austin Tilghman missed Jumper.,10,13,-3,33,0.6530736636181084,0.4162483500469039,4,4,6.5,NA,NA,Monmouth,missed,Austin Tilghman,NA,FALSE,FALSE,Monmouth,Iona
400991180,2018-02-08,Iona,Monmouth,51,1,11:25:00,1885,1885,Iona Defensive Rebound.,10,13,-3,0,0.6530736636181084,0.4162483500469039,4,4,6.5,NA,NA,NA,NA,NA,NA,NA,NA,Monmouth,Iona
400991180,2018-02-08,Iona,Monmouth,52,1,11:23:00,1883,1883,Official TV Timeout,10,13,-3,2,0.6529225461136355,0.41617244411751314,4,4,6.5,NA,NA,NA,NA,NA,NA,NA,NA,Iona,Iona
400991180,2018-02-08,Iona,Monmouth,53,1,10:57:00,1857,1857,Zach Lewis Turnover.,10,13,-3,26,0.6509403462687573,0.4151842634937579,4,4,6.5,NA,NA,NA,NA,NA,NA,NA,NA,Iona,Monmouth
400991180,2018-02-08,Iona,Monmouth,54,1,10:52:00,1852,1852,Deion Hammond made Layup. Assisted by Melik Martin.,10,15,-5,5,0.5969023892080381,0.3607143046358228,4,4,6.5,NA,NA,Monmouth,made,Deion Hammond,Melik Martin,FALSE,FALSE,Monmouth,Iona
400991180,2018-02-08,Iona,Monmouth,55,1,10:44:00,1844,1844,TK Edogi made Layup. Assisted by Rickey McGill.,12,15,-3,8,0.6499365256579525,0.41468841227594394,4,4,6.5,NA,NA,Iona,made,TK Edogi,Rickey McGill,FALSE,FALSE,Iona,Monmouth
400991180,2018-02-08,Iona,Monmouth,56,1,10:35:00,1835,1835,Ray Salnave missed Layup.,12,15,-3,9,0.6492364153738652,0.4143440852671358,4,4,6.5,NA,NA,Monmouth,missed,Ray Salnave,NA,FALSE,FALSE,Monmouth,Iona
400991180,2018-02-08,Iona,Monmouth,57,1,10:35:00,1835,1835,Rickey McGill Block.,12,15,-3,0,0.6492364153738652,0.4143440852671358,4,4,6.5,NA,NA,NA,NA,NA,NA,NA,NA,Monmouth,Iona
400991180,2018-02-08,Iona,Monmouth,58,1,10:31:00,1831,1831,Rickey McGill Defensive Rebound.,12,15,-3,4,0.6489238736343507,0.4141907256805037,4,4,6.5,NA,NA,NA,NA,NA,NA,NA,NA,Monmouth,Iona
400991180,2018-02-08,Iona,Monmouth,59,1,10:24:00,1824,1824,Rickey McGill Turnover.,12,15,-3,7,0.648374848782392,0.41392180679703694,4,4,6.5,NA,NA,NA,NA,NA,NA,NA,NA,Iona,Monmouth
400991180,2018-02-08,Iona,Monmouth,60,1,10:15:00,1815,1815,Melik Martin made Layup. Assisted by Zac Tillman.,12,17,-5,9,0.5929048831704585,0.35847015997633075,4,4,6.5,NA,NA,Monmouth,made,Melik Martin,Zac Tillman,FALSE,FALSE,Monmouth,Iona
400991180,2018-02-08,Iona,Monmouth,61,1,10:15:00,1815,1815,Foul on C.J. Seaforth.,12,17,-5,0,0.5929048831704585,0.35847015997633075,4,4,6.5,NA,NA,NA,NA,NA,NA,NA,NA,Monmouth,Monmouth
400991180,2018-02-08,Iona,Monmouth,62,1,10:15:00,1815,1815,Melik Martin missed Free Throw.,12,17,-5,0,0.5929048831704585,0.35847015997633075,4,4,6.5,NA,NA,Monmouth,missed,Melik Martin,NA,FALSE,TRUE,Monmouth,Iona
400991180,2018-02-08,Iona,Monmouth,63,1,10:15:00,1815,1815,TK Edogi Defensive Rebound.,12,17,-5,0,0.5929048831704585,0.35847015997633075,4,4,6.5,NA,NA,NA,NA,NA,NA,NA,NA,Monmouth,Iona
400991180,2018-02-08,Iona,Monmouth,64,1,09:48:00,1788,1788,Deyshonee Much missed Three Point Jumper.,12,17,-5,27,0.5899264867800381,0.356812322248681,4,4,6.5,NA,NA,Iona,missed,Deyshonee Much,NA,TRUE,FALSE,Iona,Iona
400991180,2018-02-08,Iona,Monmouth,65,1,09:48:00,1788,1788,Iona Offensive Rebound.,12,17,-5,0,0.5899264867800381,0.356812322248681,4,4,6.5,NA,NA,NA,NA,NA,NA,NA,NA,Iona,Iona
400991180,2018-02-08,Iona,Monmouth,66,1,09:34:00,1774,1774,C.J. Seaforth missed Three Point Jumper.,12,17,-5,14,0.5883597325768714,0.35594338047237967,4,4,6.5,NA,NA,Iona,missed,C.J. Seaforth,NA,TRUE,FALSE,Iona,Monmouth
400991180,2018-02-08,Iona,Monmouth,67,1,09:34:00,1774,1774,Austin Tilghman Defensive Rebound.,12,17,-5,0,0.5883597325768714,0.35594338047237967,4,4,6.5,NA,NA,NA,NA,NA,NA,NA,NA,Iona,Monmouth
400991180,2018-02-08,Iona,Monmouth,68,1,09:28:00,1768,1768,Deion Hammond missed Layup.,12,17,-5,6,0.5876833254563293,0.35556870201490004,4,4,6.5,NA,NA,Monmouth,missed,Deion Hammond,NA,FALSE,FALSE,Monmouth,Iona
400991180,2018-02-08,Iona,Monmouth,69,1,09:28:00,1768,1768,TK Edogi Defensive Rebound.,12,17,-5,0,0.5876833254563293,0.35556870201490004,4,4,6.5,NA,NA,NA,NA,NA,NA,NA,NA,Monmouth,Iona
400991180,2018-02-08,Iona,Monmouth,70,1,09:20:00,1760,1760,Jan Svandrlik missed Three Point Jumper.,12,17,-5,8,0.5867766938204294,0.3550668272104158,4,4,6.5,NA,NA,Iona,missed,Jan Svandrlik,NA,TRUE,FALSE,Iona,Monmouth
400991180,2018-02-08,Iona,Monmouth,71,1,09:20:00,1760,1760,Deion Hammond Defensive Rebound.,12,17,-5,0,0.5867766938204294,0.3550668272104158,4,4,6.5,NA,NA,NA,NA,NA,NA,NA,NA,Iona,Monmouth
400991180,2018-02-08,Iona,Monmouth,72,1,08:55:00,1735,1735,Deion Hammond made Three Point Jumper. Assisted by Austin Tilghman.,12,20,-8,25,0.4941416533420064,0.27566932974183916,4,4,6.5,NA,NA,Monmouth,made,Deion Hammond,Austin Tilghman,TRUE,FALSE,Monmouth,Iona
400991180,2018-02-08,Iona,Monmouth,73,1,08:26:00,1706,1706,Jan Svandrlik missed Three Point Jumper.,12,20,-8,29,0.48940875659941335,0.27304249306227246,4,4,6.5,NA,NA,Iona,missed,Jan Svandrlik,NA,TRUE,FALSE,Iona,Monmouth
400991180,2018-02-08,Iona,Monmouth,74,1,08:26:00,1706,1706,Deion Hammond Defensive Rebound.,12,20,-8,0,0.48940875659941335,0.27304249306227246,4,4,6.5,NA,NA,NA,NA,NA,NA,NA,NA,Iona,Monmouth
400991180,2018-02-08,Iona,Monmouth,75,1,08:10:00,1690,1690,Deion Hammond made Three Point Jumper. Assisted by Austin Tilghman.,12,23,-11,16,0.39579318017587345,0.20477795113085664,4,4,6.5,NA,NA,Monmouth,made,Deion Hammond,Austin Tilghman,TRUE,FALSE,Monmouth,Iona
400991180,2018-02-08,Iona,Monmouth,76,1,08:09:00,1689,1689,Iona  Timeout,12,23,-11,1,0.39559096251603776,0.20467294526975993,3,4,6.5,NA,NA,NA,NA,NA,NA,NA,NA,Iona,Iona
400991180,2018-02-08,Iona,Monmouth,77,1,08:09:00,1689,1689,Official TV Timeout,12,23,-11,0,0.39559096251603776,0.20467294526975993,3,4,6.5,NA,NA,NA,NA,NA,NA,NA,NA,Iona,Iona
400991180,2018-02-08,Iona,Monmouth,78,1,07:47:00,1667,1667,Schadrac Casimir made Three Point Jumper. Assisted by Rickey McGill.,15,23,-8,22,0.48292482405173687,0.2694727003190388,3,4,6.5,NA,NA,Iona,made,Schadrac Casimir,Rickey McGill,TRUE,FALSE,Iona,Monmouth
400991180,2018-02-08,Iona,Monmouth,79,1,07:25:00,1645,1645,Zac Tillman missed Layup.,15,23,-8,22,0.4793024095505395,0.2675340961917853,3,4,6.5,NA,NA,Monmouth,missed,Zac Tillman,NA,FALSE,FALSE,Monmouth,Iona
400991180,2018-02-08,Iona,Monmouth,80,1,07:25:00,1645,1645,Schadrac Casimir Defensive Rebound.,15,23,-8,0,0.4793024095505395,0.2675340961917853,3,4,6.5,NA,NA,NA,NA,NA,NA,NA,NA,Monmouth,Iona
400991180,2018-02-08,Iona,Monmouth,81,1,07:08:00,1628,1628,Schadrac Casimir missed Three Point Jumper.,15,23,-8,17,0.47651515827035007,0.2660670364871308,3,4,6.5,NA,NA,Iona,missed,Schadrac Casimir,NA,TRUE,FALSE,Iona,Monmouth
400991180,2018-02-08,Iona,Monmouth,82,1,07:08:00,1628,1628,Ray Salnave Defensive Rebound.,15,23,-8,0,0.47651515827035007,0.2660670364871308,3,4,6.5,NA,NA,NA,NA,NA,NA,NA,NA,Iona,Monmouth
400991180,2018-02-08,Iona,Monmouth,83,1,07:03:00,1623,1623,Deion Hammond missed Three Point Jumper.,15,23,-8,5,0.47569596412981313,0.2656392602733592,3,4,6.5,NA,NA,Monmouth,missed,Deion Hammond,NA,TRUE,FALSE,Monmouth,Iona
400991180,2018-02-08,Iona,Monmouth,84,1,07:03:00,1623,1623,E.J. Crawford Defensive Rebound.,15,23,-8,0,0.47569596412981313,0.2656392602733592,3,4,6.5,NA,NA,NA,NA,NA,NA,NA,NA,Monmouth,Iona
400991180,2018-02-08,Iona,Monmouth,85,1,06:54:00,1614,1614,E.J. Crawford missed Three Point Jumper.,15,23,-8,9,0.4742209681046191,0.2648723784672166,3,4,6.5,NA,NA,Iona,missed,E.J. Crawford,NA,TRUE,FALSE,Iona,Monmouth
400991180,2018-02-08,Iona,Monmouth,86,1,06:54:00,1614,1614,Ray Salnave Defensive Rebound.,15,23,-8,0,0.4742209681046191,0.2648723784672166,3,4,6.5,NA,NA,NA,NA,NA,NA,NA,NA,Iona,Monmouth
400991180,2018-02-08,Iona,Monmouth,87,1,06:42:00,1602,1602,Ray Salnave Turnover.,15,23,-8,12,0.4722515419896085,0.2638542103686047,3,4,6.5,NA,NA,NA,NA,NA,NA,NA,NA,Monmouth,Iona
400991180,2018-02-08,Iona,Monmouth,88,1,06:41:00,1601,1601,E.J. Crawford Steal.,15,23,-8,1,0.4720871989100085,0.2637695049282708,3,4,6.5,NA,NA,NA,NA,NA,NA,NA,NA,Monmouth,Iona
400991180,2018-02-08,Iona,Monmouth,89,1,06:34:00,1594,1594,Rickey McGill made Jumper.,17,23,-6,7,0.535189537085599,0.3160161006872726,3,4,6.5,NA,NA,Iona,made,Rickey McGill,NA,FALSE,FALSE,Iona,Monmouth
400991180,2018-02-08,Iona,Monmouth,90,1,06:04:00,1564,1564,Deion Hammond missed Three Point Jumper.,17,23,-6,30,0.5310378358940877,0.31388484534235467,3,4,6.5,NA,NA,Monmouth,missed,Deion Hammond,NA,TRUE,FALSE,Monmouth,Monmouth
400991180,2018-02-08,Iona,Monmouth,91,1,06:04:00,1564,1564,Melik Martin Offensive Rebound.,17,23,-6,0,0.5310378358940877,0.31388484534235467,3,4,6.5,NA,NA,NA,NA,NA,NA,NA,NA,Monmouth,Monmouth
400991180,2018-02-08,Iona,Monmouth,92,1,05:56:00,1556,1556,Foul on Roland Griffin.,17,23,-6,8,0.5299173574823404,0.3133109527354089,3,4,6.5,NA,NA,NA,NA,NA,NA,NA,NA,Monmouth,Monmouth
400991180,2018-02-08,Iona,Monmouth,93,1,05:54:00,1554,1554,Louie Pillari made Three Point Jumper. Assisted by Austin Tilghman.,17,26,-9,2,0.4319269505867287,0.2354061631664591,3,4,6.5,NA,NA,Monmouth,made,Louie Pillari,Austin Tilghman,TRUE,FALSE,Monmouth,Iona
400991180,2018-02-08,Iona,Monmouth,94,1,05:37:00,1537,1537,Rickey McGill Turnover.,17,26,-9,17,0.4288530061855395,0.23385764410511065,3,4,6.5,NA,NA,NA,NA,NA,NA,NA,NA,Iona,Monmouth
400991180,2018-02-08,Iona,Monmouth,95,1,05:37:00,1537,1537,Diago Quinn Steal.,17,26,-9,0,0.4288530061855395,0.23385764410511065,3,4,6.5,NA,NA,NA,NA,NA,NA,NA,NA,Iona,Monmouth
400991180,2018-02-08,Iona,Monmouth,96,1,05:30:00,1530,1530,Louie Pillari missed Three Point Jumper.,17,26,-9,7,0.4275746577913585,0.23321271941956095,3,4,6.5,NA,NA,Monmouth,missed,Louie Pillari,NA,TRUE,FALSE,Monmouth,Monmouth
400991180,2018-02-08,Iona,Monmouth,97,1,05:30:00,1530,1530,Diago Quinn Offensive Rebound.,17,26,-9,0,0.4275746577913585,0.23321271941956095,3,4,6.5,NA,NA,NA,NA,NA,NA,NA,NA,Monmouth,Monmouth
400991180,2018-02-08,Iona,Monmouth,98,1,05:27:00,1527,1527,Diago Quinn made Layup.,17,28,-11,3,0.363813629553377,0.18897860168151345,3,4,6.5,NA,NA,Monmouth,made,Diago Quinn,NA,FALSE,FALSE,Monmouth,Iona
400991180,2018-02-08,Iona,Monmouth,99,1,05:08:00,1508,1508,E.J. Crawford missed Layup.,17,28,-11,19,0.3599697601130624,0.18710945780698388,3,4,6.5,NA,NA,Iona,missed,E.J. Crawford,NA,FALSE,FALSE,Iona,Iona
400991180,2018-02-08,Iona,Monmouth,100,1,05:08:00,1508,1508,E.J. Crawford Offensive Rebound.,17,28,-11,0,0.3599697601130624,0.18710945780698388,3,4,6.5,NA,NA,NA,NA,NA,NA,NA,NA,Iona,Iona
400991180,2018-02-08,Iona,Monmouth,101,1,05:04:00,1504,1504,E.J. Crawford made Layup.,19,28,-9,4,0.42274867872048505,0.23076807995152643,3,4,6.5,NA,NA,Iona,made,E.J. Crawford,NA,FALSE,FALSE,Iona,Monmouth
400991180,2018-02-08,Iona,Monmouth,102,1,04:39:00,1479,1479,Diago Quinn missed Layup.,19,28,-9,25,0.41796978210435726,0.22832429322690623,3,4,6.5,NA,NA,Monmouth,missed,Diago Quinn,NA,FALSE,FALSE,Monmouth,Iona
400991180,2018-02-08,Iona,Monmouth,103,1,04:39:00,1479,1479,Deyshonee Much Block.,19,28,-9,0,0.41796978210435726,0.22832429322690623,3,4,6.5,NA,NA,NA,NA,NA,NA,NA,NA,Monmouth,Iona
400991180,2018-02-08,Iona,Monmouth,104,1,04:37:00,1477,1477,Iona Defensive Rebound.,19,28,-9,2,0.41758072782561406,0.22812408475999452,3,4,6.5,NA,NA,NA,NA,NA,NA,NA,NA,Monmouth,Iona
400991180,2018-02-08,Iona,Monmouth,105,1,04:15:00,1455,1455,Deyshonee Much made Layup.,21,28,-7,22,0.4807821786900459,0.2772677468288447,3,4,6.5,NA,NA,Iona,made,Deyshonee Much,NA,FALSE,FALSE,Iona,Monmouth
400991180,2018-02-08,Iona,Monmouth,106,1,04:00:00,1440,1440,Foul on Schadrac Casimir.,21,28,-7,15,0.47816962859595824,0.2758644089636797,3,4,6.5,NA,NA,NA,NA,NA,NA,NA,NA,Monmouth,Monmouth
400991180,2018-02-08,Iona,Monmouth,107,1,04:00:00,1440,1440,Official TV Timeout,21,28,-7,0,0.47816962859595824,0.2758644089636797,3,4,6.5,NA,NA,NA,NA,NA,NA,NA,NA,Monmouth,Monmouth
400991180,2018-02-08,Iona,Monmouth,108,1,03:38:00,1418,1418,Louie Pillari made Jumper.,21,30,-9,22,0.4058739651150659,0.2220784880557224,3,4,6.5,NA,NA,Monmouth,made,Louie Pillari,NA,FALSE,FALSE,Monmouth,Iona
400991180,2018-02-08,Iona,Monmouth,109,1,03:17:00,1397,1397,Foul on Marcus McClary.,21,30,-9,21,0.401824682182901,0.22004279332800428,3,4,6.5,NA,NA,NA,NA,NA,NA,NA,NA,Iona,Iona
400991180,2018-02-08,Iona,Monmouth,110,1,03:06:00,1386,1386,Deyshonee Much missed Three Point Jumper.,21,30,-9,11,0.3997247898006865,0.2189980989142704,3,4,6.5,NA,NA,Iona,missed,Deyshonee Much,NA,TRUE,FALSE,Iona,Monmouth
400991180,2018-02-08,Iona,Monmouth,111,1,03:06:00,1386,1386,Louie Pillari Defensive Rebound.,21,30,-9,0,0.3997247898006865,0.2189980989142704,3,4,6.5,NA,NA,NA,NA,NA,NA,NA,NA,Iona,Monmouth
400991180,2018-02-08,Iona,Monmouth,112,1,02:45:00,1365,1365,Diago Quinn made Jumper.,21,32,-11,21,0.3299513994710604,0.17247207650887103,3,4,6.5,NA,NA,Monmouth,made,Diago Quinn,NA,FALSE,FALSE,Monmouth,Iona
400991180,2018-02-08,Iona,Monmouth,113,1,02:33:00,1353,1353,Foul on Diago Quinn.,21,32,-11,12,0.32751894231561796,0.17132126411272794,3,4,6.5,NA,NA,NA,NA,NA,NA,NA,NA,Iona,Iona
400991180,2018-02-08,Iona,Monmouth,114,1,02:20:00,1340,1340,Roland Griffin missed Jumper.,21,32,-11,13,0.3248772684855907,0.17007291279215092,3,4,6.5,NA,NA,Iona,missed,Roland Griffin,NA,FALSE,FALSE,Iona,Monmouth
400991180,2018-02-08,Iona,Monmouth,115,1,02:20:00,1340,1340,Pierre Sarr Defensive Rebound.,21,32,-11,0,0.3248772684855907,0.17007291279215092,3,4,6.5,NA,NA,NA,NA,NA,NA,NA,NA,Iona,Monmouth
400991180,2018-02-08,Iona,Monmouth,116,1,02:07:00,1327,1327,Austin Tilghman made Jumper. Assisted by Marcus McClary.,21,34,-13,13,0.26242256523297447,0.13194573823523256,3,4,6.5,NA,NA,Monmouth,made,Austin Tilghman,Marcus McClary,FALSE,FALSE,Monmouth,Iona
400991180,2018-02-08,Iona,Monmouth,117,1,02:05:00,1325,1325,Iona  Timeout,21,34,-13,2,0.2620097207853145,0.1317582129955942,2,4,6.5,NA,NA,NA,NA,NA,NA,NA,NA,Iona,Iona
400991180,2018-02-08,Iona,Monmouth,118,1,01:56:00,1316,1316,Zach Lewis Turnover.,21,34,-13,9,0.26014499595239177,0.13091035065523057,2,4,6.5,NA,NA,NA,NA,NA,NA,NA,NA,Iona,Monmouth
400991180,2018-02-08,Iona,Monmouth,119,1,01:56:00,1316,1316,Louie Pillari Steal.,21,34,-13,0,0.26014499595239177,0.13091035065523057,2,4,6.5,NA,NA,NA,NA,NA,NA,NA,NA,Iona,Monmouth
400991180,2018-02-08,Iona,Monmouth,120,1,01:54:00,1314,1314,Foul on Zach Lewis.,21,34,-13,2,0.2597288708797679,0.13072092064372978,2,4,6.5,NA,NA,NA,NA,NA,NA,NA,NA,Monmouth,Monmouth
400991180,2018-02-08,Iona,Monmouth,121,1,01:54:00,1314,1314,Louie Pillari made Free Throw.,21,35,-14,0,0.23270198812923035,0.11503232158261732,2,4,6.5,NA,NA,Monmouth,made,Louie Pillari,NA,FALSE,TRUE,Monmouth,Monmouth
400991180,2018-02-08,Iona,Monmouth,122,1,01:54:00,1314,1314,Louie Pillari made Free Throw.,21,36,-15,0,0.20769840312247395,0.10100781933931084,2,4,6.5,NA,NA,Monmouth,made,Louie Pillari,NA,FALSE,TRUE,Monmouth,Iona
400991180,2018-02-08,Iona,Monmouth,123,1,01:31:00,1291,1291,Deyshonee Much missed Three Point Jumper.,21,36,-15,23,0.20306855021386008,0.09897049455321108,2,4,6.5,NA,NA,Iona,missed,Deyshonee Much,NA,TRUE,FALSE,Iona,Monmouth
400991180,2018-02-08,Iona,Monmouth,124,1,01:31:00,1291,1291,Louie Pillari Defensive Rebound.,21,36,-15,0,0.20306855021386008,0.09897049455321108,2,4,6.5,NA,NA,NA,NA,NA,NA,NA,NA,Iona,Monmouth
400991180,2018-02-08,Iona,Monmouth,125,1,01:20:00,1280,1280,Marcus McClary made Layup.,21,38,-17,11,0.15746577078680143,0.07474747427962804,2,4,6.5,NA,NA,Monmouth,made,Marcus McClary,NA,FALSE,FALSE,Monmouth,Iona
400991180,2018-02-08,Iona,Monmouth,126,1,01:10:00,1270,1270,Schadrac Casimir missed Three Point Jumper.,21,38,-17,10,0.1555656002925919,0.073928910479882,2,4,6.5,NA,NA,Iona,missed,Schadrac Casimir,NA,TRUE,FALSE,Iona,Iona
400991180,2018-02-08,Iona,Monmouth,127,1,01:10:00,1270,1270,Iona Offensive Rebound.,21,38,-17,0,0.1555656002925919,0.073928910479882,2,4,6.5,NA,NA,NA,NA,NA,NA,NA,NA,Iona,Iona
400991180,2018-02-08,Iona,Monmouth,128,1,00:42:00,1242,1242,Foul on Zac Tillman.,21,38,-17,28,0.15010482432189562,0.0715554098910582,2,4,6.5,NA,NA,NA,NA,NA,NA,NA,NA,Iona,Iona
400991180,2018-02-08,Iona,Monmouth,129,1,00:42:00,1242,1242,Roland Griffin missed Free Throw.,21,38,-17,0,0.15010482432189562,0.0715554098910582,2,4,6.5,NA,NA,Iona,missed,Roland Griffin,NA,FALSE,TRUE,Iona,Iona
400991180,2018-02-08,Iona,Monmouth,130,1,00:42:00,1242,1242,Iona Deadball Team Rebound.,21,38,-17,0,0.15010482432189562,0.0715554098910582,2,4,6.5,NA,NA,NA,NA,NA,NA,NA,NA,Iona,Iona
400991180,2018-02-08,Iona,Monmouth,131,1,00:42:00,1242,1242,Roland Griffin made Free Throw.,22,38,-16,0,0.1703693090033479,0.08224169850380897,2,4,6.5,NA,NA,Iona,made,Roland Griffin,NA,FALSE,TRUE,Iona,Monmouth
400991180,2018-02-08,Iona,Monmouth,132,1,00:36:00,1236,1236,Zac Tillman made Layup. Assisted by Louie Pillari.,22,40,-18,6,0.13073670937182805,0.06167454684275585,2,4,6.5,NA,NA,Monmouth,made,Zac Tillman,Louie Pillari,FALSE,FALSE,Monmouth,Iona
400991180,2018-02-08,Iona,Monmouth,133,1,00:07:00,1207,1207,Roland Griffin missed Layup.,22,40,-18,29,0.12511550569295635,0.05922142840571939,2,4,6.5,NA,NA,Iona,missed,Roland Griffin,NA,FALSE,FALSE,Iona,Monmouth
400991180,2018-02-08,Iona,Monmouth,134,1,00:07:00,1207,1207,Zac Tillman Block.,22,40,-18,0,0.12511550569295635,0.05922142840571939,2,4,6.5,NA,NA,NA,NA,NA,NA,NA,NA,Iona,Monmouth
400991180,2018-02-08,Iona,Monmouth,135,1,00:05:00,1205,1205,Pierre Sarr Defensive Rebound.,22,40,-18,2,0.1247251052263162,0.05905018360671501,2,4,6.5,NA,NA,NA,NA,NA,NA,NA,NA,Iona,Monmouth
400991180,2018-02-08,Iona,Monmouth,136,1,00:02:00,1202,1202,Foul on Rickey McGill.,22,40,-18,3,0.12414422790737135,0.05879553631005698,2,4,6.5,NA,NA,NA,NA,NA,NA,NA,NA,Monmouth,Monmouth
400991180,2018-02-08,Iona,Monmouth,137,1,00:02:00,1202,1202,Ray Salnave missed Free Throw.,22,40,-18,0,0.12414422790737135,0.05879553631005698,2,4,6.5,NA,NA,Monmouth,missed,Ray Salnave,NA,FALSE,TRUE,Monmouth,Monmouth
400991180,2018-02-08,Iona,Monmouth,138,1,00:02:00,1202,1202,Monmouth Deadball Team Rebound.,22,40,-18,0,0.12414422790737135,0.05879553631005698,2,4,6.5,NA,NA,NA,NA,NA,NA,NA,NA,Monmouth,Monmouth
400991180,2018-02-08,Iona,Monmouth,139,1,00:02:00,1202,1202,Ray Salnave made Free Throw.,22,41,-19,0,0.10833925082510625,0.05082739105804515,2,4,6.5,NA,NA,Monmouth,made,Ray Salnave,NA,FALSE,TRUE,Monmouth,Iona
400991180,2018-02-08,Iona,Monmouth,140,1,00:00:00,1200,1200,Foul on Sam Ibiezugbe.,22,41,-19,2,0.10798164436080178,0.05067250755588092,2,4,6.5,NA,NA,NA,NA,NA,NA,NA,NA,Iona,Iona
400991180,2018-02-08,Iona,Monmouth,141,1,00:00:00,1200,1200,Rickey McGill made Free Throw.,23,41,-18,0,0.12376004115137584,0.05862720964835187,2,4,6.5,NA,NA,Iona,made,Rickey McGill,NA,FALSE,TRUE,Iona,Iona
400991180,2018-02-08,Iona,Monmouth,142,1,00:00:00,1200,1200,Rickey McGill made Free Throw.,24,41,-17,0,0.14147832247749514,0.06774155401675269,2,4,6.5,NA,NA,Iona,made,Rickey McGill,NA,FALSE,TRUE,Iona,Iona
400991180,2018-02-08,Iona,Monmouth,144,2,20:00:00,1200,1200,PLAY,22,41,-19,0,0.10798164436080178,0.05067250755588092,3,4,6.5,NA,NA,NA,NA,NA,NA,NA,NA,NA,Iona
400991180,2018-02-08,Iona,Monmouth,146,2,19:43:00,1183,1183,Austin Tilghman Steal.,24,41,-17,1,0.13808856947099055,0.06623980565493187,3,4,6.5,NA,NA,NA,NA,NA,NA,NA,NA,Iona,Monmouth
400991180,2018-02-08,Iona,Monmouth,147,2,19:42:00,1182,1182,Austin Tilghman Turnover.,24,41,-17,1,0.13789390364563275,0.066153723717229,3,4,6.5,NA,NA,NA,NA,NA,NA,NA,NA,Monmouth,Iona
400991180,2018-02-08,Iona,Monmouth,148,2,19:41:00,1181,1181,E.J. Crawford Steal.,24,41,-17,1,0.13769971980787973,0.06606787032356423,3,4,6.5,NA,NA,NA,NA,NA,NA,NA,NA,Monmouth,Iona
400991180,2018-02-08,Iona,Monmouth,149,2,19:38:00,1178,1178,E.J. Crawford made Layup. Assisted by Deyshonee Much.,26,41,-15,3,0.17838679075175065,0.08780161728134882,3,4,6.5,NA,NA,Iona,made,E.J. Crawford,Deyshonee Much,FALSE,FALSE,Iona,Monmouth
400991180,2018-02-08,Iona,Monmouth,150,2,19:38:00,1178,1178,Foul on Diago Quinn.,26,41,-15,0,0.17838679075175065,0.08780161728134882,3,4,6.5,NA,NA,NA,NA,NA,NA,NA,NA,Iona,Monmouth
400991180,2018-02-08,Iona,Monmouth,151,2,19:38:00,1178,1178,E.J. Crawford missed Free Throw.,26,41,-15,0,0.17838679075175065,0.08780161728134882,3,4,6.5,NA,NA,Iona,missed,E.J. Crawford,NA,FALSE,TRUE,Iona,Monmouth
400991180,2018-02-08,Iona,Monmouth,152,2,19:38:00,1178,1178,Diago Quinn Defensive Rebound.,26,41,-15,0,0.17838679075175065,0.08780161728134882,3,4,6.5,NA,NA,NA,NA,NA,NA,NA,NA,Iona,Monmouth
400991180,2018-02-08,Iona,Monmouth,153,2,19:15:00,1155,1155,Louie Pillari missed Layup.,26,41,-15,23,0.17355546649119857,0.08560515976550896,3,4,6.5,NA,NA,Monmouth,missed,Louie Pillari,NA,FALSE,FALSE,Monmouth,Monmouth
400991180,2018-02-08,Iona,Monmouth,154,2,19:15:00,1155,1155,Rickey McGill Block.,26,41,-15,0,0.17355546649119857,0.08560515976550896,3,4,6.5,NA,NA,NA,NA,NA,NA,NA,NA,Monmouth,Monmouth
400991180,2018-02-08,Iona,Monmouth,155,2,19:15:00,1155,1155,Diago Quinn Offensive Rebound.,26,41,-15,0,0.17355546649119857,0.08560515976550896,3,4,6.5,NA,NA,NA,NA,NA,NA,NA,NA,Monmouth,Monmouth
400991180,2018-02-08,Iona,Monmouth,156,2,19:15:00,1155,1155,Foul on TK Edogi.,26,41,-15,0,0.17355546649119857,0.08560515976550896,3,4,6.5,NA,NA,NA,NA,NA,NA,NA,NA,Monmouth,Monmouth
400991180,2018-02-08,Iona,Monmouth,157,2,19:15:00,1155,1155,Diago Quinn missed Free Throw.,26,41,-15,0,0.17355546649119857,0.08560515976550896,3,4,6.5,NA,NA,Monmouth,missed,Diago Quinn,NA,FALSE,TRUE,Monmouth,Monmouth
400991180,2018-02-08,Iona,Monmouth,158,2,19:15:00,1155,1155,Monmouth Deadball Team Rebound.,26,41,-15,0,0.17355546649119857,0.08560515976550896,3,4,6.5,NA,NA,NA,NA,NA,NA,NA,NA,Monmouth,Monmouth
400991180,2018-02-08,Iona,Monmouth,159,2,19:15:00,1155,1155,Diago Quinn missed Free Throw.,26,41,-15,0,0.17355546649119857,0.08560515976550896,3,4,6.5,NA,NA,Monmouth,missed,Diago Quinn,NA,FALSE,TRUE,Monmouth,Monmouth
400991180,2018-02-08,Iona,Monmouth,160,2,19:15:00,1155,1155,E.J. Crawford Defensive Rebound.,26,41,-15,0,0.17355546649119857,0.08560515976550896,3,4,6.5,NA,NA,NA,NA,NA,NA,NA,NA,Monmouth,Monmouth
400991180,2018-02-08,Iona,Monmouth,161,2,19:06:00,1146,1146,E.J. Crawford made Three Point Jumper. Assisted by Deyshonee Much.,29,41,-12,9,0.2501727496210447,0.12972444783948597,3,4,6.5,NA,NA,Iona,made,E.J. Crawford,Deyshonee Much,TRUE,FALSE,Iona,Monmouth
400991180,2018-02-08,Iona,Monmouth,162,2,18:55:00,1135,1135,Louie Pillari missed Three Point Jumper.,29,41,-12,11,0.24771941128415975,0.1285473690145539,3,4,6.5,NA,NA,Monmouth,missed,Louie Pillari,NA,TRUE,FALSE,Monmouth,Iona
400991180,2018-02-08,Iona,Monmouth,163,2,18:55:00,1135,1135,E.J. Crawford Defensive Rebound.,29,41,-12,0,0.24771941128415975,0.1285473690145539,3,4,6.5,NA,NA,NA,NA,NA,NA,NA,NA,Monmouth,Iona
400991180,2018-02-08,Iona,Monmouth,164,2,18:44:00,1124,1124,Rickey McGill missed Three Point Jumper.,29,41,-12,11,0.2452800484829818,0.1273778565822757,3,4,6.5,NA,NA,Iona,missed,Rickey McGill,NA,TRUE,FALSE,Iona,Monmouth
400991180,2018-02-08,Iona,Monmouth,165,2,18:44:00,1124,1124,Marcus McClary Defensive Rebound.,29,41,-12,0,0.2452800484829818,0.1273778565822757,3,4,6.5,NA,NA,NA,NA,NA,NA,NA,NA,Iona,Monmouth
400991180,2018-02-08,Iona,Monmouth,166,2,18:14:00,1094,1094,Louie Pillari made Jumper.,29,43,-14,30,0.1845602598962089,0.0928850188790335,3,4,6.5,NA,NA,Monmouth,made,Louie Pillari,NA,FALSE,FALSE,Monmouth,Iona
400991180,2018-02-08,Iona,Monmouth,167,2,18:14:00,1094,1094,Foul on Rickey McGill.,29,43,-14,0,0.1845602598962089,0.0928850188790335,3,4,6.5,NA,NA,NA,NA,NA,NA,NA,NA,Monmouth,Monmouth
400991180,2018-02-08,Iona,Monmouth,168,2,18:14:00,1094,1094,Louie Pillari made Free Throw.,29,44,-15,0,0.1613076469410454,0.08004867301435517,3,4,6.5,NA,NA,Monmouth,made,Louie Pillari,NA,FALSE,TRUE,Monmouth,Iona
400991180,2018-02-08,Iona,Monmouth,169,2,18:05:00,1085,1085,Schadrac Casimir made Three Point Jumper. Assisted by Rickey McGill.,32,44,-12,9,0.23662173609549583,0.12322205035644763,3,4,6.5,NA,NA,Iona,made,Schadrac Casimir,Rickey McGill,TRUE,FALSE,Iona,Monmouth
400991180,2018-02-08,Iona,Monmouth,170,2,17:40:00,1060,1060,Louie Pillari made Layup.,32,46,-14,25,0.17736832993296547,0.08954816655514353,3,4,6.5,NA,NA,Monmouth,made,Louie Pillari,NA,FALSE,FALSE,Monmouth,Iona
400991180,2018-02-08,Iona,Monmouth,171,2,17:35:00,1055,1055,Rickey McGill Turnover.,32,46,-14,5,0.17629078647587174,0.08904583997220078,3,4,6.5,NA,NA,NA,NA,NA,NA,NA,NA,Iona,Monmouth
400991180,2018-02-08,Iona,Monmouth,172,2,17:24:00,1044,1044,Louie Pillari made Three Point Jumper. Assisted by Melik Martin.,32,49,-17,11,0.11309309674648751,0.0551755391304221,3,4,6.5,NA,NA,Monmouth,made,Louie Pillari,Melik Martin,TRUE,FALSE,Monmouth,Iona
400991180,2018-02-08,Iona,Monmouth,173,2,17:13:00,1033,1033,Rickey McGill made Layup.,34,49,-15,11,0.1488795045128048,0.07435483439528327,3,4,6.5,NA,NA,Iona,made,Rickey McGill,NA,FALSE,FALSE,Iona,Monmouth
400991180,2018-02-08,Iona,Monmouth,174,2,17:01:00,1021,1021,Diago Quinn Turnover.,34,49,-15,12,0.14632242716163643,0.0731708608059509,3,4,6.5,NA,NA,NA,NA,NA,NA,NA,NA,Monmouth,Iona
400991180,2018-02-08,Iona,Monmouth,175,2,17:00:00,1020,1020,Rickey McGill Steal.,34,49,-15,1,0.14610706351981162,0.07307093022277829,3,4,6.5,NA,NA,NA,NA,NA,NA,NA,NA,Monmouth,Iona
400991180,2018-02-08,Iona,Monmouth,176,2,16:57:00,1017,1017,E.J. Crawford made Layup.,36,49,-13,3,0.19288808372586036,0.09925058934670931,3,4,6.5,NA,NA,Iona,made,E.J. Crawford,NA,FALSE,FALSE,Iona,Monmouth
400991180,2018-02-08,Iona,Monmouth,177,2,16:33:00,993,993,Foul on Schadrac Casimir.,36,49,-13,24,0.18697397233237187,0.09639570496186428,3,4,6.5,NA,NA,NA,NA,NA,NA,NA,NA,Monmouth,Monmouth
400991180,2018-02-08,Iona,Monmouth,178,2,16:14:00,974,974,Melik Martin missed Three Point Jumper.,36,49,-13,19,0.18206693913340577,0.09400996114432296,3,4,6.5,NA,NA,Monmouth,missed,Melik Martin,NA,TRUE,FALSE,Monmouth,Monmouth
400991180,2018-02-08,Iona,Monmouth,179,2,16:14:00,974,974,Marcus McClary Offensive Rebound.,36,49,-13,0,0.18206693913340577,0.09400996114432296,3,4,6.5,NA,NA,NA,NA,NA,NA,NA,NA,Monmouth,Monmouth
400991180,2018-02-08,Iona,Monmouth,180,2,15:53:00,953,953,Melik Martin missed Jumper.,36,49,-13,21,0.17672060619516317,0.09140725791674596,3,4,6.5,NA,NA,Monmouth,missed,Melik Martin,NA,FALSE,FALSE,Monmouth,Monmouth
400991180,2018-02-08,Iona,Monmouth,181,2,15:53:00,953,953,Zac Tillman Offensive Rebound.,36,49,-13,0,0.17672060619516317,0.09140725791674596,3,4,6.5,NA,NA,NA,NA,NA,NA,NA,NA,Monmouth,Monmouth
400991180,2018-02-08,Iona,Monmouth,182,2,15:49:00,949,949,Zac Tillman made Two Point Tip Shot.,36,51,-15,4,0.13017684862957885,0.06560432905611038,3,4,6.5,NA,NA,Monmouth,made,Zac Tillman,NA,FALSE,FALSE,Monmouth,Iona
400991180,2018-02-08,Iona,Monmouth,183,2,15:30:00,930,930,Deyshonee Much missed Three Point Jumper.,36,51,-15,19,0.12646982239754337,0.06387158749108128,3,4,6.5,NA,NA,Iona,missed,Deyshonee Much,NA,TRUE,FALSE,Iona,Monmouth
400991180,2018-02-08,Iona,Monmouth,184,2,15:30:00,930,930,Zac Tillman Defensive Rebound.,36,51,-15,0,0.12646982239754337,0.06387158749108128,3,4,6.5,NA,NA,NA,NA,NA,NA,NA,NA,Iona,Monmouth
400991180,2018-02-08,Iona,Monmouth,185,2,15:08:00,908,908,Melik Martin Turnover.,36,51,-15,22,0.12259043550505232,0.06206626350934186,3,4,6.5,NA,NA,NA,NA,NA,NA,NA,NA,Monmouth,Iona
400991180,2018-02-08,Iona,Monmouth,186,2,15:08:00,908,908,Official TV Timeout,36,51,-15,0,0.12259043550505232,0.06206626350934186,3,4,6.5,NA,NA,NA,NA,NA,NA,NA,NA,Monmouth,Iona
400991180,2018-02-08,Iona,Monmouth,187,2,15:00:00,900,900,Foul on Melik Martin.,36,51,-15,8,0.12125731688376803,0.0614470235463423,3,4,6.5,NA,NA,NA,NA,NA,NA,NA,NA,Iona,Iona
400991180,2018-02-08,Iona,Monmouth,188,2,14:50:00,890,890,Gavin Kensmil Turnover.,36,51,-15,10,0.11963064885181549,0.06069164364008593,3,4,6.5,NA,NA,NA,NA,NA,NA,NA,NA,Iona,Monmouth
400991180,2018-02-08,Iona,Monmouth,189,2,14:32:00,872,872,Zac Tillman made Layup. Assisted by Ray Salnave.,36,53,-17,18,0.08380304597823289,0.04183513842339648,3,4,6.5,NA,NA,Monmouth,made,Zac Tillman,Ray Salnave,FALSE,FALSE,Monmouth,Iona
400991180,2018-02-08,Iona,Monmouth,190,2,14:32:00,872,872,Foul on Gavin Kensmil.,36,53,-17,0,0.08380304597823289,0.04183513842339648,3,4,6.5,NA,NA,NA,NA,NA,NA,NA,NA,Monmouth,Monmouth
400991180,2018-02-08,Iona,Monmouth,191,2,14:32:00,872,872,Zac Tillman missed Free Throw.,36,53,-17,0,0.08380304597823289,0.04183513842339648,3,4,6.5,NA,NA,Monmouth,missed,Zac Tillman,NA,FALSE,TRUE,Monmouth,Iona
400991180,2018-02-08,Iona,Monmouth,192,2,14:32:00,872,872,Rickey McGill Defensive Rebound.,36,53,-17,0,0.08380304597823289,0.04183513842339648,3,4,6.5,NA,NA,NA,NA,NA,NA,NA,NA,Monmouth,Iona
400991180,2018-02-08,Iona,Monmouth,193,2,14:17:00,857,857,Roland Griffin missed Jumper.,36,53,-17,15,0.08184389065397372,0.0409399673169086,3,4,6.5,NA,NA,Iona,missed,Roland Griffin,NA,FALSE,FALSE,Iona,Monmouth
400991180,2018-02-08,Iona,Monmouth,194,2,14:17:00,857,857,Austin Tilghman Defensive Rebound.,36,53,-17,0,0.08184389065397372,0.0409399673169086,3,4,6.5,NA,NA,NA,NA,NA,NA,NA,NA,Iona,Monmouth
400991180,2018-02-08,Iona,Monmouth,195,2,14:11:00,851,851,Zac Tillman Turnover.,36,53,-17,6,0.08105729707238135,0.04057959632541102,3,4,6.5,NA,NA,NA,NA,NA,NA,NA,NA,Monmouth,Iona
400991180,2018-02-08,Iona,Monmouth,196,2,14:11:00,851,851,Foul on Zac Tillman.,36,53,-17,0,0.08105729707238135,0.04057959632541102,3,4,6.5,NA,NA,NA,NA,NA,NA,NA,NA,Iona,Iona
400991180,2018-02-08,Iona,Monmouth,197,2,13:44:00,824,824,E.J. Crawford missed Three Point Jumper.,36,53,-17,27,0.07742833799321948,0.03890803198129113,3,4,6.5,NA,NA,Iona,missed,E.J. Crawford,NA,TRUE,FALSE,Iona,Monmouth
400991180,2018-02-08,Iona,Monmouth,198,2,13:44:00,824,824,Zac Tillman Defensive Rebound.,36,53,-17,0,0.07742833799321948,0.03890803198129113,3,4,6.5,NA,NA,NA,NA,NA,NA,NA,NA,Iona,Monmouth
400991180,2018-02-08,Iona,Monmouth,199,2,13:19:00,799,799,Deion Hammond missed Jumper.,36,53,-17,25,0.0738325787158058,0.03723558501001974,3,4,6.5,NA,NA,Monmouth,missed,Deion Hammond,NA,FALSE,FALSE,Monmouth,Iona
400991180,2018-02-08,Iona,Monmouth,200,2,13:19:00,799,799,Rickey McGill Defensive Rebound.,36,53,-17,0,0.0738325787158058,0.03723558501001974,3,4,6.5,NA,NA,NA,NA,NA,NA,NA,NA,Monmouth,Iona
400991180,2018-02-08,Iona,Monmouth,201,2,13:04:00,784,784,Roland Griffin missed Layup.,36,53,-17,15,0.07151930098741437,0.03615121394666308,3,4,6.5,NA,NA,Iona,missed,Roland Griffin,NA,FALSE,FALSE,Iona,Monmouth
400991180,2018-02-08,Iona,Monmouth,202,2,13:04:00,784,784,Ray Salnave Defensive Rebound.,36,53,-17,0,0.07151930098741437,0.03615121394666308,3,4,6.5,NA,NA,NA,NA,NA,NA,NA,NA,Iona,Monmouth
400991180,2018-02-08,Iona,Monmouth,203,2,12:58:00,778,778,Deion Hammond missed Three Point Jumper.,36,53,-17,6,0.07055592303425189,0.03569779981946196,3,4,6.5,NA,NA,Monmouth,missed,Deion Hammond,NA,TRUE,FALSE,Monmouth,Iona
400991180,2018-02-08,Iona,Monmouth,204,2,12:58:00,778,778,Rickey McGill Defensive Rebound.,36,53,-17,0,0.07055592303425189,0.03569779981946196,3,4,6.5,NA,NA,NA,NA,NA,NA,NA,NA,Monmouth,Iona
400991180,2018-02-08,Iona,Monmouth,205,2,12:45:00,765,765,E.J. Crawford Turnover.,36,53,-17,13,0.06838812255286653,0.03467387837962548,3,4,6.5,NA,NA,NA,NA,NA,NA,NA,NA,Iona,Monmouth
400991180,2018-02-08,Iona,Monmouth,206,2,12:44:00,764,764,Zac Tillman Steal.,36,53,-17,1,0.06821665173703155,0.03459268173705676,3,4,6.5,NA,NA,NA,NA,NA,NA,NA,NA,Iona,Monmouth
400991180,2018-02-08,Iona,Monmouth,207,2,12:41:00,761,761,Foul on Deyshonee Much.,36,53,-17,3,0.06769810315951127,0.03434695744603552,3,4,6.5,NA,NA,NA,NA,NA,NA,NA,NA,Monmouth,Monmouth
400991180,2018-02-08,Iona,Monmouth,208,2,12:41:00,761,761,Melik Martin made Free Throw.,36,54,-18,0,0.05631396629185409,0.02840031649584285,3,4,6.5,NA,NA,Monmouth,made,Melik Martin,NA,FALSE,TRUE,Monmouth,Monmouth
400991180,2018-02-08,Iona,Monmouth,209,2,12:41:00,761,761,Melik Martin made Free Throw.,36,55,-19,0,0.04674819855450112,0.02345823294434577,3,4,6.5,NA,NA,Monmouth,made,Melik Martin,NA,FALSE,TRUE,Monmouth,Iona
400991180,2018-02-08,Iona,Monmouth,210,2,12:14:00,734,734,Schadrac Casimir missed Layup.,36,55,-19,27,0.04290017470099785,0.02164592732919596,3,4,6.5,NA,NA,Iona,missed,Schadrac Casimir,NA,FALSE,FALSE,Iona,Monmouth
400991180,2018-02-08,Iona,Monmouth,211,2,12:14:00,734,734,Zac Tillman Block.,36,55,-19,0,0.04290017470099785,0.02164592732919596,3,4,6.5,NA,NA,NA,NA,NA,NA,NA,NA,Iona,Monmouth
400991180,2018-02-08,Iona,Monmouth,212,2,12:12:00,732,732,Deion Hammond Defensive Rebound.,36,55,-19,2,0.04260082459172915,0.02150422563335108,3,4,6.5,NA,NA,NA,NA,NA,NA,NA,NA,Iona,Monmouth
400991180,2018-02-08,Iona,Monmouth,213,2,11:48:00,708,708,Zac Tillman missed Layup.,36,55,-19,24,0.0393253382457026,0.01995631726076453,3,4,6.5,NA,NA,Monmouth,missed,Zac Tillman,NA,FALSE,FALSE,Monmouth,Monmouth
400991180,2018-02-08,Iona,Monmouth,214,2,11:48:00,708,708,Zach Lewis Block.,36,55,-19,0,0.0393253382457026,0.01995631726076453,3,4,6.5,NA,NA,NA,NA,NA,NA,NA,NA,Monmouth,Monmouth
400991180,2018-02-08,Iona,Monmouth,215,2,11:48:00,708,708,Monmouth Offensive Rebound.,36,55,-19,0,0.0393253382457026,0.01995631726076453,3,4,6.5,NA,NA,NA,NA,NA,NA,NA,NA,Monmouth,Monmouth
400991180,2018-02-08,Iona,Monmouth,216,2,11:48:00,708,708,Official TV Timeout,36,55,-19,0,0.0393253382457026,0.01995631726076453,3,4,6.5,NA,NA,NA,NA,NA,NA,NA,NA,Monmouth,Monmouth
400991180,2018-02-08,Iona,Monmouth,217,2,11:44:00,704,704,Ray Salnave missed Layup.,36,55,-19,4,0.03884785872400258,0.01973150809373852,3,4,6.5,NA,NA,Monmouth,missed,Ray Salnave,NA,FALSE,FALSE,Monmouth,Iona
400991180,2018-02-08,Iona,Monmouth,218,2,11:44:00,704,704,Roland Griffin Defensive Rebound.,36,55,-19,0,0.03884785872400258,0.01973150809373852,3,4,6.5,NA,NA,NA,NA,NA,NA,NA,NA,Monmouth,Iona
400991180,2018-02-08,Iona,Monmouth,219,2,11:34:00,694,694,Roland Griffin missed Layup.,36,55,-19,10,0.03771920977510173,0.01920088834672144,3,4,6.5,NA,NA,Iona,missed,Roland Griffin,NA,FALSE,FALSE,Iona,Iona
400991180,2018-02-08,Iona,Monmouth,220,2,11:34:00,694,694,Zac Tillman Block.,36,55,-19,0,0.03771920977510173,0.01920088834672144,3,4,6.5,NA,NA,NA,NA,NA,NA,NA,NA,Iona,Iona
400991180,2018-02-08,Iona,Monmouth,221,2,11:33:00,693,693,Deyshonee Much Offensive Rebound.,36,55,-19,1,0.03761086215653925,0.01915000114391429,3,4,6.5,NA,NA,NA,NA,NA,NA,NA,NA,Iona,Iona
400991180,2018-02-08,Iona,Monmouth,222,2,11:29:00,689,689,Deyshonee Much Turnover.,36,55,-19,4,0.03718465845987281,0.01894989972473293,3,4,6.5,NA,NA,NA,NA,NA,NA,NA,NA,Iona,Monmouth
400991180,2018-02-08,Iona,Monmouth,223,2,11:28:00,688,688,Ray Salnave Steal.,36,55,-19,1,0.03707980578812592,0.01890068753940151,3,4,6.5,NA,NA,NA,NA,NA,NA,NA,NA,Iona,Monmouth
400991180,2018-02-08,Iona,Monmouth,224,2,11:24:00,684,684,Deion Hammond missed Layup.,36,55,-19,4,0.03666661231523303,0.01870680644030416,3,4,6.5,NA,NA,Monmouth,missed,Deion Hammond,NA,FALSE,FALSE,Monmouth,Monmouth
400991180,2018-02-08,Iona,Monmouth,225,2,11:24:00,684,684,Ray Salnave Offensive Rebound.,36,55,-19,0,0.03666661231523303,0.01870680644030416,3,4,6.5,NA,NA,NA,NA,NA,NA,NA,NA,Monmouth,Monmouth
400991180,2018-02-08,Iona,Monmouth,226,2,11:10:00,670,670,Zac Tillman Turnover.,36,55,-19,14,0.03528430955122853,0.01805843626244026,3,4,6.5,NA,NA,NA,NA,NA,NA,NA,NA,Monmouth,Iona
400991180,2018-02-08,Iona,Monmouth,227,2,11:10:00,670,670,Foul on Zac Tillman.,36,55,-19,0,0.03528430955122853,0.01805843626244026,3,4,6.5,NA,NA,NA,NA,NA,NA,NA,NA,Iona,Iona
400991180,2018-02-08,Iona,Monmouth,228,2,11:00:00,660,660,Foul on Ray Salnave.,36,55,-19,10,0.03433888604569993,0.01761467468416138,3,4,6.5,NA,NA,NA,NA,NA,NA,NA,NA,Iona,Iona
400991180,2018-02-08,Iona,Monmouth,229,2,10:53:00,653,653,Rickey McGill missed Jumper.,36,55,-19,7,0.0336883774062729,0.01730888113510668,3,4,6.5,NA,NA,Iona,missed,Rickey McGill,NA,FALSE,FALSE,Iona,Monmouth
400991180,2018-02-08,Iona,Monmouth,230,2,10:53:00,653,653,Austin Tilghman Defensive Rebound.,36,55,-19,0,0.0336883774062729,0.01730888113510668,3,4,6.5,NA,NA,NA,NA,NA,NA,NA,NA,Iona,Monmouth
400991180,2018-02-08,Iona,Monmouth,231,2,10:33:00,633,633,Foul on Schadrac Casimir.,36,55,-19,20,0.03183594185799486,0.01643438930378164,3,4,6.5,NA,NA,NA,NA,NA,NA,NA,NA,Monmouth,Monmouth
400991180,2018-02-08,Iona,Monmouth,232,2,10:14:00,614,614,Ray Salnave missed Three Point Jumper.,36,55,-19,19,0.03001945585075521,0.01556926941227707,3,4,6.5,NA,NA,Monmouth,missed,Ray Salnave,NA,TRUE,FALSE,Monmouth,Monmouth
400991180,2018-02-08,Iona,Monmouth,233,2,10:14:00,614,614,Melik Martin Offensive Rebound.,36,55,-19,0,0.03001945585075521,0.01556926941227707,3,4,6.5,NA,NA,NA,NA,NA,NA,NA,NA,Monmouth,Monmouth
400991180,2018-02-08,Iona,Monmouth,234,2,10:10:00,610,610,Diago Quinn missed Layup.,36,55,-19,4,0.02962369011472704,0.0153796090500864,3,4,6.5,NA,NA,Monmouth,missed,Diago Quinn,NA,FALSE,FALSE,Monmouth,Monmouth
400991180,2018-02-08,Iona,Monmouth,235,2,10:10:00,610,610,TK Edogi Block.,36,55,-19,0,0.02962369011472704,0.0153796090500864,3,4,6.5,NA,NA,NA,NA,NA,NA,NA,NA,Monmouth,Monmouth
400991180,2018-02-08,Iona,Monmouth,236,2,10:08:00,608,608,Austin Tilghman Offensive Rebound.,36,55,-19,2,0.02942367653698815,0.01528359195043178,3,4,6.5,NA,NA,NA,NA,NA,NA,NA,NA,Monmouth,Monmouth
400991180,2018-02-08,Iona,Monmouth,237,2,10:04:00,604,604,Foul on Jan Svandrlik.,36,55,-19,4,0.02901912450799977,0.01508904357393013,3,4,6.5,NA,NA,NA,NA,NA,NA,NA,NA,Monmouth,Monmouth
400991180,2018-02-08,Iona,Monmouth,238,2,10:04:00,604,604,Ray Salnave missed Free Throw.,36,55,-19,0,0.02901912450799977,0.01508904357393013,3,4,6.5,NA,NA,Monmouth,missed,Ray Salnave,NA,FALSE,TRUE,Monmouth,Monmouth
400991180,2018-02-08,Iona,Monmouth,239,2,10:04:00,604,604,Monmouth Deadball Team Rebound.,36,55,-19,0,0.02901912450799977,0.01508904357393013,3,4,6.5,NA,NA,NA,NA,NA,NA,NA,NA,Monmouth,Monmouth
400991180,2018-02-08,Iona,Monmouth,240,2,10:04:00,604,604,Ray Salnave made Free Throw.,36,56,-20,0,0.02342432844046014,0.01214632733630194,3,4,6.5,NA,NA,Monmouth,made,Ray Salnave,NA,FALSE,TRUE,Monmouth,Iona
400991180,2018-02-08,Iona,Monmouth,241,2,09:55:00,595,595,Rickey McGill missed Jumper.,36,56,-20,9,0.02263033158545178,0.01176345560933817,3,4,6.5,NA,NA,Iona,missed,Rickey McGill,NA,FALSE,FALSE,Iona,Monmouth
400991180,2018-02-08,Iona,Monmouth,242,2,09:55:00,595,595,Ray Salnave Defensive Rebound.,36,56,-20,0,0.02263033158545178,0.01176345560933817,3,4,6.5,NA,NA,NA,NA,NA,NA,NA,NA,Iona,Monmouth
400991180,2018-02-08,Iona,Monmouth,243,2,09:49:00,589,589,Ray Salnave made Layup.,36,58,-22,6,0.01426036968162448,0.00739677493590765,3,4,6.5,NA,NA,Monmouth,made,Ray Salnave,NA,FALSE,FALSE,Monmouth,Iona
400991180,2018-02-08,Iona,Monmouth,244,2,09:24:00,564,564,Zach Lewis missed Three Point Jumper.,36,58,-22,25,0.01255082434874461,0.00656130123082888,3,4,6.5,NA,NA,Iona,missed,Zach Lewis,NA,TRUE,FALSE,Iona,Monmouth
400991180,2018-02-08,Iona,Monmouth,245,2,09:24:00,564,564,Diago Quinn Defensive Rebound.,36,58,-22,0,0.01255082434874461,0.00656130123082888,3,4,6.5,NA,NA,NA,NA,NA,NA,NA,NA,Iona,Monmouth
400991180,2018-02-08,Iona,Monmouth,246,2,09:03:00,543,543,Melik Martin Turnover.,36,58,-22,21,0.01104335056787884,0.00581524894593213,3,4,6.5,NA,NA,NA,NA,NA,NA,NA,NA,Monmouth,Iona
400991180,2018-02-08,Iona,Monmouth,247,2,09:03:00,543,543,Zach Lewis Steal.,36,58,-22,0,0.01104335056787884,0.00581524894593213,3,4,6.5,NA,NA,NA,NA,NA,NA,NA,NA,Monmouth,Iona
400991180,2018-02-08,Iona,Monmouth,248,2,08:56:00,536,536,E.J. Crawford missed Layup.,36,58,-22,7,0.01061001299311595,0.00560061002548616,3,4,6.5,NA,NA,Iona,missed,E.J. Crawford,NA,FALSE,FALSE,Iona,Monmouth
400991180,2018-02-08,Iona,Monmouth,249,2,08:56:00,536,536,Deion Hammond Defensive Rebound.,36,58,-22,0,0.01061001299311595,0.00560061002548616,3,4,6.5,NA,NA,NA,NA,NA,NA,NA,NA,Iona,Monmouth
400991180,2018-02-08,Iona,Monmouth,250,2,08:50:00,530,530,Ray Salnave made Layup. Assisted by Deion Hammond.,36,60,-24,6,0.00642295844288276,0.00339118188542171,3,4,6.5,NA,NA,Monmouth,made,Ray Salnave,Deion Hammond,FALSE,FALSE,Monmouth,Iona
400991180,2018-02-08,Iona,Monmouth,251,2,08:49:00,529,529,Iona  Timeout,36,60,-24,1,0.0063866516562046,0.00337319142647732,2,4,6.5,NA,NA,NA,NA,NA,NA,NA,NA,Iona,Iona
400991180,2018-02-08,Iona,Monmouth,252,2,08:49:00,529,529,Official TV Timeout,36,60,-24,0,0.0063866516562046,0.00337319142647732,2,4,6.5,NA,NA,NA,NA,NA,NA,NA,NA,Iona,Iona
400991180,2018-02-08,Iona,Monmouth,253,2,08:31:00,511,511,C.J. Seaforth made Three Point Jumper. Assisted by Rickey McGill.,39,60,-21,18,0.0118732248309615,0.00632833526720227,2,4,6.5,NA,NA,Iona,made,C.J. Seaforth,Rickey McGill,TRUE,FALSE,Iona,Monmouth
400991180,2018-02-08,Iona,Monmouth,254,2,08:27:00,507,507,Foul on C.J. Seaforth.,39,60,-21,4,0.01166145971332003,0.00622376103826262,2,4,6.5,NA,NA,NA,NA,NA,NA,NA,NA,Monmouth,Monmouth
400991180,2018-02-08,Iona,Monmouth,255,2,08:27:00,507,507,Austin Tilghman missed Free Throw.,39,60,-21,0,0.01166145971332003,0.00622376103826262,2,4,6.5,NA,NA,Monmouth,missed,Austin Tilghman,NA,FALSE,TRUE,Monmouth,Iona
400991180,2018-02-08,Iona,Monmouth,256,2,08:27:00,507,507,Gavin Kensmil Defensive Rebound.,39,60,-21,0,0.01166145971332003,0.00622376103826262,2,4,6.5,NA,NA,NA,NA,NA,NA,NA,NA,Monmouth,Iona
400991180,2018-02-08,Iona,Monmouth,257,2,08:13:00,493,493,Foul on Diago Quinn.,39,60,-21,14,0.01094582604170006,0.0058694399795954,2,4,6.5,NA,NA,NA,NA,NA,NA,NA,NA,Iona,Iona
400991180,2018-02-08,Iona,Monmouth,258,2,08:13:00,493,493,Gavin Kensmil missed Free Throw.,39,60,-21,0,0.01094582604170006,0.0058694399795954,2,4,6.5,NA,NA,Iona,missed,Gavin Kensmil,NA,FALSE,TRUE,Iona,Iona
400991180,2018-02-08,Iona,Monmouth,259,2,08:13:00,493,493,Iona Deadball Team Rebound.,39,60,-21,0,0.01094582604170006,0.0058694399795954,2,4,6.5,NA,NA,NA,NA,NA,NA,NA,NA,Iona,Iona
400991180,2018-02-08,Iona,Monmouth,260,2,08:13:00,493,493,Gavin Kensmil missed Free Throw.,39,60,-21,0,0.01094582604170006,0.0058694399795954,2,4,6.5,NA,NA,Iona,missed,Gavin Kensmil,NA,FALSE,TRUE,Iona,Iona
400991180,2018-02-08,Iona,Monmouth,261,2,08:13:00,493,493,Austin Tilghman Defensive Rebound.,39,60,-21,0,0.01094582604170006,0.0058694399795954,2,4,6.5,NA,NA,NA,NA,NA,NA,NA,NA,Iona,Iona
400991180,2018-02-08,Iona,Monmouth,262,2,08:09:00,489,489,Foul on C.J. Seaforth.,39,60,-21,4,0.01074376680518527,0.00576898524014476,2,4,6.5,NA,NA,NA,NA,NA,NA,NA,NA,Iona,Monmouth
400991180,2018-02-08,Iona,Monmouth,263,2,08:09:00,489,489,Austin Tilghman made Free Throw.,39,61,-22,0,0.0084270926580531,0.00452011981749969,2,4,6.5,NA,NA,Monmouth,made,Austin Tilghman,NA,FALSE,TRUE,Monmouth,Monmouth
400991180,2018-02-08,Iona,Monmouth,264,2,08:09:00,489,489,Austin Tilghman made Free Throw.,39,62,-23,0,0.00660662589254421,0.00354064502720268,2,4,6.5,NA,NA,Monmouth,made,Austin Tilghman,NA,FALSE,TRUE,Monmouth,Iona
400991180,2018-02-08,Iona,Monmouth,265,2,07:59:00,479,479,Rickey McGill missed Jumper.,39,62,-23,10,0.00626421115369931,0.00336915931766641,2,4,6.5,NA,NA,Iona,missed,Rickey McGill,NA,FALSE,FALSE,Iona,Monmouth
400991180,2018-02-08,Iona,Monmouth,266,2,07:59:00,479,479,Diago Quinn Defensive Rebound.,39,62,-23,0,0.00626421115369931,0.00336915931766641,2,4,6.5,NA,NA,NA,NA,NA,NA,NA,NA,Iona,Monmouth
400991180,2018-02-08,Iona,Monmouth,267,2,07:33:00,453,453,Louie Pillari missed Three Point Jumper.,39,62,-23,26,0.0053090868966523,0.00288403135806842,2,4,6.5,NA,NA,Monmouth,missed,Louie Pillari,NA,TRUE,FALSE,Monmouth,Monmouth
400991180,2018-02-08,Iona,Monmouth,268,2,07:33:00,453,453,Pierre Sarr Offensive Rebound.,39,62,-23,0,0.0053090868966523,0.00288403135806842,2,4,6.5,NA,NA,NA,NA,NA,NA,NA,NA,Monmouth,Monmouth
400991180,2018-02-08,Iona,Monmouth,269,2,07:06:00,426,426,Austin Tilghman Turnover.,39,62,-23,27,0.004180113080475,0.00229800414024329,2,4,6.5,NA,NA,NA,NA,NA,NA,NA,NA,Monmouth,Iona
400991180,2018-02-08,Iona,Monmouth,270,2,07:06:00,426,426,Official TV Timeout,39,62,-23,0,0.004180113080475,0.00229800414024329,2,4,6.5,NA,NA,NA,NA,NA,NA,NA,NA,Monmouth,Iona
400991180,2018-02-08,Iona,Monmouth,271,2,06:48:00,408,408,Foul on Diago Quinn.,39,62,-23,18,0.00353300529275271,0.00195968256708419,2,4,6.5,NA,NA,NA,NA,NA,NA,NA,NA,Iona,Iona
400991180,2018-02-08,Iona,Monmouth,272,2,06:48:00,408,408,E.J. Crawford made Free Throw.,40,62,-22,0,0.00462765480248421,0.0025681175881858,2,4,6.5,NA,NA,Iona,made,E.J. Crawford,NA,FALSE,TRUE,Iona,Iona
400991180,2018-02-08,Iona,Monmouth,273,2,06:48:00,408,408,E.J. Crawford made Free Throw.,41,62,-21,0,0.00605940289602015,0.00336482039393572,2,4,6.5,NA,NA,Iona,made,E.J. Crawford,NA,FALSE,TRUE,Iona,Monmouth
400991180,2018-02-08,Iona,Monmouth,274,2,06:34:00,394,394,Foul on Gavin Kensmil.,41,62,-21,14,0.00540526754424656,0.00302346287519169,2,4,6.5,NA,NA,NA,NA,NA,NA,NA,NA,Monmouth,Monmouth
400991180,2018-02-08,Iona,Monmouth,275,2,06:34:00,394,394,Pierre Sarr made Free Throw.,41,63,-22,0,0.00410648835561007,0.0022956634249262,2,4,6.5,NA,NA,Monmouth,made,Pierre Sarr,NA,FALSE,TRUE,Monmouth,Monmouth
400991180,2018-02-08,Iona,Monmouth,276,2,06:34:00,394,394,Pierre Sarr made Free Throw.,41,64,-23,0,0.00311880161449927,0.00174275155903594,2,4,6.5,NA,NA,Monmouth,made,Pierre Sarr,NA,FALSE,TRUE,Monmouth,Iona
400991180,2018-02-08,Iona,Monmouth,277,2,06:17:00,377,377,E.J. Crawford made Three Point Jumper. Assisted by Schadrac Casimir.,44,64,-20,17,0.00621506533672048,0.00351131583888763,2,4,6.5,NA,NA,Iona,made,E.J. Crawford,Schadrac Casimir,TRUE,FALSE,Iona,Monmouth
400991180,2018-02-08,Iona,Monmouth,278,2,06:04:00,364,364,Zac Tillman missed Layup.,44,64,-20,13,0.00556412967484128,0.00316693886186131,2,4,6.5,NA,NA,Monmouth,missed,Zac Tillman,NA,FALSE,FALSE,Monmouth,Iona
400991180,2018-02-08,Iona,Monmouth,279,2,06:04:00,364,364,Gavin Kensmil Block.,44,64,-20,0,0.00556412967484128,0.00316693886186131,2,4,6.5,NA,NA,NA,NA,NA,NA,NA,NA,Monmouth,Iona
400991180,2018-02-08,Iona,Monmouth,280,2,06:03:00,363,363,Schadrac Casimir Defensive Rebound.,44,64,-20,1,0.00551468036211733,0.00314062195496791,2,4,6.5,NA,NA,NA,NA,NA,NA,NA,NA,Monmouth,Iona
400991180,2018-02-08,Iona,Monmouth,281,2,05:57:00,357,357,Schadrac Casimir Turnover.,44,64,-20,6,0.00521908344831313,0.00298278925763745,2,4,6.5,NA,NA,NA,NA,NA,NA,NA,NA,Iona,Monmouth
400991180,2018-02-08,Iona,Monmouth,282,2,05:52:00,352,352,Louie Pillari made Three Point Jumper. Assisted by Austin Tilghman.,44,67,-23,5,0.00207201228920886,0.00118625601901178,2,4,6.5,NA,NA,Monmouth,made,Louie Pillari,Austin Tilghman,TRUE,FALSE,Monmouth,Iona
400991180,2018-02-08,Iona,Monmouth,283,2,05:36:00,336,336,E.J. Crawford made Jumper.,46,67,-21,16,0.00310707653590633,0.00179785961821093,2,4,6.5,NA,NA,Iona,made,E.J. Crawford,NA,FALSE,FALSE,Iona,Monmouth
400991180,2018-02-08,Iona,Monmouth,284,2,05:29:00,329,329,Monmouth  Timeout,46,67,-21,7,0.00284469041024056,0.00165342315111011,2,3,6.5,NA,NA,NA,NA,NA,NA,NA,NA,Monmouth,Monmouth
400991180,2018-02-08,Iona,Monmouth,285,2,05:08:00,308,308,Ray Salnave made Layup.,46,69,-23,21,0.00110580307096105,6.514766889133541e-4,2,3,6.5,NA,NA,Monmouth,made,Ray Salnave,NA,FALSE,FALSE,Monmouth,Iona
400991180,2018-02-08,Iona,Monmouth,286,2,05:08:00,308,308,Foul on Gavin Kensmil.,46,69,-23,0,0.00110580307096105,6.514766889133541e-4,2,3,6.5,NA,NA,NA,NA,NA,NA,NA,NA,Monmouth,Monmouth
400991180,2018-02-08,Iona,Monmouth,287,2,05:08:00,308,308,Ray Salnave missed Free Throw.,46,69,-23,0,0.00110580307096105,6.514766889133541e-4,2,3,6.5,NA,NA,Monmouth,missed,Ray Salnave,NA,FALSE,TRUE,Monmouth,Iona
400991180,2018-02-08,Iona,Monmouth,288,2,05:08:00,308,308,Tyrell Williams Defensive Rebound.,46,69,-23,0,0.00110580307096105,6.514766889133541e-4,2,3,6.5,NA,NA,NA,NA,NA,NA,NA,NA,Monmouth,Iona
400991180,2018-02-08,Iona,Monmouth,289,2,04:54:00,294,294,Zach Lewis missed Three Point Jumper.,46,69,-23,14,9.658378938919954e-4,5.744587697123077e-4,2,3,6.5,NA,NA,Iona,missed,Zach Lewis,NA,TRUE,FALSE,Iona,Monmouth
400991180,2018-02-08,Iona,Monmouth,290,2,04:54:00,294,294,Melik Martin Defensive Rebound.,46,69,-23,0,9.658378938919954e-4,5.744587697123077e-4,2,3,6.5,NA,NA,NA,NA,NA,NA,NA,NA,Iona,Monmouth
400991180,2018-02-08,Iona,Monmouth,291,2,04:34:00,274,274,Foul on Jan Svandrlik.,46,69,-23,20,9.860144426423873e-4,5.944822291989255e-4,2,3,6.5,NA,NA,NA,NA,NA,NA,NA,NA,Monmouth,Monmouth
400991180,2018-02-08,Iona,Monmouth,292,2,04:34:00,274,274,Melik Martin missed Free Throw.,46,69,-23,0,9.860144426423873e-4,5.944822291989255e-4,2,3,6.5,NA,NA,Monmouth,missed,Melik Martin,NA,FALSE,TRUE,Monmouth,Monmouth
400991180,2018-02-08,Iona,Monmouth,293,2,04:34:00,274,274,Monmouth Deadball Team Rebound.,46,69,-23,0,9.860144426423873e-4,5.944822291989255e-4,2,3,6.5,NA,NA,NA,NA,NA,NA,NA,NA,Monmouth,Monmouth
400991180,2018-02-08,Iona,Monmouth,294,2,04:34:00,274,274,Melik Martin made Free Throw.,46,70,-24,0,7.14098080498173e-4,4.3049343205232713e-4,2,3,6.5,NA,NA,Monmouth,made,Melik Martin,NA,FALSE,TRUE,Monmouth,Iona
400991180,2018-02-08,Iona,Monmouth,295,2,04:27:00,267,267,C.J. Seaforth Turnover.,46,70,-24,7,7.442364730891031e-4,4.508233886693917e-4,2,3,6.5,NA,NA,NA,NA,NA,NA,NA,NA,Iona,Monmouth
400991180,2018-02-08,Iona,Monmouth,296,2,04:26:00,266,266,Deion Hammond Steal.,46,70,-24,1,7.490918091232281e-4,4.540778506666189e-4,2,3,6.5,NA,NA,NA,NA,NA,NA,NA,NA,Iona,Monmouth
400991180,2018-02-08,Iona,Monmouth,297,2,03:56:00,236,236,Deion Hammond missed Three Point Jumper.,46,70,-24,30,8.569480966903705e-4,5.307042314401324e-4,2,3,6.5,NA,NA,Monmouth,missed,Deion Hammond,NA,TRUE,FALSE,Monmouth,Iona
400991180,2018-02-08,Iona,Monmouth,298,2,03:56:00,236,236,C.J. Seaforth Defensive Rebound.,46,70,-24,0,8.569480966903705e-4,5.307042314401324e-4,2,3,6.5,NA,NA,NA,NA,NA,NA,NA,NA,Monmouth,Iona
400991180,2018-02-08,Iona,Monmouth,299,2,03:44:00,224,224,Zach Lewis Turnover.,46,70,-24,12,8.080729439633779e-4,5.050189042562464e-4,2,3,6.5,NA,NA,NA,NA,NA,NA,NA,NA,Iona,Monmouth
400991180,2018-02-08,Iona,Monmouth,300,2,03:44:00,224,224,Foul on Zach Lewis.,46,70,-24,0,8.080729439633779e-4,5.050189042562464e-4,2,3,6.5,NA,NA,NA,NA,NA,NA,NA,NA,Iona,Monmouth
400991180,2018-02-08,Iona,Monmouth,301,2,03:44:00,224,224,Official TV Timeout,46,70,-24,0,8.080729439633779e-4,5.050189042562464e-4,2,3,6.5,NA,NA,NA,NA,NA,NA,NA,NA,Iona,Monmouth
400991180,2018-02-08,Iona,Monmouth,302,2,03:28:00,208,208,Ray Salnave Turnover.,46,70,-24,16,6.144438267351836e-4,3.889744746532605e-4,2,3,6.5,NA,NA,NA,NA,NA,NA,NA,NA,Monmouth,Iona
400991180,2018-02-08,Iona,Monmouth,303,2,03:27:00,207,207,Zach Lewis Steal.,46,70,-24,1,5.984584471094675e-4,3.791711971710444e-4,2,3,6.5,NA,NA,NA,NA,NA,NA,NA,NA,Monmouth,Iona
400991180,2018-02-08,Iona,Monmouth,304,2,03:23:00,203,203,E.J. Crawford missed Three Point Jumper.,46,70,-24,4,5.319222497957978e-4,3.3815596257217955e-4,2,3,6.5,NA,NA,Iona,missed,E.J. Crawford,NA,TRUE,FALSE,Iona,Iona
400991180,2018-02-08,Iona,Monmouth,305,2,03:23:00,203,203,Tyrell Williams Offensive Rebound.,46,70,-24,0,5.319222497957978e-4,3.3815596257217955e-4,2,3,6.5,NA,NA,NA,NA,NA,NA,NA,NA,Iona,Iona
400991180,2018-02-08,Iona,Monmouth,306,2,03:18:00,198,198,Jan Svandrlik missed Three Point Jumper.,46,70,-24,5,4.4566725274273225e-4,2.845485779959982e-4,2,3,6.5,NA,NA,Iona,missed,Jan Svandrlik,NA,TRUE,FALSE,Iona,Monmouth
400991180,2018-02-08,Iona,Monmouth,307,2,03:18:00,198,198,Ray Salnave Defensive Rebound.,46,70,-24,0,4.4566725274273225e-4,2.845485779959982e-4,2,3,6.5,NA,NA,NA,NA,NA,NA,NA,NA,Iona,Monmouth
400991180,2018-02-08,Iona,Monmouth,308,2,02:43:00,163,163,Monmouth  Turnover.,46,70,-24,35,7.52110496386078e-5,4.960957651554058e-5,2,3,6.5,NA,NA,NA,NA,NA,NA,NA,NA,Monmouth,Iona
400991180,2018-02-08,Iona,Monmouth,309,2,02:19:00,139,139,C.J. Seaforth made Layup.,48,70,-22,24,4.466041643674359e-5,3.0170541068795685e-5,2,3,6.5,NA,NA,Iona,made,C.J. Seaforth,NA,FALSE,FALSE,Iona,Monmouth
400991180,2018-02-08,Iona,Monmouth,310,2,01:45:00,105,105,Deion Hammond missed Layup.,48,70,-22,34,3.599598489296692e-6,2.521961876544241e-6,2,3,6.5,NA,NA,Monmouth,missed,Deion Hammond,NA,FALSE,FALSE,Monmouth,Iona
400991180,2018-02-08,Iona,Monmouth,311,2,01:45:00,105,105,Jan Svandrlik Defensive Rebound.,48,70,-22,0,3.599598489296692e-6,2.521961876544241e-6,2,3,6.5,NA,NA,NA,NA,NA,NA,NA,NA,Monmouth,Iona
400991180,2018-02-08,Iona,Monmouth,312,2,01:37:00,97,97,E.J. Crawford missed Three Point Jumper.,48,70,-22,8,1.7221439914357449e-6,1.2175931912484396e-6,2,3,6.5,NA,NA,Iona,missed,E.J. Crawford,NA,TRUE,FALSE,Iona,Iona
400991180,2018-02-08,Iona,Monmouth,313,2,01:37:00,97,97,Jan Svandrlik Offensive Rebound.,48,70,-22,0,1.7221439914357449e-6,1.2175931912484396e-6,2,3,6.5,NA,NA,NA,NA,NA,NA,NA,NA,Iona,Iona
400991180,2018-02-08,Iona,Monmouth,314,2,01:30:00,90,90,Jan Svandrlik missed Three Point Jumper.,48,70,-22,7,8.649667130851817e-7,6.165293860955564e-7,2,3,6.5,NA,NA,Iona,missed,Jan Svandrlik,NA,TRUE,FALSE,Iona,Monmouth
400991180,2018-02-08,Iona,Monmouth,315,2,01:30:00,90,90,Zac Tillman Defensive Rebound.,48,70,-22,0,8.649667130851817e-7,6.165293860955564e-7,2,3,6.5,NA,NA,NA,NA,NA,NA,NA,NA,Iona,Monmouth
400991180,2018-02-08,Iona,Monmouth,316,2,01:11:00,71,71,Monmouth  Timeout,48,70,-22,19,1.1780027468376629e-7,8.588394475228684e-8,2,2,6.5,NA,NA,NA,NA,NA,NA,NA,NA,Monmouth,Iona
400991180,2018-02-08,Iona,Monmouth,317,2,01:10:00,70,70,Foul on C.J. Seaforth.,48,70,-22,1,1.0521240791921709e-7,7.680029867590026e-8,2,2,6.5,NA,NA,NA,NA,NA,NA,NA,NA,Iona,Monmouth
400991180,2018-02-08,Iona,Monmouth,318,2,01:10:00,70,70,Daniel Pillari made Free Throw.,48,71,-23,0,4.996597778646045e-8,3.6472903113571995e-8,2,2,6.5,NA,NA,NA,made,Daniel Pillari,NA,FALSE,TRUE,Monmouth,Iona
400991180,2018-02-08,Iona,Monmouth,319,2,01:10:00,70,70,Daniel Pillari made Free Throw.,48,72,-24,0,2.3729129606544777e-8,1.7321190884639242e-8,2,2,6.5,NA,NA,NA,made,Daniel Pillari,NA,FALSE,TRUE,Iona,Iona
400991180,2018-02-08,Iona,Monmouth,320,2,00:51:00,51,51,Jan Svandrlik missed Three Point Jumper.,48,72,-24,19,2.035236329425552e-9,1.5212151273077567e-9,2,2,6.5,NA,NA,Iona,missed,Jan Svandrlik,NA,TRUE,FALSE,Iona,Monmouth
400991180,2018-02-08,Iona,Monmouth,321,2,00:51:00,51,51,Tyrell Williams Offensive Rebound.,48,72,-24,0,2.035236329425552e-9,1.5212151273077567e-9,2,2,6.5,NA,NA,NA,NA,NA,NA,NA,NA,Iona,Monmouth
400991180,2018-02-08,Iona,Monmouth,322,2,00:51:00,51,51,Foul on Sam Ibiezugbe.,48,72,-24,0,2.035236329425552e-9,1.5212151273077567e-9,2,2,6.5,NA,NA,NA,NA,NA,NA,NA,NA,Iona,Monmouth
400991180,2018-02-08,Iona,Monmouth,323,2,00:51:00,51,51,Tyrell Williams missed Free Throw.,48,72,-24,0,2.035236329425552e-9,1.5212151273077567e-9,2,2,6.5,NA,NA,Iona,missed,Tyrell Williams,NA,FALSE,TRUE,Iona,Monmouth
400991180,2018-02-08,Iona,Monmouth,324,2,00:51:00,51,51,Melik Martin Defensive Rebound.,48,72,-24,0,2.035236329425552e-9,1.5212151273077567e-9,2,2,6.5,NA,NA,NA,NA,NA,NA,NA,NA,Iona,Monmouth
400991180,2018-02-08,Iona,Monmouth,325,2,00:27:00,27,27,Daniel Pillari Turnover.,48,72,-24,24,6.170904887584223e-11,4.7595418260314935e-11,2,2,6.5,NA,NA,NA,NA,NA,NA,NA,NA,Monmouth,Iona
400991180,2018-02-08,Iona,Monmouth,326,2,00:19:00,19,19,Tyrell Williams made Layup. Assisted by E.J. Crawford.,50,72,-22,8,1.4139762411387966e-10,1.1024491942730403e-10,2,2,6.5,NA,NA,Iona,made,Tyrell Williams,EJ Crawford,FALSE,FALSE,Iona,Monmouth
400991180,2018-02-08,Iona,Monmouth,327,2,00:00:00,0,0,End of Game,50,72,-22,19,1.0176057085588068e-191,8.136318905805023e-192,2,2,6.5,NA,NA,NA,NA,NA,NA,NA,NA,Monmouth,NA
