play_id,half,time_remaining_half,secs_remaining,secs_remaining_absolute,description,home_score,away_score,score_diff,play_length,win_prob,naive_win_prob,home,away,home_time_out_remaining,away_time_out_remaining,home_favored_by,game_id,date
1,1,20:00,2400,2400,PLAY,0,0,0,32,0.5,0.5,McNeese,Southern-New Orleans,4,4,NA,293562377,2009-12-22
2,1,19:28,2368,2368,Brent Leduff made Two Point Jumper.,0,2,-2,11,0.4552965036611427,0.4552965036611427,McNeese,Southern-New Orleans,4,4,NA,293562377,2009-12-22
3,1,19:17,2357,2357,Diego Kapelan made Three Point Jumper.  Assisted by Patrick Richard.,3,2,1,12,0.5225153865018369,0.5225153865018369,McNeese,Southern-New Orleans,4,4,NA,293562377,2009-12-22
4,1,19:05,2345,2345,Foul on P.J. Alawoya,3,2,1,20,0.5226459033254919,0.5226459033254919,McNeese,Southern-New Orleans,4,4,NA,293562377,2009-12-22
5,1,18:45,2325,2325,Dometric Haynes Turnover.,3,2,1,2,0.5228654589235167,0.5228654589235167,McNeese,Southern-New Orleans,4,4,NA,293562377,2009-12-22
6,1,18:43,2323,2323,Patrick Richard Steal.,3,2,1,18,0.5228875473071123,0.5228875473071123,McNeese,Southern-New Orleans,4,4,NA,293562377,2009-12-22
7,1,18:25,2305,2305,Patrick Richard made Three Point Jumper.  Assisted by Curry Collins.,6,2,4,13,0.591376995870634,0.591376995870634,McNeese,Southern-New Orleans,4,4,NA,293562377,2009-12-22
8,1,18:12,2292,2292,Dometric Haynes made Two Point Dunk Shot.  Assisted by Ronald Palmer.,6,4,2,17,0.546365429477102,0.546365429477102,McNeese,Southern-New Orleans,4,4,NA,293562377,2009-12-22
9,1,17:55,2275,2275,Diego Kapelan missed Three Point Jumper.,6,4,2,0,0.5467457551815094,0.5467457551815094,McNeese,Southern-New Orleans,4,4,NA,293562377,2009-12-22
10,1,17:55,2275,2275,Will Morning Offensive Rebound.,6,4,2,4,0.5467457551815094,0.5467457551815094,McNeese,Southern-New Orleans,4,4,NA,293562377,2009-12-22
11,1,17:51,2271,2271,Will Morning missed Two Point Layup.,6,4,2,0,0.5468356278580805,0.5468356278580805,McNeese,Southern-New Orleans,4,4,NA,293562377,2009-12-22
12,1,17:51,2271,2271,Ronald Palmer Defensive Rebound.,6,4,2,9,0.5468356278580805,0.5468356278580805,McNeese,Southern-New Orleans,4,4,NA,293562377,2009-12-22
13,1,17:42,2262,2262,Xavier Francis missed Two Point Layup.,6,4,2,0,0.547038345861369,0.547038345861369,McNeese,Southern-New Orleans,4,4,NA,293562377,2009-12-22
14,1,17:42,2262,2262,Southern-New Orleans Offensive R.,6,4,2,4,0.547038345861369,0.547038345861369,McNeese,Southern-New Orleans,4,4,NA,293562377,2009-12-22
15,1,17:38,2258,2258,Lionel Green missed Two Point Jumper.,6,4,2,0,0.5471286592204017,0.5471286592204017,McNeese,Southern-New Orleans,4,4,NA,293562377,2009-12-22
16,1,17:38,2258,2258,P.J. Alawoya Defensive Rebound.,6,4,2,9,0.5471286592204017,0.5471286592204017,McNeese,Southern-New Orleans,4,4,NA,293562377,2009-12-22
17,1,17:29,2249,2249,Diego Kapelan made Three Point Jumper.,9,4,5,32,0.6165061746741936,0.6165061746741936,McNeese,Southern-New Orleans,4,4,NA,293562377,2009-12-22
18,1,16:57,2217,2217,Xavier Francis missed Two Point Jumper.,9,4,5,0,0.6182436970186944,0.6182436970186944,McNeese,Southern-New Orleans,4,4,NA,293562377,2009-12-22
19,1,16:57,2217,2217,Curry Collins Defensive Rebound.,9,4,5,7,0.6182436970186944,0.6182436970186944,McNeese,Southern-New Orleans,4,4,NA,293562377,2009-12-22
20,1,16:50,2210,2210,Foul on Xavier Francis,9,4,5,0,0.618625495822218,0.618625495822218,McNeese,Southern-New Orleans,4,4,NA,293562377,2009-12-22
21,1,16:50,2210,2210,Patrick Richard missed Free Throw.,9,4,5,0,0.618625495822218,0.618625495822218,McNeese,Southern-New Orleans,4,4,NA,293562377,2009-12-22
22,1,16:50,2210,2210,null,9,4,5,0,0.618625495822218,0.618625495822218,McNeese,Southern-New Orleans,4,4,NA,293562377,2009-12-22
23,1,16:50,2210,2210,Patrick Richard made Free Throw.,10,4,6,9,0.6411736775721152,0.6411736775721152,McNeese,Southern-New Orleans,4,4,NA,293562377,2009-12-22
24,1,16:41,2201,2201,Lionel Green missed Two Point Layup.,10,4,6,0,0.6417489378921478,0.6417489378921478,McNeese,Southern-New Orleans,4,4,NA,293562377,2009-12-22
25,1,16:41,2201,2201,Patrick Richard Defensive Rebound.,10,4,6,7,0.6417489378921478,0.6417489378921478,McNeese,Southern-New Orleans,4,4,NA,293562377,2009-12-22
26,1,16:34,2194,2194,Diego Kapelan missed Three Point Jumper.,10,4,6,0,0.6421969031147965,0.6421969031147965,McNeese,Southern-New Orleans,4,4,NA,293562377,2009-12-22
27,1,16:34,2194,2194,Will Morning Offensive Rebound.,10,4,6,19,0.6421969031147965,0.6421969031147965,McNeese,Southern-New Orleans,4,4,NA,293562377,2009-12-22
28,1,16:15,2175,2175,Diego Kapelan missed Three Point Jumper.,10,4,6,0,0.643414759087803,0.643414759087803,McNeese,Southern-New Orleans,4,4,NA,293562377,2009-12-22
29,1,16:15,2175,2175,Patrick Richard Offensive Rebound.,10,4,6,9,0.643414759087803,0.643414759087803,McNeese,Southern-New Orleans,4,4,NA,293562377,2009-12-22
30,1,16:06,2166,2166,P.J. Alawoya missed Two Point Layup.,10,4,6,0,0.6439924996490257,0.6439924996490257,McNeese,Southern-New Orleans,4,4,NA,293562377,2009-12-22
31,1,16:06,2166,2166,Xavier Francis Defensive Rebound.,10,4,6,9,0.6439924996490257,0.6439924996490257,McNeese,Southern-New Orleans,4,4,NA,293562377,2009-12-22
32,1,15:57,2157,2157,Xavier Francis missed Three Point Jumper.,10,4,6,0,0.6445713939169765,0.6445713939169765,McNeese,Southern-New Orleans,4,4,NA,293562377,2009-12-22
33,1,15:57,2157,2157,P.J. Alawoya Defensive Rebound.,10,4,6,16,0.6445713939169765,0.6445713939169765,McNeese,Southern-New Orleans,4,4,NA,293562377,2009-12-22
34,1,15:41,2141,2141,Will Morning made Two Point Layup.  Assisted by Patrick Richard.,12,4,8,21,0.6899091466357224,0.6899091466357224,McNeese,Southern-New Orleans,4,4,NA,293562377,2009-12-22
35,1,15:20,2120,2120,Foul on Patrick Richard,12,4,8,5,0.69160632782639,0.69160632782639,McNeese,Southern-New Orleans,4,4,NA,293562377,2009-12-22
36,1,15:15,2115,2115,Official TV Timeout.,12,4,8,0,0.6920116600326757,0.6920116600326757,McNeese,Southern-New Orleans,4,4,NA,293562377,2009-12-22
37,1,15:15,2115,2115,Lionel Green made Free Throw.,12,5,7,0,0.6700360852322937,0.6700360852322937,McNeese,Southern-New Orleans,4,4,NA,293562377,2009-12-22
38,1,15:15,2115,2115,Lionel Green made Free Throw.,12,6,6,15,0.647291697010593,0.647291697010593,McNeese,Southern-New Orleans,4,4,NA,293562377,2009-12-22
39,1,15:00,2100,2100,Stephan Martin Turnover.,12,6,6,1,0.6482715473701611,0.6482715473701611,McNeese,Southern-New Orleans,4,4,NA,293562377,2009-12-22
40,1,14:59,2099,2099,Ronald Palmer Steal.,12,6,6,18,0.6483370395385055,0.6483370395385055,McNeese,Southern-New Orleans,4,4,NA,293562377,2009-12-22
41,1,14:41,2081,2081,Dometric Haynes missed Two Point Layup.,12,6,6,0,0.6495196713436595,0.6495196713436595,McNeese,Southern-New Orleans,4,4,NA,293562377,2009-12-22
42,1,14:41,2081,2081,Elbryan Neal Block.,12,6,6,0,0.6495196713436595,0.6495196713436595,McNeese,Southern-New Orleans,4,4,NA,293562377,2009-12-22
43,1,14:41,2081,2081,Southern-New Orleans Offensive R.,12,6,6,3,0.6495196713436595,0.6495196713436595,McNeese,Southern-New Orleans,4,4,NA,293562377,2009-12-22
44,1,14:38,2078,2078,Foul on Daniel Richard,12,6,6,0,0.6497174911457326,0.6497174911457326,McNeese,Southern-New Orleans,4,4,NA,293562377,2009-12-22
45,1,14:38,2078,2078,Brent Leduff made Free Throw.,12,7,5,0,0.6259383753352543,0.6259383753352543,McNeese,Southern-New Orleans,4,4,NA,293562377,2009-12-22
46,1,14:38,2078,2078,Brent Leduff made Free Throw.,12,8,4,0,0.6015350091868868,0.6015350091868868,McNeese,Southern-New Orleans,4,4,NA,293562377,2009-12-22
47,1,14:38,2078,2078,Brent Leduff made Free Throw.,12,9,3,12,0.5766164531407736,0.5766164531407736,McNeese,Southern-New Orleans,4,4,NA,293562377,2009-12-22
48,1,14:26,2066,2066,Elbryan Neal missed Two Point Jumper.,12,9,3,0,0.5770421607350587,0.5770421607350587,McNeese,Southern-New Orleans,4,4,NA,293562377,2009-12-22
49,1,14:26,2066,2066,Xavier Francis Defensive Rebound.,12,9,3,21,0.5770421607350587,0.5770421607350587,McNeese,Southern-New Orleans,4,4,NA,293562377,2009-12-22
50,1,14:05,2045,2045,Lionel Green missed Two Point Layup.,12,9,3,0,0.5777925352308955,0.5777925352308955,McNeese,Southern-New Orleans,4,4,NA,293562377,2009-12-22
51,1,14:05,2045,2045,Stephan Martin Block.,12,9,3,2,0.5777925352308955,0.5777925352308955,McNeese,Southern-New Orleans,4,4,NA,293562377,2009-12-22
52,1,14:03,2043,2043,Stephan Martin Defensive Rebound.,12,9,3,18,0.577864370066,0.577864370066,McNeese,Southern-New Orleans,4,4,NA,293562377,2009-12-22
53,1,13:45,2025,2025,Patrick Richard Turnover.,12,9,3,30,0.5785139035461563,0.5785139035461563,McNeese,Southern-New Orleans,4,4,NA,293562377,2009-12-22
54,1,13:15,1995,1995,Xavier Francis made Two Point Layup.,12,11,1,25,0.5267385510467837,0.5267385510467837,McNeese,Southern-New Orleans,4,4,NA,293562377,2009-12-22
55,1,12:50,1970,1970,Stephan Martin Turnover.,12,11,1,28,0.5270542829070403,0.5270542829070403,McNeese,Southern-New Orleans,4,4,NA,293562377,2009-12-22
56,1,12:22,1942,1942,Brent Leduff missed Three Point Jumper.,12,11,1,0,0.5274131981017458,0.5274131981017458,McNeese,Southern-New Orleans,4,4,NA,293562377,2009-12-22
57,1,12:22,1942,1942,Patrick Richard Defensive Rebound.,12,11,1,14,0.5274131981017458,0.5274131981017458,McNeese,Southern-New Orleans,4,4,NA,293562377,2009-12-22
58,1,12:08,1928,1928,Diego Kapelan made Three Point Jumper.  Assisted by Dontae Cannon.,15,11,4,25,0.6087275348662343,0.6087275348662343,McNeese,Southern-New Orleans,4,4,NA,293562377,2009-12-22
59,1,11:43,1903,1903,Lionel Green missed Three Point Jumper.,15,11,4,0,0.6099679120395765,0.6099679120395765,McNeese,Southern-New Orleans,4,4,NA,293562377,2009-12-22
60,1,11:43,1903,1903,Elbryan Neal Defensive Rebound.,15,11,4,15,0.6099679120395765,0.6099679120395765,McNeese,Southern-New Orleans,4,4,NA,293562377,2009-12-22
61,1,11:28,1888,1888,Dontae Cannon missed Three Point Jumper.,15,11,4,0,0.610710572084459,0.610710572084459,McNeese,Southern-New Orleans,4,4,NA,293562377,2009-12-22
62,1,11:28,1888,1888,Brent Leduff Defensive Rebound.,15,11,4,7,0.610710572084459,0.610710572084459,McNeese,Southern-New Orleans,4,4,NA,293562377,2009-12-22
63,1,11:21,1881,1881,Foul on Xavier Francis,15,11,4,0,0.6110571015727363,0.6110571015727363,McNeese,Southern-New Orleans,4,4,NA,293562377,2009-12-22
64,1,11:21,1881,1881,Official TV Timeout.,15,11,4,0,0.6110571015727363,0.6110571015727363,McNeese,Southern-New Orleans,4,4,NA,293562377,2009-12-22
65,1,11:21,1881,1881,Patrick Richard made Free Throw.,16,11,5,0,0.6375387149302355,0.6375387149302355,McNeese,Southern-New Orleans,4,4,NA,293562377,2009-12-22
66,1,11:21,1881,1881,Patrick Richard made Free Throw.,17,11,6,1,0.6632110523603308,0.6632110523603308,McNeese,Southern-New Orleans,4,4,NA,293562377,2009-12-22
67,1,11:20,1880,1880,Xavier Francis made Two Point Layup.  Assisted by Brent Leduff.,17,13,4,5,0.611106612487873,0.611106612487873,McNeese,Southern-New Orleans,4,4,NA,293562377,2009-12-22
68,1,11:15,1875,1875,Ricardo Porter Turnover.,17,13,4,8,0.6113542113562502,0.6113542113562502,McNeese,Southern-New Orleans,4,4,NA,293562377,2009-12-22
69,1,11:07,1867,1867,Elbryan Neal made Two Point Layup.,19,13,6,39,0.664188301757708,0.664188301757708,McNeese,Southern-New Orleans,4,4,NA,293562377,2009-12-22
70,1,10:28,1828,1828,Southern-New Orleans Turnover.,19,13,6,9,0.6669194061017688,0.6669194061017688,McNeese,Southern-New Orleans,4,4,NA,293562377,2009-12-22
71,1,10:19,1819,1819,Diego Kapelan missed Three Point Jumper.,19,13,6,0,0.6675533134860241,0.6675533134860241,McNeese,Southern-New Orleans,4,4,NA,293562377,2009-12-22
72,1,10:19,1819,1819,Ricardo Porter Defensive Rebound.,19,13,6,25,0.6675533134860241,0.6675533134860241,McNeese,Southern-New Orleans,4,4,NA,293562377,2009-12-22
73,1,9:54,1794,1794,Brent Leduff missed Two Point Jumper.,19,13,6,0,0.6693255303821953,0.6693255303821953,McNeese,Southern-New Orleans,4,4,NA,293562377,2009-12-22
74,1,9:54,1794,1794,Patrick Richard Block.,19,13,6,0,0.6693255303821953,0.6693255303821953,McNeese,Southern-New Orleans,4,4,NA,293562377,2009-12-22
75,1,9:54,1794,1794,Southern-New Orleans Offensive R.,19,13,6,5,0.6693255303821953,0.6693255303821953,McNeese,Southern-New Orleans,4,4,NA,293562377,2009-12-22
76,1,9:49,1789,1789,Ronald Palmer missed Two Point Layup.,19,13,6,0,0.6696823691968643,0.6696823691968643,McNeese,Southern-New Orleans,4,4,NA,293562377,2009-12-22
77,1,9:49,1789,1789,P.J. Alawoya Block.,19,13,6,3,0.6696823691968643,0.6696823691968643,McNeese,Southern-New Orleans,4,4,NA,293562377,2009-12-22
78,1,9:46,1786,1786,P.J. Alawoya Defensive Rebound.,19,13,6,3,0.6698969083144077,0.6698969083144077,McNeese,Southern-New Orleans,4,4,NA,293562377,2009-12-22
79,1,9:43,1783,1783,Dontae Cannon made Two Point Layup.  Assisted by Patrick Richard.,21,13,8,17,0.7200925898928009,0.7200925898928009,McNeese,Southern-New Orleans,4,4,NA,293562377,2009-12-22
80,1,9:26,1766,1766,Ricardo Porter made Three Point Jumper.,21,16,5,12,0.6445565143700558,0.6445565143700558,McNeese,Southern-New Orleans,4,4,NA,293562377,2009-12-22
81,1,9:14,1754,1754,Southern-New Orleans 30 Second Timeout.,21,16,5,6,0.6453114028488195,0.6453114028488195,McNeese,Southern-New Orleans,4,3,NA,293562377,2009-12-22
82,1,9:08,1748,1748,Curry Collins missed Two Point Jumper.,21,16,5,0,0.6456912786474477,0.6456912786474477,McNeese,Southern-New Orleans,4,3,NA,293562377,2009-12-22
83,1,9:08,1748,1748,Lionel Green Defensive Rebound.,21,16,5,29,0.6456912786474477,0.6456912786474477,McNeese,Southern-New Orleans,4,3,NA,293562377,2009-12-22
84,1,8:39,1719,1719,Craig Kemp made Two Point Layup.  Assisted by Brent Leduff.,21,18,3,12,0.5902454162082106,0.5902454162082106,McNeese,Southern-New Orleans,4,3,NA,293562377,2009-12-22
85,1,8:27,1707,1707,Will Morning made Two Point Layup.  Assisted by Curry Collins.,23,18,5,18,0.6483369485605345,0.6483369485605345,McNeese,Southern-New Orleans,4,3,NA,293562377,2009-12-22
86,1,8:09,1689,1689,Ricardo Porter missed Three Point Jumper.,23,18,5,0,0.6495297406413132,0.6495297406413132,McNeese,Southern-New Orleans,4,3,NA,293562377,2009-12-22
87,1,8:09,1689,1689,Diego Kapelan Defensive Rebound.,23,18,5,5,0.6495297406413132,0.6495297406413132,McNeese,Southern-New Orleans,4,3,NA,293562377,2009-12-22
88,1,8:04,1684,1684,Stephan Martin made Two Point Layup.  Assisted by Curry Collins.,25,18,7,27,0.703871889829018,0.703871889829018,McNeese,Southern-New Orleans,4,3,NA,293562377,2009-12-22
89,1,7:37,1657,1657,Ronald Palmer missed Two Point Layup.,25,18,7,0,0.7061145472193723,0.7061145472193723,McNeese,Southern-New Orleans,4,3,NA,293562377,2009-12-22
90,1,7:37,1657,1657,P.J. Alawoya Defensive Rebound.,25,18,7,11,0.7061145472193723,0.7061145472193723,McNeese,Southern-New Orleans,4,3,NA,293562377,2009-12-22
91,1,7:26,1646,1646,Stephan Martin missed Three Point Jumper.,25,18,7,13,0.7070055812443901,0.7070055812443901,McNeese,Southern-New Orleans,4,3,NA,293562377,2009-12-22
92,1,7:13,1633,1633,P.J. Alawoya missed Two Point Layup.,25,18,7,0,0.7080460679096371,0.7080460679096371,McNeese,Southern-New Orleans,4,3,NA,293562377,2009-12-22
93,1,7:13,1633,1633,Stephan Martin Offensive Rebound.,25,18,7,22,0.7080460679096371,0.7080460679096371,McNeese,Southern-New Orleans,4,3,NA,293562377,2009-12-22
94,1,6:51,1611,1611,Stephan Martin made Two Point Layup.,27,18,9,10,0.7594869452501396,0.7594869452501396,McNeese,Southern-New Orleans,4,3,NA,293562377,2009-12-22
95,1,6:41,1601,1601,P.J. Alawoya made Two Point Dunk Shot.  Assisted by Stephan Martin.,29,18,11,15,0.8039855571814342,0.8039855571814342,McNeese,Southern-New Orleans,4,3,NA,293562377,2009-12-22
96,1,6:26,1586,1586,Ricardo Porter made Three Point Jumper.  Assisted by Brent Leduff.,29,21,8,23,0.7375003699901973,0.7375003699901973,McNeese,Southern-New Orleans,4,3,NA,293562377,2009-12-22
97,1,6:03,1563,1563,Diego Kapelan missed Three Point Jumper.,29,21,8,0,0.7394545388089849,0.7394545388089849,McNeese,Southern-New Orleans,4,3,NA,293562377,2009-12-22
98,1,6:03,1563,1563,P.J. Alawoya Offensive Rebound.,29,21,8,4,0.7394545388089849,0.7394545388089849,McNeese,Southern-New Orleans,4,3,NA,293562377,2009-12-22
99,1,5:59,1559,1559,P.J. Alawoya missed Two Point Layup.,29,21,8,0,0.739796528572602,0.739796528572602,McNeese,Southern-New Orleans,4,3,NA,293562377,2009-12-22
100,1,5:59,1559,1559,P.J. Alawoya Offensive Rebound.,29,21,8,4,0.739796528572602,0.739796528572602,McNeese,Southern-New Orleans,4,3,NA,293562377,2009-12-22
101,1,5:55,1555,1555,P.J. Alawoya missed Two Point Layup.,29,21,8,0,0.7401394248129738,0.7401394248129738,McNeese,Southern-New Orleans,4,3,NA,293562377,2009-12-22
102,1,5:55,1555,1555,Craig Kemp Block.,29,21,8,2,0.7401394248129738,0.7401394248129738,McNeese,Southern-New Orleans,4,3,NA,293562377,2009-12-22
103,1,5:53,1553,1553,Craig Kemp Defensive Rebound.,29,21,8,6,0.7403112457723978,0.7403112457723978,McNeese,Southern-New Orleans,4,3,NA,293562377,2009-12-22
104,1,5:47,1547,1547,Craig Kemp missed Two Point Jumper.,29,21,8,0,0.7408283573965101,0.7408283573965101,McNeese,Southern-New Orleans,4,3,NA,293562377,2009-12-22
105,1,5:47,1547,1547,Lionel Green Offensive Rebound.,29,21,8,2,0.7408283573965101,0.7408283573965101,McNeese,Southern-New Orleans,4,3,NA,293562377,2009-12-22
106,1,5:45,1545,1545,Lionel Green Turnover.,29,21,8,0,0.7410013210963087,0.7410013210963087,McNeese,Southern-New Orleans,4,3,NA,293562377,2009-12-22
107,1,5:45,1545,1545,Will Morning Steal.,29,21,8,0,0.7410013210963087,0.7410013210963087,McNeese,Southern-New Orleans,4,3,NA,293562377,2009-12-22
108,1,5:45,1545,1545,Official TV Timeout.,29,21,8,16,0.7410013210963087,0.7410013210963087,McNeese,Southern-New Orleans,4,3,NA,293562377,2009-12-22
109,1,5:29,1529,1529,Will Morning made Two Point Dunk Shot.  Assisted by Dontae Cannon.,31,21,10,0,0.7896944135910756,0.7896944135910756,McNeese,Southern-New Orleans,4,3,NA,293562377,2009-12-22
110,1,5:29,1529,1529,Foul on Sam McDonald,31,21,10,0,0.7896944135910756,0.7896944135910756,McNeese,Southern-New Orleans,4,3,NA,293562377,2009-12-22
111,1,5:29,1529,1529,Will Morning made Free Throw.,32,21,11,26,0.8108270111164039,0.8108270111164039,McNeese,Southern-New Orleans,4,3,NA,293562377,2009-12-22
112,1,5:03,1503,1503,Brent Leduff made Two Point Jumper.,32,23,9,19,0.7693277440699775,0.7693277440699775,McNeese,Southern-New Orleans,4,3,NA,293562377,2009-12-22
113,1,4:44,1484,1484,Foul on Craig Kemp,32,23,9,0,0.7711784179686297,0.7711784179686297,McNeese,Southern-New Orleans,4,3,NA,293562377,2009-12-22
114,1,4:44,1484,1484,Dontae Cannon made Free Throw.,33,23,10,0,0.7941254820800225,0.7941254820800225,McNeese,Southern-New Orleans,4,3,NA,293562377,2009-12-22
115,1,4:44,1484,1484,Dontae Cannon made Free Throw.,34,23,11,19,0.8153224132508079,0.8153224132508079,McNeese,Southern-New Orleans,4,3,NA,293562377,2009-12-22
116,1,4:25,1465,1465,Ricardo Porter missed Three Point Jumper.,34,23,11,0,0.8173171666498681,0.8173171666498681,McNeese,Southern-New Orleans,4,3,NA,293562377,2009-12-22
117,1,4:25,1465,1465,Elbryan Neal Defensive Rebound.,34,23,11,5,0.8173171666498681,0.8173171666498681,McNeese,Southern-New Orleans,4,3,NA,293562377,2009-12-22
118,1,4:20,1460,1460,Dontae Cannon Turnover.,34,23,11,16,0.8178537826847746,0.8178537826847746,McNeese,Southern-New Orleans,4,3,NA,293562377,2009-12-22
119,1,4:04,1444,1444,Brent Leduff missed Two Point Jumper.,34,23,11,0,0.8195974398360031,0.8195974398360031,McNeese,Southern-New Orleans,4,3,NA,293562377,2009-12-22
120,1,4:04,1444,1444,Brent Leduff Offensive Rebound.,34,23,11,4,0.8195974398360031,0.8195974398360031,McNeese,Southern-New Orleans,4,3,NA,293562377,2009-12-22
121,1,4:00,1440,1440,Timothy Aubert missed Two Point Jumper.,34,23,11,0,0.820028012317402,0.820028012317402,McNeese,Southern-New Orleans,4,3,NA,293562377,2009-12-22
122,1,4:00,1440,1440,Brent Leduff Offensive Rebound.,34,23,11,7,0.820028012317402,0.820028012317402,McNeese,Southern-New Orleans,4,3,NA,293562377,2009-12-22
123,1,3:53,1433,1433,Brent Leduff Turnover.,34,23,11,0,0.8207711035480628,0.8207711035480628,McNeese,Southern-New Orleans,4,3,NA,293562377,2009-12-22
124,1,3:53,1433,1433,Official TV Timeout.,34,23,11,10,0.8207711035480628,0.8207711035480628,McNeese,Southern-New Orleans,4,3,NA,293562377,2009-12-22
125,1,3:43,1423,1423,Elbryan Neal made Two Point Dunk Shot.  Assisted by Patrick Richard.,36,23,13,24,0.8589517732397942,0.8589517732397942,McNeese,Southern-New Orleans,4,3,NA,293562377,2009-12-22
126,1,3:19,1399,1399,Brent Leduff made Two Point Jumper.,36,25,11,24,0.8242279270087117,0.8242279270087117,McNeese,Southern-New Orleans,4,3,NA,293562377,2009-12-22
127,1,2:55,1375,1375,Patrick Richard made Three Point Jumper.  Assisted by Curry Collins.,39,25,14,19,0.8794617166202688,0.8794617166202688,McNeese,Southern-New Orleans,4,3,NA,293562377,2009-12-22
128,1,2:36,1356,1356,Brent Leduff Turnover.,39,25,14,12,0.8811759081202184,0.8811759081202184,McNeese,Southern-New Orleans,4,3,NA,293562377,2009-12-22
129,1,2:24,1344,1344,Foul on Ronald Palmer,39,25,14,0,0.8822537765670238,0.8822537765670238,McNeese,Southern-New Orleans,4,3,NA,293562377,2009-12-22
130,1,2:24,1344,1344,Daniel Richard missed Free Throw.,39,25,14,0,0.8822537765670238,0.8822537765670238,McNeese,Southern-New Orleans,4,3,NA,293562377,2009-12-22
131,1,2:24,1344,1344,null,39,25,14,0,0.8822537765670238,0.8822537765670238,McNeese,Southern-New Orleans,4,3,NA,293562377,2009-12-22
132,1,2:24,1344,1344,Daniel Richard made Free Throw.,40,25,15,20,0.8963955521383072,0.8963955521383072,McNeese,Southern-New Orleans,4,3,NA,293562377,2009-12-22
133,1,2:04,1324,1324,Dometric Haynes Turnover.,40,25,15,0,0.8981216440800471,0.8981216440800471,McNeese,Southern-New Orleans,4,3,NA,293562377,2009-12-22
134,1,2:04,1324,1324,Foul on Dometric Haynes,40,25,15,13,0.8981216440800471,0.8981216440800471,McNeese,Southern-New Orleans,4,3,NA,293562377,2009-12-22
135,1,1:51,1311,1311,Diego Kapelan missed Three Point Jumper.,40,25,15,0,0.8992548407734464,0.8992548407734464,McNeese,Southern-New Orleans,4,3,NA,293562377,2009-12-22
136,1,1:51,1311,1311,Lionel Green Defensive Rebound.,40,25,15,14,0.8992548407734464,0.8992548407734464,McNeese,Southern-New Orleans,4,3,NA,293562377,2009-12-22
137,1,1:37,1297,1297,Lionel Green made Two Point Layup.,40,27,13,12,0.8709081029597502,0.8709081029597502,McNeese,Southern-New Orleans,4,3,NA,293562377,2009-12-22
138,1,1:25,1285,1285,Foul on Ronald Palmer,40,27,13,0,0.8720829049488414,0.8720829049488414,McNeese,Southern-New Orleans,4,3,NA,293562377,2009-12-22
139,1,1:25,1285,1285,Daniel Richard missed Free Throw.,40,27,13,0,0.8720829049488414,0.8720829049488414,McNeese,Southern-New Orleans,4,3,NA,293562377,2009-12-22
140,1,1:25,1285,1285,null,40,27,13,0,0.8720829049488414,0.8720829049488414,McNeese,Southern-New Orleans,4,3,NA,293562377,2009-12-22
141,1,1:25,1285,1285,Daniel Richard missed Free Throw.,40,27,13,0,0.8720829049488414,0.8720829049488414,McNeese,Southern-New Orleans,4,3,NA,293562377,2009-12-22
142,1,1:25,1285,1285,Daniel Richard missed Free Throw.,40,27,13,0,0.8720829049488414,0.8720829049488414,McNeese,Southern-New Orleans,4,3,NA,293562377,2009-12-22
143,1,1:25,1285,1285,Ronald Palmer Defensive Rebound.,40,27,13,20,0.8720829049488414,0.8720829049488414,McNeese,Southern-New Orleans,4,3,NA,293562377,2009-12-22
144,1,1:05,1265,1265,Foul on Daniel Richard,40,27,13,0,0.8740994721460467,0.8740994721460467,McNeese,Southern-New Orleans,4,3,NA,293562377,2009-12-22
145,1,1:05,1265,1265,Lionel Green missed Free Throw.,40,27,13,0,0.8740994721460467,0.8740994721460467,McNeese,Southern-New Orleans,4,3,NA,293562377,2009-12-22
146,1,1:05,1265,1265,null,40,27,13,0,0.8740994721460467,0.8740994721460467,McNeese,Southern-New Orleans,4,3,NA,293562377,2009-12-22
147,1,1:05,1265,1265,Lionel Green missed Free Throw.,40,27,13,0,0.8740994721460467,0.8740994721460467,McNeese,Southern-New Orleans,4,3,NA,293562377,2009-12-22
148,1,1:05,1265,1265,Daniel Richard Defensive Rebound.,40,27,13,12,0.8740994721460467,0.8740994721460467,McNeese,Southern-New Orleans,4,3,NA,293562377,2009-12-22
149,1,0:53,1253,1253,Brandon Regis Turnover.,40,27,13,2,0.8753510674599957,0.8753510674599957,McNeese,Southern-New Orleans,4,3,NA,293562377,2009-12-22
150,1,0:51,1251,1251,Lionel Green Steal.,40,27,13,1,0.8755630549691339,0.8755630549691339,McNeese,Southern-New Orleans,4,3,NA,293562377,2009-12-22
151,1,0:50,1250,1250,Lionel Green Turnover.,40,27,13,1,0.8756694277332469,0.8756694277332469,McNeese,Southern-New Orleans,4,3,NA,293562377,2009-12-22
152,1,0:49,1249,1249,Jeremie Mitchell Steal.,40,27,13,2,0.8757760559596283,0.8757760559596283,McNeese,Southern-New Orleans,4,3,NA,293562377,2009-12-22
153,1,0:47,1247,1247,Foul on Ronald Palmer,40,27,13,0,0.8759900871080738,0.8759900871080738,McNeese,Southern-New Orleans,4,3,NA,293562377,2009-12-22
154,1,0:47,1247,1247,Elbryan Neal made Free Throw.,41,27,14,0,0.8914247328593039,0.8914247328593039,McNeese,Southern-New Orleans,4,3,NA,293562377,2009-12-22
155,1,0:47,1247,1247,Elbryan Neal missed Free Throw.,41,27,14,0,0.8914247328593039,0.8914247328593039,McNeese,Southern-New Orleans,4,3,NA,293562377,2009-12-22
156,1,0:47,1247,1247,Ronald Palmer Defensive Rebound.,41,27,14,19,0.8914247328593039,0.8914247328593039,McNeese,Southern-New Orleans,4,3,NA,293562377,2009-12-22
157,1,0:28,1228,1228,Foul on Jamarcus Little,41,27,14,14,0.8934261826157144,0.8934261826157144,McNeese,Southern-New Orleans,4,3,NA,293562377,2009-12-22
158,1,0:14,1214,1214,Ricardo Porter missed Three Point Jumper.,41,27,14,0,0.8949639546815289,0.8949639546815289,McNeese,Southern-New Orleans,4,3,NA,293562377,2009-12-22
159,1,0:14,1214,1214,Jamarcus Little Defensive Rebound.,41,27,14,11,0.8949639546815289,0.8949639546815289,McNeese,Southern-New Orleans,4,3,NA,293562377,2009-12-22
160,1,0:03,1203,1203,Curry Collins Turnover.,41,27,14,3,0.8961967902680529,0.8961967902680529,McNeese,Southern-New Orleans,4,3,NA,293562377,2009-12-22
161,1,0:00,1200,1200,End of the 1st Half.,41,27,14,0,0.8965272355199047,0.8965272355199047,McNeese,Southern-New Orleans,4,3,NA,293562377,2009-12-22
162,2,20:00,1200,1200,PLAY,41,27,14,26,0.8965272355199047,0.8965272355199047,McNeese,Southern-New Orleans,4,4,NA,293562377,2009-12-22
163,2,19:34,1174,1174,Dometric Haynes made Two Point Dunk Shot.  Assisted by Xavier Francis.,41,29,12,20,0.8672108272323817,0.8672108272323817,McNeese,Southern-New Orleans,4,4,NA,293562377,2009-12-22
164,2,19:14,1154,1154,Diego Kapelan missed Three Point Jumper.,41,29,12,0,0.8694119108859553,0.8694119108859553,McNeese,Southern-New Orleans,4,4,NA,293562377,2009-12-22
165,2,19:14,1154,1154,P.J. Alawoya Offensive Rebound.,41,29,12,4,0.8694119108859553,0.8694119108859553,McNeese,Southern-New Orleans,4,4,NA,293562377,2009-12-22
166,2,19:10,1150,1150,P.J. Alawoya missed Two Point Layup.,41,29,12,0,0.8698446815693787,0.8698446815693787,McNeese,Southern-New Orleans,4,4,NA,293562377,2009-12-22
167,2,19:10,1150,1150,Lionel Green Defensive Rebound.,41,29,12,8,0.8698446815693787,0.8698446815693787,McNeese,Southern-New Orleans,4,4,NA,293562377,2009-12-22
168,2,19:02,1142,1142,Ronald Palmer missed Two Point Layup.,41,29,12,0,0.8707047666094888,0.8707047666094888,McNeese,Southern-New Orleans,4,4,NA,293562377,2009-12-22
169,2,19:02,1142,1142,P.J. Alawoya Defensive Rebound.,41,29,12,15,0.8707047666094888,0.8707047666094888,McNeese,Southern-New Orleans,4,4,NA,293562377,2009-12-22
170,2,18:47,1127,1127,Curry Collins missed Two Point Layup.,41,29,12,0,0.8723036580362141,0.8723036580362141,McNeese,Southern-New Orleans,4,4,NA,293562377,2009-12-22
171,2,18:47,1127,1127,McNeese State Offensive Rebound.,41,29,12,19,0.8723036580362141,0.8723036580362141,McNeese,Southern-New Orleans,4,4,NA,293562377,2009-12-22
172,2,18:28,1108,1108,Diego Kapelan missed Three Point Jumper.,41,29,12,0,0.874319613303935,0.874319613303935,McNeese,Southern-New Orleans,4,4,NA,293562377,2009-12-22
173,2,18:28,1108,1108,P.J. Alawoya Offensive Rebound.,41,29,12,16,0.874319613303935,0.874319613303935,McNeese,Southern-New Orleans,4,4,NA,293562377,2009-12-22
174,2,18:12,1092,1092,Diego Kapelan Turnover.,41,29,12,2,0.8760254919864585,0.8760254919864585,McNeese,Southern-New Orleans,4,4,NA,293562377,2009-12-22
175,2,18:10,1090,1090,Brent Leduff Steal.,41,29,12,4,0.876240001397731,0.876240001397731,McNeese,Southern-New Orleans,4,4,NA,293562377,2009-12-22
176,2,18:06,1086,1086,Brent Leduff missed Three Point Jumper.,41,29,12,0,0.8766701558499073,0.8766701558499073,McNeese,Southern-New Orleans,4,4,NA,293562377,2009-12-22
177,2,18:06,1086,1086,Ronald Palmer Offensive Rebound.,41,29,12,4,0.8766701558499073,0.8766701558499073,McNeese,Southern-New Orleans,4,4,NA,293562377,2009-12-22
178,2,18:02,1082,1082,Ronald Palmer made Two Point Layup.,41,31,10,23,0.837224968846611,0.837224968846611,McNeese,Southern-New Orleans,4,4,NA,293562377,2009-12-22
179,2,17:39,1059,1059,Diego Kapelan missed Three Point Jumper.,41,31,10,0,0.8398918998985893,0.8398918998985893,McNeese,Southern-New Orleans,4,4,NA,293562377,2009-12-22
180,2,17:39,1059,1059,P.J. Alawoya Offensive Rebound.,41,31,10,3,0.8398918998985893,0.8398918998985893,McNeese,Southern-New Orleans,4,4,NA,293562377,2009-12-22
181,2,17:36,1056,1056,P.J. Alawoya made Two Point Layup.,43,31,12,16,0.8799635906107028,0.8799635906107028,McNeese,Southern-New Orleans,4,4,NA,293562377,2009-12-22
182,2,17:20,1040,1040,Lionel Green missed Two Point Jumper.,43,31,12,0,0.8817867737151857,0.8817867737151857,McNeese,Southern-New Orleans,4,4,NA,293562377,2009-12-22
183,2,17:20,1040,1040,Diego Kapelan Defensive Rebound.,43,31,12,23,0.8817867737151857,0.8817867737151857,McNeese,Southern-New Orleans,4,4,NA,293562377,2009-12-22
184,2,16:57,1017,1017,Patrick Richard missed Two Point Jumper.,43,31,12,0,0.8845170915327374,0.8845170915327374,McNeese,Southern-New Orleans,4,4,NA,293562377,2009-12-22
185,2,16:57,1017,1017,Patrick Richard Offensive Rebound.,43,31,12,3,0.8845170915327374,0.8845170915327374,McNeese,Southern-New Orleans,4,4,NA,293562377,2009-12-22
186,2,16:54,1014,1014,McNeese State Full Timeout.,43,31,12,2,0.8848841070208175,0.8848841070208175,McNeese,Southern-New Orleans,4,3,NA,293562377,2009-12-22
187,2,16:52,1012,1012,Elbryan Neal missed Two Point Jumper.,43,31,12,0,0.885130289406226,0.885130289406226,McNeese,Southern-New Orleans,4,3,NA,293562377,2009-12-22
188,2,16:52,1012,1012,Southern-New Orleans Defensive R.,43,31,12,18,0.885130289406226,0.885130289406226,McNeese,Southern-New Orleans,4,3,NA,293562377,2009-12-22
189,2,16:34,994,994,Brent Leduff missed Three Point Jumper.,43,31,12,0,0.8874031320683724,0.8874031320683724,McNeese,Southern-New Orleans,4,3,NA,293562377,2009-12-22
190,2,16:34,994,994,Patrick Richard Defensive Rebound.,43,31,12,7,0.8874031320683724,0.8874031320683724,McNeese,Southern-New Orleans,4,3,NA,293562377,2009-12-22
191,2,16:27,987,987,Diego Kapelan made Two Point Jumper.,45,31,14,18,0.9182848586997995,0.9182848586997995,McNeese,Southern-New Orleans,4,3,NA,293562377,2009-12-22
192,2,16:09,969,969,Dometric Haynes made Two Point Dunk Shot.  Assisted by Brent Leduff.,45,33,12,9,0.8907460236358383,0.8907460236358383,McNeese,Southern-New Orleans,4,3,NA,293562377,2009-12-22
193,2,16:00,960,960,Curry Collins missed Three Point Jumper.,45,33,12,0,0.8919419077321393,0.8919419077321393,McNeese,Southern-New Orleans,4,3,NA,293562377,2009-12-22
194,2,16:00,960,960,Lionel Green Defensive Rebound.,45,33,12,12,0.8919419077321393,0.8919419077321393,McNeese,Southern-New Orleans,4,3,NA,293562377,2009-12-22
195,2,15:48,948,948,Lionel Green missed Three Point Jumper.,45,33,12,0,0.8934297956587152,0.8934297956587152,McNeese,Southern-New Orleans,4,3,NA,293562377,2009-12-22
196,2,15:48,948,948,Daniel Richard Defensive Rebound.,45,33,12,13,0.8934297956587152,0.8934297956587152,McNeese,Southern-New Orleans,4,3,NA,293562377,2009-12-22
197,2,15:35,935,935,Official TV Timeout.,45,33,12,6,0.8949249762666083,0.8949249762666083,McNeese,Southern-New Orleans,4,3,NA,293562377,2009-12-22
198,2,15:29,929,929,Patrick Richard made Three Point Jumper.  Assisted by Diego Kapelan.,48,33,15,10,0.9362145513701561,0.9362145513701561,McNeese,Southern-New Orleans,4,3,NA,293562377,2009-12-22
199,2,15:19,919,919,Foul on Elbryan Neal,48,33,15,0,0.9370529087973792,0.9370529087973792,McNeese,Southern-New Orleans,4,3,NA,293562377,2009-12-22
200,2,15:19,919,919,Lionel Green missed Free Throw.,48,33,15,0,0.9370529087973792,0.9370529087973792,McNeese,Southern-New Orleans,4,3,NA,293562377,2009-12-22
201,2,15:19,919,919,null,48,33,15,0,0.9370529087973792,0.9370529087973792,McNeese,Southern-New Orleans,4,3,NA,293562377,2009-12-22
202,2,15:19,919,919,Lionel Green made Free Throw.,48,34,14,27,0.9255606881427584,0.9255606881427584,McNeese,Southern-New Orleans,4,3,NA,293562377,2009-12-22
203,2,14:52,892,892,Patrick Richard missed Two Point Jumper.,48,34,14,0,0.9278596331240708,0.9278596331240708,McNeese,Southern-New Orleans,4,3,NA,293562377,2009-12-22
204,2,14:52,892,892,Craig Kemp Defensive Rebound.,48,34,14,20,0.9278596331240708,0.9278596331240708,McNeese,Southern-New Orleans,4,3,NA,293562377,2009-12-22
205,2,14:32,872,872,Brent Leduff made Three Point Jumper.  Assisted by Lionel Green.,48,37,11,18,0.8835128063540978,0.8835128063540978,McNeese,Southern-New Orleans,4,3,NA,293562377,2009-12-22
206,2,14:14,854,854,Diego Kapelan missed Three Point Jumper.,48,37,11,0,0.8853090031477396,0.8853090031477396,McNeese,Southern-New Orleans,4,3,NA,293562377,2009-12-22
207,2,14:14,854,854,Elbryan Neal Offensive Rebound.,48,37,11,6,0.8853090031477396,0.8853090031477396,McNeese,Southern-New Orleans,4,3,NA,293562377,2009-12-22
208,2,14:08,848,848,Elbryan Neal missed Two Point Jumper.,48,37,11,0,0.8859179649136796,0.8859179649136796,McNeese,Southern-New Orleans,4,3,NA,293562377,2009-12-22
209,2,14:08,848,848,Elbryan Neal Offensive Rebound.,48,37,11,6,0.8859179649136796,0.8859179649136796,McNeese,Southern-New Orleans,4,3,NA,293562377,2009-12-22
210,2,14:02,842,842,Elbryan Neal missed Two Point Jumper.,48,37,11,0,0.8865350755447695,0.8865350755447695,McNeese,Southern-New Orleans,4,3,NA,293562377,2009-12-22
211,2,14:02,842,842,Craig Kemp Defensive Rebound.,48,37,11,12,0.8865350755447695,0.8865350755447695,McNeese,Southern-New Orleans,4,3,NA,293562377,2009-12-22
212,2,13:50,830,830,Brent Leduff missed Three Point Jumper.,48,37,11,0,0.8878007608573724,0.8878007608573724,McNeese,Southern-New Orleans,4,3,NA,293562377,2009-12-22
213,2,13:50,830,830,Southern-New Orleans Offensive R.,48,37,11,24,0.8878007608573724,0.8878007608573724,McNeese,Southern-New Orleans,4,3,NA,293562377,2009-12-22
214,2,13:26,806,806,Lionel Green missed Three Point Jumper.,48,37,11,0,0.8905048048353531,0.8905048048353531,McNeese,Southern-New Orleans,4,3,NA,293562377,2009-12-22
215,2,13:26,806,806,Dometric Haynes Offensive Rebound.,48,37,11,6,0.8905048048353531,0.8905048048353531,McNeese,Southern-New Orleans,4,3,NA,293562377,2009-12-22
216,2,13:20,800,800,Dometric Haynes made Two Point Layup.,48,39,9,18,0.8482451151537173,0.8482451151537173,McNeese,Southern-New Orleans,4,3,NA,293562377,2009-12-22
217,2,13:02,782,782,Diego Kapelan Turnover.,48,39,9,0,0.8507452909571147,0.8507452909571147,McNeese,Southern-New Orleans,4,3,NA,293562377,2009-12-22
218,2,13:02,782,782,Foul on Diego Kapelan,48,39,9,16,0.8507452909571147,0.8507452909571147,McNeese,Southern-New Orleans,4,3,NA,293562377,2009-12-22
219,2,12:46,766,766,Xavier Francis missed Two Point Layup.,48,39,9,0,0.8531846195230821,0.8531846195230821,McNeese,Southern-New Orleans,4,3,NA,293562377,2009-12-22
220,2,12:46,766,766,Xavier Francis Offensive Rebound.,48,39,9,3,0.8531846195230821,0.8531846195230821,McNeese,Southern-New Orleans,4,3,NA,293562377,2009-12-22
221,2,12:43,763,763,Xavier Francis missed Two Point Layup.,48,39,9,0,0.8536671203843135,0.8536671203843135,McNeese,Southern-New Orleans,4,3,NA,293562377,2009-12-22
222,2,12:43,763,763,Dometric Haynes Offensive Rebound.,48,39,9,3,0.8536671203843135,0.8536671203843135,McNeese,Southern-New Orleans,4,3,NA,293562377,2009-12-22
223,2,12:40,760,760,Dometric Haynes made Two Point Layup.,48,41,7,14,0.7981535753888427,0.7981535753888427,McNeese,Southern-New Orleans,4,3,NA,293562377,2009-12-22
224,2,12:26,746,746,Stephan Martin Turnover.,48,41,7,19,0.8005792740837473,0.8005792740837473,McNeese,Southern-New Orleans,4,3,NA,293562377,2009-12-22
225,2,12:07,727,727,Xavier Francis missed Two Point Jumper.,48,41,7,0,0.8042062422297589,0.8042062422297589,McNeese,Southern-New Orleans,4,3,NA,293562377,2009-12-22
226,2,12:07,727,727,Dontae Cannon Defensive Rebound.,48,41,7,24,0.8042062422297589,0.8042062422297589,McNeese,Southern-New Orleans,4,3,NA,293562377,2009-12-22
227,2,11:43,703,703,P.J. Alawoya Turnover.,48,41,7,0,0.8084481292287017,0.8084481292287017,McNeese,Southern-New Orleans,4,3,NA,293562377,2009-12-22
228,2,11:43,703,703,Official TV Timeout.,48,41,7,14,0.8084481292287017,0.8084481292287017,McNeese,Southern-New Orleans,4,3,NA,293562377,2009-12-22
229,2,11:29,689,689,Brent Leduff Turnover.,48,41,7,1,0.8106276098957492,0.8106276098957492,McNeese,Southern-New Orleans,4,3,NA,293562377,2009-12-22
230,2,11:28,688,688,Dontae Cannon Steal.,48,41,7,3,0.8107774675493913,0.8107774675493913,McNeese,Southern-New Orleans,4,3,NA,293562377,2009-12-22
231,2,11:25,685,685,Stephan Martin missed Two Point Jumper.,48,41,7,0,0.8112232808410504,0.8112232808410504,McNeese,Southern-New Orleans,4,3,NA,293562377,2009-12-22
232,2,11:25,685,685,Xavier Francis Block.,48,41,7,0,0.8112232808410504,0.8112232808410504,McNeese,Southern-New Orleans,4,3,NA,293562377,2009-12-22
233,2,11:25,685,685,McNeese State Offensive Rebound.,48,41,7,9,0.8112232808410504,0.8112232808410504,McNeese,Southern-New Orleans,4,3,NA,293562377,2009-12-22
234,2,11:16,676,676,Stephan Martin missed Three Point Jumper.,48,41,7,0,0.8125326103054145,0.8125326103054145,McNeese,Southern-New Orleans,4,3,NA,293562377,2009-12-22
235,2,11:16,676,676,Southern-New Orleans Defensive R.,48,41,7,1,0.8125326103054145,0.8125326103054145,McNeese,Southern-New Orleans,4,3,NA,293562377,2009-12-22
236,2,11:15,675,675,Foul on P.J. Alawoya,48,41,7,9,0.8126760143329046,0.8126760143329046,McNeese,Southern-New Orleans,4,3,NA,293562377,2009-12-22
237,2,11:06,666,666,Foul on Will Morning,48,41,7,0,0.8139547841636502,0.8139547841636502,McNeese,Southern-New Orleans,4,3,NA,293562377,2009-12-22
238,2,11:06,666,666,Craig Kemp made Free Throw.,48,42,6,0,0.7798976565307123,0.7798976565307123,McNeese,Southern-New Orleans,4,3,NA,293562377,2009-12-22
239,2,11:06,666,666,Craig Kemp missed Free Throw.,48,42,6,0,0.7798976565307123,0.7798976565307123,McNeese,Southern-New Orleans,4,3,NA,293562377,2009-12-22
240,2,11:06,666,666,P.J. Alawoya Defensive Rebound.,48,42,6,16,0.7798976565307123,0.7798976565307123,McNeese,Southern-New Orleans,4,3,NA,293562377,2009-12-22
241,2,10:50,650,650,Stephan Martin missed Three Point Jumper.,48,42,6,0,0.782097233316211,0.782097233316211,McNeese,Southern-New Orleans,4,3,NA,293562377,2009-12-22
242,2,10:50,650,650,Will Morning Offensive Rebound.,48,42,6,10,0.782097233316211,0.782097233316211,McNeese,Southern-New Orleans,4,3,NA,293562377,2009-12-22
243,2,10:40,640,640,Patrick Richard missed Three Point Jumper.,48,42,6,0,0.7835008057311627,0.7835008057311627,McNeese,Southern-New Orleans,4,3,NA,293562377,2009-12-22
244,2,10:40,640,640,Will Morning Offensive Rebound.,48,42,6,8,0.7835008057311627,0.7835008057311627,McNeese,Southern-New Orleans,4,3,NA,293562377,2009-12-22
245,2,10:32,632,632,McNeese State 30 Second Timeout.,48,42,6,0,0.7846575416227137,0.7846575416227137,McNeese,Southern-New Orleans,4,2,NA,293562377,2009-12-22
246,2,10:32,632,632,Foul on Craig Kemp,48,42,6,24,0.7846575416227137,0.7846575416227137,McNeese,Southern-New Orleans,4,2,NA,293562377,2009-12-22
247,2,10:08,608,608,Will Morning made Two Point Layup.  Assisted by Patrick Richard.,50,42,8,0,0.8524472806123452,0.8524472806123452,McNeese,Southern-New Orleans,4,2,NA,293562377,2009-12-22
248,2,10:08,608,608,Foul on Craig Kemp,50,42,8,0,0.8524472806123452,0.8524472806123452,McNeese,Southern-New Orleans,4,2,NA,293562377,2009-12-22
249,2,10:08,608,608,Will Morning made Free Throw.,51,42,9,31,0.8779508268616578,0.8779508268616578,McNeese,Southern-New Orleans,4,2,NA,293562377,2009-12-22
250,2,9:37,577,577,Craig Kemp Turnover.,51,42,9,13,0.8835610043285536,0.8835610043285536,McNeese,Southern-New Orleans,4,2,NA,293562377,2009-12-22
251,2,9:24,564,564,P.J. Alawoya missed Two Point Layup.,51,42,9,0,0.8863138540808286,0.8863138540808286,McNeese,Southern-New Orleans,4,2,NA,293562377,2009-12-22
252,2,9:24,564,564,Dometric Haynes Block.,51,42,9,2,0.8863138540808286,0.8863138540808286,McNeese,Southern-New Orleans,4,2,NA,293562377,2009-12-22
253,2,9:22,562,562,P.J. Alawoya Offensive Rebound.,51,42,9,2,0.8867612784445293,0.8867612784445293,McNeese,Southern-New Orleans,4,2,NA,293562377,2009-12-22
254,2,9:20,560,560,P.J. Alawoya made Two Point Layup.,53,42,11,19,0.9255984892063035,0.9255984892063035,McNeese,Southern-New Orleans,4,2,NA,293562377,2009-12-22
255,2,9:01,541,541,Xavier Francis made Two Point Layup.  Assisted by Craig Kemp.,53,44,9,16,0.8916648148767561,0.8916648148767561,McNeese,Southern-New Orleans,4,2,NA,293562377,2009-12-22
256,2,8:45,525,525,Foul on Dometric Haynes,53,44,9,0,0.8948283331324242,0.8948283331324242,McNeese,Southern-New Orleans,4,2,NA,293562377,2009-12-22
257,2,8:45,525,525,P.J. Alawoya missed Free Throw.,53,44,9,0,0.8948283331324242,0.8948283331324242,McNeese,Southern-New Orleans,4,2,NA,293562377,2009-12-22
258,2,8:45,525,525,null,53,44,9,0,0.8948283331324242,0.8948283331324242,McNeese,Southern-New Orleans,4,2,NA,293562377,2009-12-22
259,2,8:45,525,525,P.J. Alawoya missed Free Throw.,53,44,9,0,0.8948283331324242,0.8948283331324242,McNeese,Southern-New Orleans,4,2,NA,293562377,2009-12-22
260,2,8:45,525,525,Patrick Richard Offensive Rebound.,53,44,9,3,0.8948283331324242,0.8948283331324242,McNeese,Southern-New Orleans,4,2,NA,293562377,2009-12-22
261,2,8:42,522,522,Foul on Xavier Francis,53,44,9,10,0.895366636250669,0.895366636250669,McNeese,Southern-New Orleans,4,2,NA,293562377,2009-12-22
262,2,8:32,512,512,Stephan Martin missed Three Point Jumper.,53,44,9,0,0.8970815855597052,0.8970815855597052,McNeese,Southern-New Orleans,4,2,NA,293562377,2009-12-22
263,2,8:32,512,512,Xavier Francis Defensive Rebound.,53,44,9,3,0.8970815855597052,0.8970815855597052,McNeese,Southern-New Orleans,4,2,NA,293562377,2009-12-22
264,2,8:29,509,509,Foul on P.J. Alawoya,53,44,9,22,0.8975794528470613,0.8975794528470613,McNeese,Southern-New Orleans,4,2,NA,293562377,2009-12-22
265,2,8:07,487,487,Jared Drake Turnover.,53,44,9,0,0.9012065360487254,0.9012065360487254,McNeese,Southern-New Orleans,4,2,NA,293562377,2009-12-22
266,2,8:07,487,487,Patrick Richard Steal.,53,44,9,15,0.9012065360487254,0.9012065360487254,McNeese,Southern-New Orleans,4,2,NA,293562377,2009-12-22
267,2,7:52,472,472,Diego Kapelan missed Three Point Jumper.,53,44,9,0,0.9038806241703224,0.9038806241703224,McNeese,Southern-New Orleans,4,2,NA,293562377,2009-12-22
268,2,7:52,472,472,Diego Kapelan Offensive Rebound.,53,44,9,5,0.9038806241703224,0.9038806241703224,McNeese,Southern-New Orleans,4,2,NA,293562377,2009-12-22
269,2,7:47,467,467,Diego Kapelan missed Two Point Layup.,53,44,9,0,0.9048476458903613,0.9048476458903613,McNeese,Southern-New Orleans,4,2,NA,293562377,2009-12-22
270,2,7:47,467,467,Timothy Aubert Defensive Rebound.,53,44,9,10,0.9048476458903613,0.9048476458903613,McNeese,Southern-New Orleans,4,2,NA,293562377,2009-12-22
271,2,7:37,457,457,Lionel Green missed Three Point Jumper.,53,44,9,0,0.9069328432394793,0.9069328432394793,McNeese,Southern-New Orleans,4,2,NA,293562377,2009-12-22
272,2,7:37,457,457,P.J. Alawoya Defensive Rebound.,53,44,9,9,0.9069328432394793,0.9069328432394793,McNeese,Southern-New Orleans,4,2,NA,293562377,2009-12-22
273,2,7:28,448,448,Diego Kapelan made Three Point Jumper.  Assisted by Curry Collins.,56,44,12,39,0.9555892324293352,0.9555892324293352,McNeese,Southern-New Orleans,4,2,NA,293562377,2009-12-22
274,2,6:49,409,409,Lionel Green Turnover.,56,44,12,2,0.9625854012813745,0.9625854012813745,McNeese,Southern-New Orleans,4,2,NA,293562377,2009-12-22
275,2,6:47,407,407,Diego Kapelan Steal.,56,44,12,2,0.9629036966859014,0.9629036966859014,McNeese,Southern-New Orleans,4,2,NA,293562377,2009-12-22
276,2,6:45,405,405,Official TV Timeout.,56,44,12,2,0.9632176102284827,0.9632176102284827,McNeese,Southern-New Orleans,4,2,NA,293562377,2009-12-22
277,2,6:43,403,403,P.J. Alawoya made Two Point Layup.  Assisted by Diego Kapelan.,58,44,14,11,0.9785367823925057,0.9785367823925057,McNeese,Southern-New Orleans,4,2,NA,293562377,2009-12-22
278,2,6:32,392,392,Jared Drake Turnover.,58,44,14,1,0.9796823631846625,0.9796823631846625,McNeese,Southern-New Orleans,4,2,NA,293562377,2009-12-22
279,2,6:31,391,391,P.J. Alawoya Steal.,58,44,14,1,0.9797837057594964,0.9797837057594964,McNeese,Southern-New Orleans,4,2,NA,293562377,2009-12-22
280,2,6:30,390,390,Diego Kapelan missed Two Point Jumper.,58,44,14,0,0.9798847098272325,0.9798847098272325,McNeese,Southern-New Orleans,4,2,NA,293562377,2009-12-22
281,2,6:30,390,390,P.J. Alawoya Offensive Rebound.,58,44,14,1,0.9798847098272325,0.9798847098272325,McNeese,Southern-New Orleans,4,2,NA,293562377,2009-12-22
282,2,6:29,389,389,Foul on Jared Drake,58,44,14,0,0.9799854030821882,0.9799854030821882,McNeese,Southern-New Orleans,4,2,NA,293562377,2009-12-22
283,2,6:29,389,389,P.J. Alawoya made Two Point Layup.,60,44,16,0,0.988421322634585,0.988421322634585,McNeese,Southern-New Orleans,4,2,NA,293562377,2009-12-22
284,2,6:29,389,389,P.J. Alawoya made Free Throw.,61,44,17,28,0.9912062185491785,0.9912062185491785,McNeese,Southern-New Orleans,4,2,NA,293562377,2009-12-22
285,2,6:01,361,361,Foul on P.J. Alawoya,61,44,17,0,0.9926855771077504,0.9926855771077504,McNeese,Southern-New Orleans,4,2,NA,293562377,2009-12-22
286,2,6:01,361,361,Ricardo Porter missed Three Point Jumper.,61,44,17,0,0.9926855771077504,0.9926855771077504,McNeese,Southern-New Orleans,4,2,NA,293562377,2009-12-22
287,2,6:01,361,361,Xavier Francis Offensive Rebound.,61,44,17,4,0.9926855771077504,0.9926855771077504,McNeese,Southern-New Orleans,4,2,NA,293562377,2009-12-22
288,2,5:57,357,357,Xavier Francis made Free Throw.,61,45,16,1,0.990524521220024,0.990524521220024,McNeese,Southern-New Orleans,4,2,NA,293562377,2009-12-22
289,2,5:56,356,356,Xavier Francis made Two Point Tip Shot.,61,47,14,4,0.9832844325728446,0.9832844325728446,McNeese,Southern-New Orleans,4,2,NA,293562377,2009-12-22
290,2,5:52,352,352,Foul on P.J. Alawoya,61,47,14,13,0.9836980071265778,0.9836980071265778,McNeese,Southern-New Orleans,4,2,NA,293562377,2009-12-22
291,2,5:39,339,339,Curry Collins made Three Point Jumper.,64,47,17,27,0.9938684554601388,0.9938684554601388,McNeese,Southern-New Orleans,4,2,NA,293562377,2009-12-22
292,2,5:12,312,312,Brent Leduff made Two Point Jumper.,64,49,15,15,0.9913470955366203,0.9913470955366203,McNeese,Southern-New Orleans,4,2,NA,293562377,2009-12-22
293,2,4:57,297,297,Elbryan Neal made Two Point Layup.  Assisted by Daniel Richard.,66,49,17,24,0.9959490442949532,0.9959490442949532,McNeese,Southern-New Orleans,4,2,NA,293562377,2009-12-22
294,2,4:33,273,273,Brent Leduff missed Three Point Jumper.,66,49,17,0,0.9958704367040201,0.9958704367040201,McNeese,Southern-New Orleans,4,2,NA,293562377,2009-12-22
295,2,4:33,273,273,Patrick Richard Defensive Rebound.,66,49,17,25,0.9958704367040201,0.9958704367040201,McNeese,Southern-New Orleans,4,2,NA,293562377,2009-12-22
296,2,4:08,248,248,Diego Kapelan made Three Point Jumper.  Assisted by Curry Collins.,69,49,20,1,0.9981885861259651,0.9981885861259651,McNeese,Southern-New Orleans,4,2,NA,293562377,2009-12-22
297,2,4:07,247,247,Foul on Lionel Green,69,49,20,0,0.9981809928927993,0.9981809928927993,McNeese,Southern-New Orleans,4,2,NA,293562377,2009-12-22
298,2,4:07,247,247,Foul on Elbryan Neal,69,49,20,17,0.9981809928927993,0.9981809928927993,McNeese,Southern-New Orleans,4,2,NA,293562377,2009-12-22
299,2,3:50,230,230,Xavier Francis missed Two Point Layup.,69,49,20,0,0.9981560962919178,0.9981560962919178,McNeese,Southern-New Orleans,4,2,NA,293562377,2009-12-22
300,2,3:50,230,230,Elbryan Neal Defensive Rebound.,69,49,20,17,0.9981560962919178,0.9981560962919178,McNeese,Southern-New Orleans,4,2,NA,293562377,2009-12-22
301,2,3:33,213,213,Daniel Richard missed Two Point Jumper.,69,49,20,0,0.998423803141498,0.998423803141498,McNeese,Southern-New Orleans,4,2,NA,293562377,2009-12-22
302,2,3:33,213,213,Daniel Richard Offensive Rebound.,69,49,20,2,0.998423803141498,0.998423803141498,McNeese,Southern-New Orleans,4,2,NA,293562377,2009-12-22
303,2,3:31,211,211,Daniel Richard missed Free Throw.,69,49,20,0,0.99847626032951,0.99847626032951,McNeese,Southern-New Orleans,4,2,NA,293562377,2009-12-22
304,2,3:31,211,211,Patrick Richard Offensive Rebound.,69,49,20,1,0.99847626032951,0.99847626032951,McNeese,Southern-New Orleans,4,2,NA,293562377,2009-12-22
305,2,3:30,210,210,Foul on Xavier Francis,69,49,20,0,0.9985039250423319,0.9985039250423319,McNeese,Southern-New Orleans,4,2,NA,293562377,2009-12-22
306,2,3:30,210,210,Official TV Timeout.,69,49,20,9,0.9985039250423319,0.9985039250423319,McNeese,Southern-New Orleans,4,2,NA,293562377,2009-12-22
307,2,3:21,201,201,Foul on Lionel Green,69,49,20,0,0.9987875327392542,0.9987875327392542,McNeese,Southern-New Orleans,4,2,NA,293562377,2009-12-22
308,2,3:21,201,201,Elbryan Neal made Free Throw.,70,49,21,0,0.9991329781405132,0.9991329781405132,McNeese,Southern-New Orleans,4,2,NA,293562377,2009-12-22
309,2,3:21,201,201,Elbryan Neal made Free Throw.,71,49,22,31,0.9993800633957245,0.9993800633957245,McNeese,Southern-New Orleans,4,2,NA,293562377,2009-12-22
310,2,2:50,170,170,Foul on Diego Kapelan,71,49,22,0,0.9998400180880186,0.9998400180880186,McNeese,Southern-New Orleans,4,2,NA,293562377,2009-12-22
311,2,2:50,170,170,Lionel Green made Free Throw.,71,50,21,0,0.9997620004873918,0.9997620004873918,McNeese,Southern-New Orleans,4,2,NA,293562377,2009-12-22
312,2,2:50,170,170,Lionel Green made Free Throw.,71,51,20,0,0.9996459498955707,0.9996459498955707,McNeese,Southern-New Orleans,4,2,NA,293562377,2009-12-22
313,2,2:50,170,170,Southern-New Orleans 30 Second Timeout.,71,51,20,0,0.9996459498955707,0.9996459498955707,McNeese,Southern-New Orleans,4,1,NA,293562377,2009-12-22
314,2,2:50,170,170,Foul on Ronald Palmer,71,51,20,0,0.9996459498955707,0.9996459498955707,McNeese,Southern-New Orleans,4,1,NA,293562377,2009-12-22
315,2,2:50,170,170,Diego Kapelan made Free Throw.,72,51,21,0,0.9997620004873918,0.9997620004873918,McNeese,Southern-New Orleans,4,1,NA,293562377,2009-12-22
316,2,2:50,170,170,Diego Kapelan made Free Throw.,73,51,22,18,0.9998400180880186,0.9998400180880186,McNeese,Southern-New Orleans,4,1,NA,293562377,2009-12-22
317,2,2:32,152,152,Brent Leduff made Two Point Layup.,73,53,20,15,0.9998465461630985,0.9998465461630985,McNeese,Southern-New Orleans,4,1,NA,293562377,2009-12-22
318,2,2:17,137,137,Patrick Richard missed Two Point Layup.,73,53,20,0,0.9999305200142392,0.9999305200142392,McNeese,Southern-New Orleans,4,1,NA,293562377,2009-12-22
319,2,2:17,137,137,Xavier Francis Defensive Rebound.,73,53,20,8,0.9999305200142392,0.9999305200142392,McNeese,Southern-New Orleans,4,1,NA,293562377,2009-12-22
320,2,2:09,129,129,Foul on Daniel Richard,73,53,20,0,0.9999566068686873,0.9999566068686873,McNeese,Southern-New Orleans,4,1,NA,293562377,2009-12-22
321,2,2:09,129,129,Xavier Francis missed Free Throw.,73,53,20,0,0.9999566068686873,0.9999566068686873,McNeese,Southern-New Orleans,4,1,NA,293562377,2009-12-22
322,2,2:09,129,129,null,73,53,20,0,0.9999566068686873,0.9999566068686873,McNeese,Southern-New Orleans,4,1,NA,293562377,2009-12-22
323,2,2:09,129,129,Xavier Francis missed Free Throw.,73,53,20,0,0.9999566068686873,0.9999566068686873,McNeese,Southern-New Orleans,4,1,NA,293562377,2009-12-22
324,2,2:09,129,129,Shedrick Usand-Burton Offensive Rebound.,73,53,20,18,0.9999566068686873,0.9999566068686873,McNeese,Southern-New Orleans,4,1,NA,293562377,2009-12-22
325,2,1:51,111,111,Shedrick Usand-Burton missed Two Point Jumper.,73,53,20,0,0.9999871072836553,0.9999871072836553,McNeese,Southern-New Orleans,4,1,NA,293562377,2009-12-22
326,2,1:51,111,111,Stephan Martin Defensive Rebound.,73,53,20,11,0.9999871072836553,0.9999871072836553,McNeese,Southern-New Orleans,4,1,NA,293562377,2009-12-22
327,2,1:40,100,100,Stephan Martin made Two Point Layup.  Assisted by Patrick Richard.,75,53,22,13,0.9999983880437326,0.9999983880437326,McNeese,Southern-New Orleans,4,1,NA,293562377,2009-12-22
328,2,1:27,87,87,Foul on Daniel Richard,75,53,22,0,0.9999995416794016,0.9999995416794016,McNeese,Southern-New Orleans,4,1,NA,293562377,2009-12-22
329,2,1:27,87,87,Lionel Green made Free Throw.,75,54,21,0,0.9999991101888479,0.9999991101888479,McNeese,Southern-New Orleans,4,1,NA,293562377,2009-12-22
330,2,1:27,87,87,Lionel Green made Free Throw.,75,55,20,51,0.9999982724678587,0.9999982724678587,McNeese,Southern-New Orleans,4,1,NA,293562377,2009-12-22
331,2,0:36,36,36,Brandon Regis made Two Point Layup.,77,55,22,22,0.9999999988108881,0.9999999988108881,McNeese,Southern-New Orleans,4,1,NA,293562377,2009-12-22
332,2,0:14,14,14,Devence Hampton made Two Point Layup.,77,57,20,6,0.9999999995500108,0.9999999995500108,McNeese,Southern-New Orleans,4,1,NA,293562377,2009-12-22
333,2,0:08,8,8,Foul on Shedrick Usand-Burton,77,57,20,0,0.9999999998059679,0.9999999998059679,McNeese,Southern-New Orleans,4,1,NA,293562377,2009-12-22
334,2,0:08,8,8,Atakan Yurttas missed Free Throw.,77,57,20,0,0.9999999998059679,0.9999999998059679,McNeese,Southern-New Orleans,4,1,NA,293562377,2009-12-22
335,2,0:08,8,8,null,77,57,20,0,0.9999999998059679,0.9999999998059679,McNeese,Southern-New Orleans,4,1,NA,293562377,2009-12-22
336,2,0:08,8,8,Atakan Yurttas missed Free Throw.,77,57,20,0,0.9999999998059679,0.9999999998059679,McNeese,Southern-New Orleans,4,1,NA,293562377,2009-12-22
337,2,0:08,8,8,Shedrick Usand-Burton Defensive Rebound.,77,57,20,8,0.9999999998059679,0.9999999998059679,McNeese,Southern-New Orleans,4,1,NA,293562377,2009-12-22
338,2,0:00,0,0,Devence Hampton made Two Point Layup.,77,59,18,0,1,1,McNeese,Southern-New Orleans,4,1,NA,293562377,2009-12-22
339,2,0:00,0,0,End of the 2nd Half.,77,59,18,0,1,1,McNeese,Southern-New Orleans,4,1,NA,293562377,2009-12-22
340,2,0:00,0,0,End Game,77,59,18,0,1,1,McNeese,Southern-New Orleans,4,1,NA,293562377,2009-12-22
